The num of Batches: 35
makespan: 7837
The jobs in each Batch 
Batch0:index:[131, 34, 29, 25, 16, 10, 9, 8, 4, 3, 2, 0] p:[5, 9, 10, 13, 11, 13, 9, 11, 32, 48, 13, 26] Processing Time: 200
Batch1:index:[206, 68, 54, 42, 33, 17, 14, 13, 12] p:[9, 10, 11, 10, 12, 46, 32, 31, 39] Processing Time: 200
Batch2:index:[88, 82, 72, 60, 36, 31, 30, 28, 27] p:[1, 11, 14, 15, 47, 33, 23, 35, 21] Processing Time: 200
Batch3:index:[215, 207, 203, 156, 150, 148, 113] p:[19, 15, 29, 40, 32, 26, 39] Processing Time: 200
Batch4:index:[243, 228, 197, 188, 181, 121, 90, 70, 37] p:[5, 18, 17, 7, 42, 20, 41, 25, 25] Processing Time: 200
Batch5:index:[236, 213, 193, 176, 91, 21] p:[23, 36, 42, 48, 23, 28] Processing Time: 200
Batch6:index:[19, 112, 132, 208] p:[50, 50, 50, 50] Processing Time: 200
Batch7:index:[241, 288, 290, 160, 63] p:[50, 50, 50, 49, 1] Processing Time: 200
Batch8:index:[179, 232, 267, 291, 64] p:[49, 49, 49, 49, 4] Processing Time: 200
Batch9:index:[20, 49, 56, 250, 196] p:[48, 48, 48, 48, 8] Processing Time: 200
Batch10:index:[79, 218, 164, 175, 7] p:[47, 47, 46, 46, 14] Processing Time: 200
Batch11:index:[223, 18, 167, 185, 11] p:[46, 45, 45, 45, 19] Processing Time: 200
Batch12:index:[210, 254, 259, 270, 55] p:[45, 45, 45, 45, 20] Processing Time: 200
Batch13:index:[173, 239, 272, 39, 45] p:[44, 44, 44, 43, 25] Processing Time: 200
Batch14:index:[190, 198, 229, 43, 77] p:[43, 43, 43, 42, 29] Processing Time: 200
Batch15:index:[84, 153, 155, 255, 52] p:[42, 42, 42, 42, 32] Processing Time: 200
Batch16:index:[83, 170, 226, 235, 50] p:[41, 41, 41, 41, 36] Processing Time: 200
Batch17:index:[247, 248, 281, 183, 294, 1] p:[41, 40, 40, 38, 38, 3] Processing Time: 200
Batch18:index:[22, 96, 122, 157, 57, 234] p:[37, 37, 37, 37, 36, 16] Processing Time: 200
Batch19:index:[127, 221, 61, 65, 80, 101] p:[36, 36, 35, 35, 35, 23] Processing Time: 200
Batch20:index:[151, 209, 269, 89, 114, 85] p:[35, 35, 35, 34, 34, 27] Processing Time: 200
Batch21:index:[129, 202, 5, 97, 165, 240] p:[34, 34, 33, 33, 33, 33] Processing Time: 200
Batch22:index:[275, 279, 186, 93, 73, 78, 15] p:[33, 33, 32, 31, 30, 30, 11] Processing Time: 200
Batch23:index:[109, 137, 171, 200, 260, 119, 71] p:[30, 30, 30, 30, 30, 29, 21] Processing Time: 200
Batch24:index:[144, 212, 256, 262, 271, 134, 138] p:[29, 29, 29, 29, 29, 28, 27] Processing Time: 200
Batch25:index:[180, 224, 225, 257, 265, 169, 187, 74] p:[28, 28, 28, 28, 28, 27, 27, 6] Processing Time: 200
Batch26:index:[230, 40, 81, 220, 283, 103, 107, 139] p:[27, 26, 26, 26, 26, 25, 25, 19] Processing Time: 200
Batch27:index:[126, 211, 274, 298, 141, 147, 174, 115, 32] p:[25, 25, 25, 25, 24, 24, 24, 23, 5] Processing Time: 200
Batch28:index:[143, 66, 142, 162, 168, 184, 123, 166, 237, 94] p:[23, 22, 22, 22, 22, 22, 21, 21, 21, 4] Processing Time: 200
Batch29:index:[280, 284, 62, 117, 124, 135, 158, 172, 177, 258, 222] p:[21, 21, 20, 20, 20, 20, 19, 19, 19, 19, 2] Processing Time: 200
Batch30:index:[264, 287, 23, 24, 41, 46, 58, 99, 102, 286, 6, 116] p:[19, 19, 18, 18, 18, 18, 18, 18, 18, 18, 17, 1] Processing Time: 200
Batch31:index:[26, 53, 67, 69, 86, 106, 118, 120, 128, 149, 163, 51] p:[17, 17, 17, 17, 17, 17, 17, 17, 17, 17, 17, 13] Processing Time: 200
Batch32:index:[199, 242, 245, 285, 273, 76, 95, 140, 178, 182, 192, 244, 92] p:[17, 17, 17, 17, 16, 15, 15, 15, 15, 15, 15, 15, 11] Processing Time: 200
Batch33:index:[276, 35, 44, 59, 98, 130, 159, 238, 253, 268, 111, 133, 136, 161, 75] p:[15, 14, 14, 14, 14, 14, 14, 14, 14, 14, 13, 13, 13, 13, 7] Processing Time: 200
Batch34:index:[189, 108, 145, 201, 204, 216, 289, 297, 38, 154, 214, 227, 251, 278, 47, 87, 100, 152, 233, 110] p:[12, 11, 11, 11, 11, 11, 11, 11, 10, 10, 10, 10, 10, 10, 9, 9, 9, 9, 9, 6] Processing Time: 200
The last Batch
index:[246, 261, 277, 293, 299, 104, 105, 125, 217, 263, 191, 194, 205, 231, 252, 295, 195, 219, 296, 48, 249, 282, 292, 146, 266] p:[9, 9, 8, 8, 8, 7, 7, 7, 7, 7, 6, 6, 6, 6, 6, 6, 5, 4, 4, 3, 2, 2, 2, 1, 1] Processing Time: 137
