5000
36
70
47
54
44
25
10
87
91
18
26
85
63
92
98
94
14
39
44
52
 7
12
23
56
71
87
60
19
52
64
27
77
38
95
36
32
59
59
 9
93
27
56
84
80
 8
36
10
95
19
47
99
82
17
 8
91
95
78
91
86
21
49
35
 7
25
49
48
65
13
12
44
55
66
50
55
77
12
32
78
16
35
44
90
60
53
33
88
90
87
 8
89
33
35
86
58
 7
74
77
86
45
33
62
77
31
21
93
99
32
64
56
31
59
60
20
56
49
72
14
56
91
87
64
46
92
62
34
 2
 4
66
75
22
11
67
67
63
98
57
33
30
 4
57
99
15
53
 6
22
85
11
79
13
20
39
38
98
79
75
40
56
40
47
25
44
27
16
22
81
16
87
60
94
44
65
44
75
59
83
86
75
80
11
48
84
99
50
64
12
71
20
37
20
56
60
60
31
34
41
38
53
61
99
93
49
 4
12
11
96
 3
 9
 6
50
 6
41
87
75
24
13
75
47
60
79
60
83
44
36
65
31
36
83
92
31
31
10
12
17
28
62
79
72
93
59
48
66
80
10
40
32
32
87
67
95
46
35
47
 5
10
41
19
84
84
67
94
57
69
63
52
62
94
54
 9
 9
90
35
83
86
86
50
85
95
70
 7
17
96
84
86
71
37
61
13
81
80
88
34
89
75
29
78
34
98
42
50
87
 7
59
10
68
22
62
16
32
 7
96
72
87
37
96
55
43
33
24
59
 2
52
20
49
58
21
71
46
62
84
68
35
42
68
78
30
38
34
11
84
29
 2
78
63
29
50
57
86
 2
39
26
64
10
84
 6
 2
11
29
66
27
29
26
28
11
31
87
33
13
19
25
86
53
56
14
89
25
69
15
 1
46
26
 2
11
78
21
 5
35
98
97
32
95
56
 6
74
38
 7
50
58
17
46
17
48
13
42
28
70
16
77
28
55
27
22
26
60
28
29
35
88
57
70
98
58
48
37
50
33
73
71
25
71
36
93
25
 3
64
92
95
 3
51
14
 4
48
88
23
48
55
35
11
36
57
78
73
33
31
24
49
10
47
71
74
20
14
 5
84
17
36
78
70
40
30
 1
95
81
12
 1
83
72
22
 3
94
93
82
66
78
50
75
31
41
 6
 9
22
10
31
68
46
26
57
38
52
59
82
75
76
57
31
15
36
53
10
90
 7
19
58
79
46
83
35
 9
88
33
54
61
82
91
91
16
92
95
88
51
41
66
72
57
 2
 9
 6
69
29
12
14
92
37
99
69
11
 4
 7
 9
46
22
19
47
89
62
56
65
35
86
38
41
60
60
22
98
86
 9
28
46
37
71
53
64
53
89
18
49
86
84
88
25
 3
68
64
68
29
36
61
53
98
79
78
29
99
84
78
82
77
38
63
70
25
16
98
79
95
70
32
 1
65
92
92
70
86
74
 4
80
60
35
88
89
81
33
 5
49
49
48
 7
78
37
42
41
88
88
72
88
12
40
94
69
17
49
90
 2
70
 4
95
48
33
13
49
38
44
47
16
83
86
37
44
 4
77
69
78
54
89
28
15
85
46
 3
87
30
72
89
 3
21
80
58
96
77
59
59
31
35
20
65
10
50
 6
36
24
83
 3
78
19
68
52
93
68
75
 4
95
83
86
25
83
11
79
93
51
52
44
77
23
87
25
54
93
 2
14
59
67
 2
87
15
60
41
24
33
79
27
64
38
31
28
81
19
76
57
26
34
78
44
72
88
71
89
74
18
94
91
52
82
99
47
76
 6
13
33
29
77
27
36
79
40
17
71
32
83
59
42
32
63
35
68
57
79
22
65
75
21
22
86
18
94
47
93
31
 4
27
93
68
14
26
 7
74
33
55
78
25
28
68
27
92
75
11
24
67
22
35
 3
38
99
28
 4
34
 3
70
28
57
69
92
29
93
57
12
 4
19
74
48
19
20
51
90
31
22
99
93
24
45
70
22
48
94
33
64
70
96
94
80
 3
80
99
95
55
30
 3
68
56
 8
56
94
76
48
34
57
34
56
 1
70
89
98
65
36
10
 1
27
75
20
72
41
31
26
48
26
20
98
77
33
23
49
57
 7
87
39
13
41
47
74
56
74
20
51
15
30
81
52
35
30
 4
 2
 2
 3
24
63
31
12
45
95
 7
15
54
28
 6
86
20
 8
88
23
86
50
 3
54
21
49
45
71
10
 2
93
16
91
67
93
20
10
47
21
57
48
87
54
97
84
99
13
89
78
92
25
14
48
18
96
 7
49
32
21
85
16
42
 1
99
75
82
32
19
82
61
33
97
 2
32
38
17
83
27
59
47
52
11
36
31
50
96
64
32
77
58
40
47
43
18
95
28
88
19
71
11
86
53
99
98
77
89
42
91
68
34
51
23
20
92
17
78
59
60
52
66
73
95
73
19
84
34
45
82
63
60
39
92
10
29
81
64
43
32
22
27
 5
 4
11
16
62
73
28
44
88
45
29
78
 6
22
63
44
74
50
33
78
25
99
33
40
91
53
56
31
62
45
 8
 9
 2
79
87
59
55
 2
 4
96
99
46
84
73
33
25
28
57
98
91
71
67
98
36
24
20
14
51
26
69
95
17
 1
12
18
64
50
20
71
32
50
95
96
18
30
88
18
98
49
70
88
39
87
31
 6
83
53
79
 8
 7
14
86
 2
50
74
90
57
16
89
99
80
32
47
80
36
73
 1
97
16
49
89
81
22
32
35
91
65
60
36
51
48
62
64
22
36
54
70
87
71
57
18
35
51
75
44
75
17
86
52
 8
81
91
79
76
22
73
86
 1
91
96
57
53
61
21
43
48
50
48
 8
28
58
68
72
94
44
46
62
89
86
88
63
60
64
50
19
22
63
21
38
45
97
32
77
84
18
46
40
76
93
61
74
22
63
89
 8
86
21
38
95
16
41
71
33
31
10
59
82
69
61
94
 8
48
90
14
23
33
35
57
67
49
11
31
30
64
79
17
 4
47
38
56
11
34
19
87
80
30
63
59
19
56
85
73
35
67
77
 1
96
66
78
37
55
43
44
 7
 7
33
44
11
59
51
52
10
44
 5
11
47
54
 4
67
 7
44
 3
45
93
81
90
62
59
73
41
60
24
59
71
32
45
 9
89
44
89
98
 8
12
24
 6
75
52
19
15
29
57
58
48
15
99
53
30
45
40
66
96
96
36
19
56
79
14
11
13
85
12
27
63
57
65
27
76
76
23
32
51
21
68
88
93
82
56
10
86
89
12
 8
84
54
15
79
42
47
20
81
64
48
27
61
22
76
58
62
11
23
52
76
73
27
33
76
15
77
67
79
75
19
69
79
27
22
46
25
38
91
80
41
85
97
16
88
63
78
32
77
31
17
16
99
11
28
78
13
15
60
34
35
49
61
 1
85
83
92
30
34
86
61
24
84
66
31
52
64
92
 7
26
33
37
40
38
10
17
41
31
96
72
73
 2
13
76
77
95
39
87
43
13
42
50
39
72
16
70
36
55
99
46
43
73
96
97
62
85
71
66
19
13
35
38
43
63
 8
50
67
36
65
44
32
86
46
16
43
47
49
33
80
93
72
76
99
 9
49
51
37
76
14
56
46
42
47
31
81
62
72
85
59
 5
95
29
 5
91
 3
90
27
66
 4
60
18
79
14
57
26
60
74
12
98
73
19
 4
41
34
61
46
83
82
20
19
22
77
73
92
93
13
26
 3
77
42
16
34
87
75
17
87
 5
54
72
64
71
86
35
50
58
 4
13
46
32
60
23
 8
53
29
48
53
 9
86
90
 5
16
87
25
 2
10
86
33
85
55
13
48
63
61
71
64
58
86
58
48
68
88
77
11
32
90
31
82
 5
51
92
32
69
96
10
81
88
94
70
73
93
26
57
16
39
57
34
70
10
49
 7
22
24
 4
60
77
94
98
52
47
11
 2
56
42
91
12
15
45
88
30
27
10
74
 5
 3
 2
89
35
24
77
13
 3
50
99
91
11
83
72
20
84
57
20
 7
28
53
72
88
83
 4
86
67
94
 5
71
12
13
63
41
88
54
39
67
94
39
90
56
22
27
70
 5
52
84
 8
91
99
81
 3
39
98
72
76
84
63
45
97
48
12
 5
50
76
79
57
23
82
 4
83
24
74
42
55
87
44
61
70
63
59
71
97
75
 9
82
69
26
27
87
28
50
88
 6
67
69
60
76
73
67
23
14
97
45
46
47
81
53
19
33
49
79
33
74
96
83
16
23
 5
47
13
22
70
50
99
42
27
26
57
69
13
11
49
17
75
44
75
 6
75
27
16
82
60
 8
26
28
83
89
48
24
38
28
46
21
87
33
52
94
40
21
36
16
73
39
82
28
46
 9
75
56
94
20
84
41
81
99
68
31
46
 3
57
11
67
55
45
 8
75
81
68
54
 1
52
81
48
38
81
 1
85
72
26
62
12
78
87
29
64
20
99
94
51
58
76
51
35
22
12
37
83
16
25
39
42
35
15
80
70
68
20
43
48
53
73
70
57
49
33
17
30
19
52
50
24
76
15
97
62
68
77
53
17
75
41
 8
91
 3
98
36
55
18
76
 8
96
20
32
40
45
16
 7
74
37
60
97
89
64
45
65
25
87
 3
30
42
48
 5
52
80
65
 1
94
57
51
18
28
51
33
39
78
17
 4
72
 5
83
 4
54
71
77
52
88
26
21
24
63
42
54
91
37
29
20
43
57
86
61
77
88
89
92
82
13
80
62
34
93
69
90
75
47
 9
85
45
18
39
31
 5
15
84
56
33
94
88
51
31
39
57
76
24
31
31
 5
92
75
11
44
 6
44
93
98
16
22
39
98
67
29
92
62
91
61
25
18
27
79
92
57
51
43
86
41
52
35
63
26
31
96
34
38
62
65
14
70
11
93
91
 9
18
99
26
77
60
39
28
22
 6
79
55
80
54
 2
50
 2
98
71
47
49
86
80
13
32
19
92
14
27
69
13
90
16
67
94
19
 4
14
21
53
60
67
67
33
24
 7
83
21
15
70
94
89
30
74
66
 7
22
61
38
26
52
22
65
57
31
59
62
 5
25
74
11
60
34
87
99
30
46
 3
90
67
45
42
47
45
81
26
25
72
13
49
99
27
85
19
67
 9
76
 6
36
60
81
87
47
 5
53
 8
19
96
71
52
58
58
68
65
52
12
77
98
66
64
20
14
62
42
27
36
73
60
79
94
31
 9
78
21
 8
37
36
47
49
33
77
91
56
55
69
64
20
41
49
70
30
31
67
55
93
43
38
68
71
25
82
82
50
21
79
62
 1
 8
13
91
 1
84
 3
76
90
21
40
30
43
24
88
41
92
22
88
50
46
49
36
32
84
11
30
99
79
16
 2
22
67
59
21
 4
68
42
50
86
 2
10
85
30
99
 3
47
30
64
77
28
43
55
25
 1
70
66
24
81
47
86
58
30
33
86
37
 9
14
30
45
72
23
59
79
17
 1
52
66
35
82
90
42
35
53
41
82
69
41
10
67
 5
99
28
58
 3
50
69
77
32
27
49
79
92
 7
75
78
57
51
48
50
23
64
49
51
72
69
12
82
39
29
39
40
76
 1
42
75
19
48
63
21
58
19
73
77
83
80
90
54
36
64
19
33
39
60
54
40
13
53
55
30
66
39
15
39
79
69
52
16
39
27
49
96
63
36
35
19
82
15
81
54
96
91
77
47
73
81
53
41
35
41
44
77
68
98
30
55
13
93
65
30
80
 6
40
35
32
99
49
31
86
93
59
19
85
60
25
68
72
59
30
82
30
36
39
27
20
55
13
81
80
36
74
18
21
26
85
65
58
 1
16
84
49
29
69
84
64
65
45
17
45
45
98
88
94
14
82
24
54
81
27
 4
94
28
56
25
98
51
71
10
46
 3
23
 4
86
50
92
90
 2
75
 8
62
57
14
11
82
41
28
98
62
66
70
68
 7
79
73
69
45
 9
69
14
88
11
39
36
51
70
14
42
65
74
33
64
22
36
62
54
82
83
96
 4
80
12
34
68
69
69
51
60
16
 7
84
67
20
72
19
11
45
35
93
66
42
71
49
53
59
64
10
45
 4
53
16
89
68
 2
10
95
70
 4
 9
58
27
 9
30
17
18
63
23
86
43
72
86
49
43
89
10
95
83
90
95
39
62
83
46
40
59
 7
57
45
84
38
67
77
10
89
53
84
93
25
96
81
53
36
14
 8
93
34
69
96
51
17
80
26
63
22
27
17
36
61
54
56
81
29
18
15
46
83
29
26
54
10
67
 7
32
36
15
93
13
21
57
48
66
 6
52
25
17
24
67
69
24
55
 5
95
33
48
25
55
60
82
52
31
 6
76
29
52
79
42
53
93
17
75
73
25
81
83
14
97
24
54
47
32
98
37
33
66
 1
76
24
63
30
39
40
24
51
94
46
93
45
85
13
26
20
31
90
83
91
30
92
33
86
86
19
22
83
20
83
 7
48
 3
25
92
74
68
31
63
87
44
58
89
22
56
 2
48
32
32
50
71
43
88
41
56
 2
 5
 6
41
46
71
24
88
33
24
 5
75
60
37
85
43
11
12
76
85
53
 2
48
48
62
32
70
14
25
59
30
30
61
 2
 6
77
 1
20
44
19
13
48
17
36
 5
80
85
89
13
95
81
10
29
31
 1
50
11
92
37
24
77
 3
50
48
59
81
86
99
11
53
56
38
40
94
85
76
68
85
37
67
83
 3
29
75
82
11
35
12
82
86
12
98
84
39
20
39
81
52
86
64
85
19
91
21
61
88
 5
85
58
 5
65
69
10
51
42
80
99
69
43
25
73
94
24
18
78
47
74
66
14
38
19
11
81
23
 8
77
27
64
41
38
32
45
18
28
73
63
21
 6
 8
92
41
16
79
 7
76
48
39
67
74
29
35
68
67
63
 3
31
78
50
77
69
35
90
90
73
66
 8
55
75
34
18
83
25
68
47
91
24
45
38
90
95
99
58
27
81
87
29
95
70
 7
20
54
57
97
83
83
22
 1
 9
32
35
22
67
50
71
82
15
97
55
78
23
 5
89
53
20
64
30
 5
 3
59
25
11
98
93
91
11
45
 7
73
36
63
76
92
 1
89
78
98
68
47
85
20
92
21
 3
68
60
16
16
69
21
59
39
37
33
32
29
48
31
86
 3
77
 8
41
60
12
54
 4
85
30
26
 8
34
44
79
35
50
 5
66
81
55
68
 6
63
21
13
39
 2
93
 8
82
 2
61
37
72
44
52
67
39
14
35
47
82
97
25
67
 3
53
60
36
42
87
45
 6
 4
56
46
13
16
25
12
62
66
70
19
20
11
 9
14
39
83
 6
38
93
86
48
33
36
94
44
92
57
74
35
49
67
29
73
97
61
70
50
10
14
50
56
59
49
23
 7
 7
20
90
55
51
70
 6
26
33
 6
63
67
56
22
78
65
28
48
66
25
 6
39
33
64
 9
75
78
 8
14
10
32
43
89
 9
32
17
81
40
31
36
92
42
85
62
 2
44
86
50
37
54
77
12
50
85
55
83
27
63
64
58
58
44
84
59
19
18
51
32
77
22
76
10
79
21
13
53
31
97
55
97
30
 2
92
18
54
 5
13
62
79
10
93
24
17
54
46
28
44
65
67
27
38
97
75
22
56
26
65
49
92
14
62
46
56
13
12
11
90
53
99
88
77
52
25
 5
60
 5
 5
60
16
79
65
11
11
 5
86
74
84
51
40
44
80
84
 8
76
64
22
11
42
77
51
35
85
32
42
87
88
 8
15
73
95
77
99
 8
79
85
43
86
 9
22
98
98
16
35
60
13
95
98
71
36
48
80
76
57
 7
46
33
83
45
23
66
82
16
74
74
27
10
 1
72
77
97
21
83
81
27
45
53
20
48
98
15
 6
49
12
68
27
45
24
96
86
28
18
98
86
29
44
58
25
65
44
 8
79
47
34
24
96
23
45
32
96
16
 3
15
 9
52
31
23
30
24
65
 5
42
77
51
13
62
83
22
21
80
93
48
26
40
 3
 9
54
27
35
18
27
28
 9
44
39
 7
47
45
97
69
 6
65
47
66
15
27
67
 9
60
43
35
38
28
90
66
22
39
88
14
23
80
91
25
25
78
57
69
36
 6
 6
 7
73
81
18
18
48
48
98
79
45
72
35
87
20
81
99
22
15
68
18
52
13
57
42
76
18
 3
68
97
99
86
12
28
89
81
14
21
50
70
65
26
12
70
28
71
16
58
48
48
29
36
33
29
91
50
92
86
57
 3
 4
21
74
35
13
94
90
67
39
70
 4
57
72
47
75
39
42
92
89
41
55
59
94
21
70
14
28
28
12
23
21
26
84
48
13
75
 1
 1
66
36
77
90
16
70
13
38
20
95
 1
61
76
98
89
30
66
38
62
84
64
44
16
13
 4
58
30
97
32
21
16
 1
34
21
10
14
60
53
28
54
52
91
20
 4
83
85
64
93
21
35
37
27
12
34
67
40
25
21
57
97
29
65
46
 6
29
84
15
82
87
36
 2
10
 3
15
13
50
91
40
40
41
52
96
21
40
55
20
77
51
25
67
76
81
65
92
27
90
 9
29
66
47
17
33
69
82
22
87
93
42
48
85
26
26
82
40
38
29
50
 8
 3
48
64
85
 1
98
78
63
36
84
55
88
35
70
42
43
10
 3
84
64
68
30
77
27
73
59
51
15
 7
 9
27
89
48
97
28
99
34
 4
79
29
 5
80
69
33
90
21
26
47
51
66
84
34
42
73
75
56
87
11
22
10
45
 7
83
39
62
19
23
64
80
60
47
22
 7
27
74
63
95
78
 5
12
68
24
38
23
18
44
 7
50
15
12
80
43
66
54
91
15
43
97
76
73
41
44
34
61
64
35
18
19
15
33
85
90
80
90
84
89
93
18
10
66
51
50
31
71
79
96
97
61
36
74
38
52
12
38
63
47
45
73
65
73
 6
83
49
18
57
34
84
26
63
85
96
50
37
76
 5
82
92
87
15
 6
31
50
78
60
86
36
33
67
65
70
 9
30
24
36
48
14
13
88
21
61
23
44
48
30
62
97
50
 1
10
87
31
60
67
85
92
92
58
38
11
91
86
15
56
31
22
10
 5
83
 8
41
96
55
59
 1
18
20
62
81
41
85
33
70
 8
22
30
 1
94
78
12
57
35
77
19
52
44
51
51
28
14
15
51
44
40
 6
59
69
32
17
22
56
71
26
59
16
72
72
50
75
23
82
33
16
19
62
18
89
27
 1
55
30
44
81
99
 6
98
44
 5
79
88
 3
69
 6
56
50
83
16
33
76
 7
47
34
 2
 6
42
47
71
87
94
81
23
78
59
33
40
53
94
41
33
77
64
57
42
79
77
34
22
97
70
61
84
26
14
12
67
 5
77
73
12
76
90
 5
96
62
70
92
35
62
35
60
74
54
67
77
88
77
75
66
32
90
87
 5
29
80
34
57
47
 7
69
24
77
81
63
20
34
41
29
 7
91
22
19
70
98
 7
45
66
73
33
65
32
15
47
86
83
30
88
24
96
42
84
78
 2
45
48
58
69
82
52
 7
28
19
77
90
 6
76
 8
59
 8
20
63
70
36
31
49
94
86
88
18
59
75
85
 7
70
75
76
64
75
16
24
22
87
85
14
15
56
25
11
24
81
56
29
32
73
 5
81
77
51
77
95
80
77
60
49
39
26
89
17
69
80
48
72
82
63
75
55
74
79
 7
38
18
95
43
89
50
17
84
97
 7
 2
90
20
37
71
45
38
44
29
57
97
47
94
74
79
55
35
68
 7
36
88
53
28
55
92
69
74
75
 3
44
48
 9
 5
32
18
94
94
40
87
82
75
65
32
27
99
22
30
62
14
 9
18
33
63
86
86
88
72
 8
40
12
94
75
34
57
22
80
29
 7
63
80
72
 9
72
74
19
89
37
45
41
22
21
 9
19
41
49
52
56
77
46
 1
27
12
 9
90
90
15
31
83
81
73
48
20
99
77
34
14
43
57
 7
18
68
49
84
55
28
84
48
17
 9
71
32
67
61
72
28
26
91
47
15
67
79
43
83
38
12
39
83
85
72
 5
67
35
97
58
44
 5
47
36
24
70
53
20
60
94
53
41
92
36
38
14
69
23
22
 9
60
33
82
41
55
65
57
48
40
16
52
54
50
89
62
10
95
21
35
67
68
44
97
 8
99
 1
70
71
95
18
83
14
30
29
24
28
92
97
35
53
 3
96
87
45
56
 9
41
73
46
 3
28
57
 5
46
71
11
 8
22
63
77
 7
87
26
45
 2
67
79
38
49
 2
27
33
91
43
95
33
34
38
41
38
13
69
48
29
26
 5
38
39
34
18
23
79
24
42
97
39
47
14
30
12
82
66
38
48
 6
35
 1
17
56
20
98
61
99
98
38
19
97
97
46
23
56
38
93
26
80
63
29
75
93
56
87
81
67
54
58
 2
 2
77
62
94
11
74
39
49
62
87
80
59
95
71
28
41
11
44
51
63
14
 4
35
84
32
 3
99
81
82
99
61
49
94
 1
75
58
93
89
67
53
20
55
89
80
 7
45
97
23
92
27
 7
32
76
90
17
40
10
83
49
37
18
 8
 4
88
60
52
65
97
 8
27
78
74
49
45
16
10
24
12
56
40
56
94
 6
70
28
18
57
68
33
54
54
75
74
53
31
68
33
 1
98
 1
67
19
47
56
89
21
42
70
51
33
90
12
19
79
28
14
35
56
25
35
69
86
63
20
58
89
70
81
 9
41
70
50
97
69
34
93
35
66
86
82
 4
45
68
 7
51
36
87
96
76
45
73
57
46
79
61
85
88
36
31
68
38
87
12
29
30
57
84
24
43
90
 2
63
99
54
42
38
87
37
34
45
41
98
39
99
47
49
70
92
92
85
10
16
36
75
89
12
 6
28
28
36
29
23
74
29
76
41
52
67
20
82
49
88
24
99
44
71
17
37
44
50
 8
 3
88
59
73
63
 3
75
78
 6
77
62
67
14
26
89
71
55
21
 2
 3
90
50
47
32
 6
95
29
61
 7
69
70
78
25
30
78
82
34
86
89
 8
79
33
84
90
38
12
52
38
19
53
95
44
 3
90
41
80
45
81
77
43
39
70
59
60
60
82
 3
55
85
11
24
64
15
75
28
92
88
24
24
34
28
42
50
16
81
55
86
95
17
78
66
84
43
 4
20
20
91
81
 7
41
43
77
42
27
46
72
67
26
82
83
 5
31
48
63
14
48
12
64
99
11
93
46
92
70
44
61
53
30
67
44
12
50
54
25
 8
85
84
77
24
 5
59
51
94
 7
18
73
83
31
 1
73
88
69
19
26
 2
41
94
68
55
74
15
71
86
49
84
24
78
40
 7
22
65
98
81
20
87
49
48
21
98
13
76
71
61
26
 8
47
84
96
62
86
20
45
29
52
46
71
25
81
10
94
66
29
 6
39
27
18
78
57
20
32
50
 2
89
80
22
40
49
23
80
99
44
10
39
46
78
54
54
 1
85
40
57
69
85
 2
 8
15
 4
 5
55
36
88
22
72
64
13
62
72
87
 2
47
73
68
54
67
99
89
 3
35
19
84
99
73
65
89
61
30
80
77
38
78
 4
 4
77
85
49
29
40
 6
 9
46
97
 4
93
83
30
22
86
94
13
34
95
32
24
90
84
91
58
86
76
35
75
70
 7
85
87
 6
10
81
86
40
27
 9
39
57
24
81
29
72
82
92
95
74
