5000
23
39
55
72
11
17
 6
58
91
17
 6
68
74
 2
56
15
39
17
96
76
93
73
64
73
28
93
48
47
59
42
62
59
37
29
51
30
 2
82
30
35
81
89
73
 3
 2
 6
63
93
12
20
86
40
84
81
33
 2
 4
80
53
23
99
84
26
69
33
16
17
79
96
88
66
65
39
69
74
62
75
95
43
65
78
21
36
72
37
94
 8
42
60
76
74
14
12
71
68
84
72
91
59
83
85
44
68
61
 2
26
80
 7
95
43
55
27
25
39
59
 4
39
27
28
50
 6
30
45
92
46
31
87
92
65
 5
 4
38
53
64
64
21
51
85
85
29
60
30
29
58
83
55
91
96
75
97
 4
64
97
48
20
70
47
99
50
69
66
64
96
75
83
74
49
28
17
33
 6
55
65
47
70
25
33
 7
94
48
28
38
21
10
37
95
76
90
58
21
93
70
76
39
11
57
59
11
93
46
76
17
79
45
99
92
52
77
97
92
49
92
74
87
34
94
77
97
14
32
22
50
32
38
45
56
36
84
52
17
39
26
50
41
66
96
55
78
22
49
52
69
55
93
89
95
71
11
12
40
52
 6
72
52
45
 1
70
 4
87
93
40
48
99
 5
13
69
48
37
16
22
99
59
14
53
41
55
48
21
31
37
85
66
35
60
44
99
90
65
93
27
98
48
91
66
58
98
77
26
29
32
63
50
74
10
51
23
50
12
17
31
85
32
88
79
26
77
68
76
92
31
 4
32
30
54
74
43
73
14
10
93
33
79
77
 3
 9
89
75
12
53
32
61
 3
77
45
59
44
11
71
73
72
50
73
38
83
59
45
53
63
76
38
21
16
 9
14
36
25
40
69
47
15
40
21
45
24
21
 4
80
80
99
93
82
90
35
59
80
 8
86
96
88
16
64
42
67
93
25
 2
 9
73
70
 4
74
87
22
16
29
90
 3
24
85
71
22
28
18
42
88
35
61
87
38
11
40
 4
12
83
54
88
72
44
67
15
81
36
10
41
33
90
68
 7
83
 5
50
58
30
93
96
47
24
34
57
66
56
29
62
35
63
 5
33
22
64
78
76
23
20
88
53
51
30
52
16
88
90
29
99
40
96
45
36
36
30
73
92
47
 8
26
 5
30
34
31
 4
73
36
73
 3
81
12
70
54
50
90
42
23
60
29
65
 6
77
18
67
45
46
61
54
39
91
82
 9
18
17
15
71
 8
82
43
36
 5
85
47
78
 5
28
15
36
35
55
72
64
88
88
13
83
36
26
50
63
12
22
90
23
48
36
63
20
40
47
65
 3
40
39
94
86
49
36
24
45
98
16
66
63
12
52
20
52
12
35
95
68
79
18
66
45
36
34
14
55
40
27
 4
50
63
51
90
59
73
86
59
14
53
95
30
83
89
 8
99
61
75
38
74
26
50
21
61
86
23
66
69
42
90
37
78
84
25
47
42
42
14
47
89
21
37
54
53
29
79
50
37
38
28
15
28
73
85
30
54
93
44
99
 5
27
27
58
35
48
72
55
35
67
51
49
99
80
85
63
95
90
88
38
36
39
64
49
77
36
88
 3
41
47
32
13
70
41
29
24
39
19
52
19
20
49
14
80
99
38
27
 6
92
43
68
85
24
62
78
35
10
19
12
59
42
62
18
87
82
 1
20
29
80
 7
 5
87
22
88
78
88
19
79
92
68
50
43
22
71
50
34
59
79
87
16
55
77
 1
88
26
20
34
 8
76
31
65
57
68
19
39
68
68
80
14
18
 9
52
45
34
92
26
84
15
95
96
42
 3
64
92
79
10
83
13
90
45
17
44
29
52
79
82
38
57
51
25
55
 6
93
65
25
42
75
46
21
 6
70
 8
77
39
32
 3
64
43
 9
80
84
83
10
41
23
 3
69
57
61
10
44
46
42
30
69
25
15
80
12
83
72
36
64
48
73
72
97
63
63
42
20
46
23
77
67
55
23
59
67
29
22
61
11
32
90
 8
50
59
 5
44
87
53
77
71
55
58
75
29
48
89
 5
93
32
39
86
63
51
78
27
 5
 2
95
 3
35
60
25
43
94
51
 5
60
13
38
26
92
12
18
89
 6
26
17
56
40
18
54
 4
25
63
69
64
54
56
91
63
60
35
50
29
62
77
80
 8
19
53
44
34
97
92
22
 4
56
59
85
96
43
71
96
89
61
85
75
24
45
65
59
48
24
53
83
10
30
80
43
22
88
12
33
68
95
83
38
70
89
13
78
 5
 8
45
63
56
89
21
72
27
63
18
21
73
93
64
12
89
53
60
44
15
49
24
80
78
11
86
30
71
43
53
71
33
53
61
56
74
78
44
 7
 3
93
36
89
75
41
27
33
50
59
10
84
59
54
 5
 8
74
88
38
60
92
25
31
86
92
15
80
73
22
63
16
76
43
41
72
76
97
 9
85
89
34
98
52
60
38
28
60
83
26
96
13
86
33
14
81
89
57
56
94
12
86
56
81
20
94
37
18
88
91
13
66
73
42
43
50
65
45
66
72
24
61
23
16
66
 3
62
27
96
55
58
32
63
68
39
67
29
67
30
95
30
22
42
83
24
35
84
98
91
82
38
16
91
69
81
87
51
17
94
71
69
78
26
54
16
72
64
86
38
27
92
62
 2
58
56
33
27
32
40
26
26
63
82
45
94
95
 4
 6
90
 3
 4
 2
14
76
84
57
58
15
60
39
30
 3
20
12
 2
83
85
94
11
14
46
94
52
 6
11
97
89
47
46
75
31
95
58
92
88
57
83
71
72
23
23
 6
34
78
28
71
25
87
32
36
56
17
61
 3
54
43
 7
98
79
89
84
44
16
42
98
 3
94
89
91
63
38
30
23
51
29
 2
53
99
63
70
73
 5
90
42
68
83
 8
14
26
58
14
49
19
89
85
95
34
71
80
 2
 2
32
30
81
 1
28
35
76
56
95
 4
41
55
37
84
44
66
 3
89
66
97
67
90
11
68
23
76
21
48
27
42
80
28
 9
26
31
71
70
23
65
19
85
35
20
95
49
57
41
83
62
73
60
18
 4
51
18
76
93
22
90
94
78
24
71
 4
65
93
43
17
96
11
96
46
36
35
33
86
46
75
10
65
97
25
64
61
27
88
74
 9
79
55
87
 1
23
14
81
89
 2
 3
89
97
11
62
50
61
45
86
19
90
14
52
83
79
76
12
54
68
86
39
42
50
99
99
 5
67
39
49
75
62
55
15
51
42
 2
88
71
12
46
64
24
41
25
47
59
17
 4
95
18
55
 9
86
45
10
 4
84
43
60
90
14
77
24
98
93
20
50
42
47
58
68
 5
41
 5
45
34
69
90
90
20
39
49
 8
12
63
64
18
75
28
14
26
25
37
72
98
36
95
97
93
88
41
74
22
24
86
26
80
83
70
91
33
93
94
56
86
92
46
40
26
33
49
37
76
75
96
 4
29
 7
75
94
19
81
25
40
85
40
68
65
98
96
51
34
 2
37
20
52
19
35
59
72
 8
31
63
42
96
60
18
72
85
86
87
28
41
47
94
36
91
24
49
 4
19
83
60
51
73
88
61
63
10
 7
76
22
60
57
81
69
47
78
69
41
53
84
78
29
50
94
95
 1
98
79
89
36
38
36
91
35
47
24
68
22
33
60
15
 8
98
33
14
65
56
17
70
34
45
43
93
36
 6
19
20
34
86
45
47
66
20
34
85
36
46
55
83
69
34
31
41
 9
66
16
66
89
26
46
86
28
93
40
76
94
39
97
 7
92
54
96
75
 7
 2
40
31
65
13
27
49
59
32
42
67
61
21
93
40
 7
30
20
27
66
51
85
64
63
55
96
42
95
24
41
26
78
94
98
63
92
13
17
 3
53
17
95
52
64
47
95
36
96
14
77
52
47
95
29
96
 9
29
60
58
19
39
21
47
13
79
41
64
48
33
39
77
24
49
83
 2
74
51
78
49
43
93
41
67
29
26
49
 5
 5
10
22
36
98
68
13
82
51
 8
84
62
19
82
42
 7
49
62
79
68
 6
58
37
73
42
58
21
23
31
59
61
18
38
15
97
99
32
97
26
74
43
 6
28
33
53
92
 7
18
21
64
41
54
34
18
99
99
97
70
 6
20
31
40
15
64
 4
37
87
24
72
38
10
61
48
71
55
98
59
16
50
36
37
30
12
 5
96
 3
29
14
25
62
72
 4
66
31
93
67
 5
40
76
29
35
19
40
80
34
71
35
30
 3
27
25
84
 7
 9
19
13
84
 3
22
99
46
39
84
67
32
18
15
46
53
59
35
82
93
97
34
61
79
49
21
43
11
22
14
81
47
25
72
20
53
33
 9
38
94
75
83
51
84
 9
33
21
73
99
16
97
81
46
38
34
72
15
47
98
68
21
38
42
86
68
70
14
14
30
58
 8
13
23
 2
40
40
31
33
 4
97
42
56
34
89
64
37
24
10
54
40
10
22
63
51
81
61
 4
91
27
40
53
67
82
52
99
51
68
71
38
38
 7
66
38
80
 1
72
69
48
56
97
23
 3
33
72
10
41
 7
17
70
 1
43
63
82
73
33
72
98
32
16
15
 3
 2
37
30
 9
93
53
40
 3
22
49
51
50
27
69
86
47
32
25
10
75
47
87
73
18
43
29
45
84
23
12
62
19
15
 1
49
48
87
90
63
29
45
20
94
34
85
72
86
78
81
40
 5
98
64
37
23
86
80
33
50
91
95
27
66
 5
 3
99
93
26
38
62
71
31
38
80
63
48
40
38
54
33
78
52
74
94
69
13
20
31
24
10
76
30
98
85
39
97
23
31
42
77
 6
65
55
18
56
43
 2
36
32
12
32
60
51
59
 5
85
66
81
34
22
45
17
21
77
68
53
52
58
68
92
82
14
33
38
63
16
87
15
61
14
90
84
20
33
59
54
86
68
38
63
92
46
49
10
92
87
25
46
37
71
68
75
13
17
50
72
 2
75
56
98
 7
67
27
93
79
43
97
28
24
13
59
16
85
17
79
42
 9
82
72
25
83
39
84
68
39
41
69
 4
41
70
22
96
 7
58
38
25
31
 6
94
69
27
56
83
51
58
66
 9
62
95
57
99
98
41
87
11
59
80
13
88
13
 7
95
74
 8
45
16
 7
11
52
59
14
61
17
11
50
24
19
50
47
18
88
80
81
23
17
67
79
30
59
28
89
31
84
64
41
24
11
45
96
29
83
62
55
87
26
61
82
38
33
45
39
50
34
89
72
98
83
45
55
60
14
58
39
35
22
16
83
39
 6
20
58
 6
22
94
48
24
91
62
91
43
25
50
63
 1
86
97
18
76
64
15
38
29
85
44
86
47
22
11
98
41
38
87
24
14
25
62
60
47
64
42
68
36
80
86
32
 7
10
86
42
51
49
89
61
 8
30
98
67
38
50
31
13
17
26
67
15
72
 9
85
92
30
 4
98
89
59
44
96
91
 3
76
11
55
65
84
 6
92
67
10
 8
 1
24
30
78
93
46
98
49
32
48
51
14
79
40
74
 6
17
 6
18
44
23
17
70
97
54
10
73
20
35
75
98
28
89
70
45
79
39
 9
92
95
63
52
86
16
92
44
57
 4
96
11
65
17
45
78
82
45
18
21
84
12
26
97
78
88
24
86
37
82
80
82
55
43
81
47
 9
79
35
 5
37
 8
59
59
10
23
 5
12
16
23
 9
81
40
82
35
92
40
90
75
32
 9
54
85
37
43
94
41
38
75
19
44
81
11
 7
19
82
30
91
88
38
80
74
78
24
24
55
69
22
83
 6
99
10
22
87
58
45
21
31
81
80
96
67
95
31
83
57
75
58
70
74
14
76
96
14
56
22
82
75
69
36
20
80
39
70
95
95
31
73
64
 1
31
73
46
81
93
 7
69
90
11
12
29
47
34
41
94
27
59
 3
15
10
 9
91
67
30
20
15
10
13
77
84
58
27
95
65
58
39
80
58
93
 9
93
15
67
 5
38
44
13
70
89
36
84
46
95
33
57
42
49
86
 7
96
 2
38
94
 3
71
51
23
39
34
34
88
86
76
83
 3
64
48
93
99
76
35
39
14
96
73
 9
26
78
24
77
82
23
42
91
77
94
34
69
91
 4
62
76
98
70
93
88
15
65
19
96
14
45
62
78
81
91
20
60
21
70
23
28
96
95
73
 2
20
39
45
13
75
75
11
28
75
78
69
37
40
69
43
56
22
49
27
64
30
88
46
27
 1
23
 8
23
64
34
 2
16
44
45
54
12
44
20
60
25
81
99
 7
91
77
60
44
69
99
36
69
54
57
60
 1
45
31
 9
26
94
66
85
71
84
78
96
91
51
28
25
20
 4
85
95
95
57
83
43
82
35
34
21
11
56
23
 7
61
48
86
80
11
23
37
13
59
51
67
45
71
59
13
 1
43
94
71
 1
11
85
72
45
52
46
20
93
59
21
46
49
45
64
54
53
76
34
71
 7
74
58
58
15
92
10
48
75
 7
26
25
21
10
79
23
14
81
90
62
17
 8
46
 3
27
 1
23
27
20
25
 2
24
75
64
44
11
 4
43
29
42
 3
31
23
49
34
35
83
65
22
33
57
74
21
32
80
32
 4
12
46
10
46
40
47
12
51
 7
44
94
81
88
82
60
58
65
 9
49
86
15
91
97
61
 3
30
79
11
92
15
28
67
97
55
16
64
92
36
 7
87
19
90
87
85
81
88
31
38
94
 1
46
 4
59
46
70
45
23
89
12
66
35
90
48
24
 9
67
65
82
35
82
43
60
46
13
76
33
60
11
36
61
40
17
66
74
65
31
98
12
61
13
13
32
87
91
 8
 4
33
95
94
79
 7
47
12
66
73
37
58
 6
46
58
24
67
56
68
45
66
13
83
52
18
14
73
35
31
65
55
80
58
92
53
42
 7
29
37
67
25
19
85
40
59
47
87
96
18
29
65
29
16
67
83
66
45
19
45
37
54
65
58
 1
57
42
47
59
86
 8
10
18
77
32
77
38
24
50
 4
19
97
82
15
74
31
77
59
29
94
44
94
90
66
72
30
63
 1
70
83
 6
14
37
63
36
85
 1
31
74
98
32
55
14
13
74
18
46
92
74
84
91
89
91
87
75
 3
51
44
18
 2
 4
62
52
54
89
48
52
36
43
60
84
56
52
42
63
90
95
78
18
52
78
83
64
78
 1
84
80
72
53
20
77
 1
 1
84
75
47
27
58
54
34
18
73
14
38
53
 7
10
82
72
90
73
36
91
23
16
25
43
47
 4
53
17
29
16
58
53
43
66
 2
91
36
91
10
10
79
15
62
63
42
53
57
65
51
 6
39
98
18
73
23
24
29
52
98
59
82
61
56
90
32
21
 2
16
71
73
13
46
81
48
16
95
85
55
11
68
48
16
30
72
31
27
79
86
83
46
32
85
43
 6
97
73
40
47
98
 9
97
67
14
83
81
88
59
46
23
35
56
11
70
17
48
66
74
22
31
 3
59
 9
48
84
20
97
13
98
55
60
21
70
 1
97
11
15
76
15
22
94
84
71
32
57
 4
30
 5
22
 1
66
32
84
 5
77
14
31
67
45
46
96
58
86
64
81
 8
53
16
64
63
19
 7
 9
50
 5
97
 4
28
84
83
61
14
25
59
75
60
97
69
81
88
19
69
32
30
61
99
 8
96
79
69
96
31
99
91
36
45
32
32
83
22
22
41
94
64
26
11
53
68
24
25
77
32
45
73
 4
47
28
68
 2
89
80
31
 5
68
67
21
12
43
11
40
64
63
89
 5
13
48
50
 8
31
64
19
63
44
93
12
73
48
83
43
82
96
57
21
82
21
62
41
14
55
61
57
47
44
20
47
73
94
11
43
94
56
83
57
40
94
17
64
 4
29
10
67
29
12
18
25
26
 7
94
48
61
68
67
48
96
60
63
63
18
 1
40
10
33
 9
55
23
80
24
91
 9
22
54
94
73
63
50
32
75
88
61
44
25
27
39
75
19
59
81
60
13
81
77
74
13
12
 6
 8
 6
85
10
53
11
 8
56
99
45
17
 3
15
16
17
19
88
21
44
38
44
64
25
14
70
84
79
53
98
71
39
97
66
 9
23
18
86
94
62
 8
87
73
88
39
21
46
79
46
98
90
19
22
80
39
 6
93
57
74
98
45
44
70
42
67
51
43
37
93
21
44
10
15
16
57
50
18
55
30
69
45
44
98
30
31
38
56
36
94
73
86
97
52
88
50
76
35
81
28
40
73
34
 4
93
18
41
 9
48
79
70
85
96
50
92
23
28
90
18
89
71
23
76
37
 6
56
55
11
14
53
71
92
19
71
49
74
80
89
14
46
98
48
64
96
99
36
 8
45
34
10
68
69
89
22
13
50
26
24
19
11
51
11
33
77
32
90
38
20
61
40
83
98
89
36
81
98
33
 3
50
61
43
80
82
90
89
66
32
58
34
12
95
70
 7
29
75
31
 8
15
20
60
44
13
94
 5
82
37
15
92
74
92
75
72
19
82
 3
 3
94
67
76
 6
75
51
51
68
17
64
 5
10
50
15
56
77
62
83
90
13
 8
29
 3
35
27
77
40
92
 1
77
16
16
47
68
89
44
67
67
98
42
47
 8
24
81
30
47
61
11
70
66
 9
78
70
75
32
46
10
66
94
41
97
12
58
 2
12
49
 6
35
 1
62
97
90
77
84
31
23
94
49
92
61
46
 7
88
68
45
23
34
 1
70
 1
85
53
90
17
11
86
77
25
61
49
36
27
54
67
15
53
24
20
60
42
56
84
84
83
61
59
82
 6
88
35
72
59
59
66
32
 8
 5
61
52
40
89
68
 8
36
21
90
85
 9
94
68
16
37
 3
 4
 9
14
56
34
97
36
23
46
 6
51
56
31
48
84
12
73
66
79
16
80
22
47
96
34
39
79
34
72
24
24
33
92
58
47
 2
90
84
18
 9
88
78
22
15
 7
36
31
56
31
74
58
66
87
56
 2
30
34
45
28
28
44
16
78
92
90
98
66
21
30
 8
35
69
75
23
52
72
63
64
17
 9
98
49
28
64
95
57
30
14
83
97
50
62
10
96
63
72
92
15
89
33
67
 2
57
68
82
93
56
59
78
73
92
83
 6
88
74
28
23
50
40
88
37
11
79
16
 1
44
23
15
55
13
69
58
24
71
37
21
42
64
83
 6
38
75
98
46
34
11
16
73
97
25
30
41
 7
20
79
67
60
 4
85
 5
93
24
93
 9
31
98
14
88
46
33
15
37
40
57
54
 5
32
54
 9
14
56
47
79
 8
65
84
52
90
38
99
66
76
81
98
81
95
33
32
 9
79
47
20
67
77
91
71
66
16
 1
84
38
56
44
55
53
66
44
85
31
58
97
22
63
11
54
10
90
28
77
96
30
45
56
65
95
45
 7
49
25
84
 7
82
30
12
18
55
 1
47
33
23
85
37
 8
35
58
34
 6
54
11
11
27
84
67
90
46
32
84
57
12
89
 6
61
72
56
40
79
41
29
54
25
84
21
19
92
47
76
20
20
86
46
65
46
49
64
97
63
43
 6
53
28
40
63
66
45
78
33
60
61
88
30
31
21
 7
27
68
87
 6
51
98
90
11
25
14
32
25
73
79
56
40
91
58
67
35
16
51
76
68
62
16
55
44
80
36
 5
70
 6
 7
78
82
42
29
13
47
54
48
64
40
22
58
14
82
19
86
83
51
62
88
49
42
16
68
54
 1
78
53
89
 2
51
40
25
84
98
32
 3
30
11
98
35
94
91
62
24
82
39
65
77
50
90
89
 2
60
85
12
50
60
90
54
39
90
70
 9
76
29
45
12
21
46
 5
24
33
93
37
 6
23
 3
24
50
54
 4
60
53
18
44
90
75
30
35
58
94
64
83
98
88
83
43
75
59
75
47
59
22
46
54
85
83
92
75
66
33
11
92
 2
58
31
71
64
23
78
45
91
13
19
87
91
88
92
62
60
45
22
41
23
23
56
 4
32
79
64
83
83
42
40
 9
19
70
19
81
65
50
76
21
75
34
 7
67
26
53
47
32
35
27
63
97
65
93
44
73
47
59
13
72
14
38
35
52
86
40
 8
72
78
92
 4
 4
64
66
77
49
98
59
86
 6
13
49
49
44
79
30
85
12
73
73
61
49
17
16
83
31
52
 1
69
 2
 4
15
36
42
86
 3
28
18
33
22
48
49
76
36
73
66
79
68
55
70
23
57
81
77
74
 6
73
63
34
72
23
85
66
18
42
93
41
20
 3
18
70
86
65
35
81
97
80
13
98
76
24
14
81
30
89
80
89
71
83
79
24
55
37
 1
14
38
94
28
99
78
90
52
75
35
70
47
52
31
59
86
96
56
58
14
 7
93
49
42
87
12
95
15
81
40
22
82
13
43
57
21
 4
26
31
82
36
82
89
75
88
16
46
55
51
45
22
53
26
38
71
 5
17
60
83
18
45
95
39
25
55
40
94
58
69
91
 7
33
57
80
47
24
60
13
26
42
64
15
77
21
41
36
14
70
45
84
22
46
18
79
95
83
52
64
64
39
84
91
48
84
71
12
65
 1
10
74
29
33
60
69
82
21
25
43
81
99
65
85
80
61
80
31
44
72
38
89
25
67
 6
23
35
78
32
97
61
30
52
30
31
68
82
50
91
62
23
 1
25
14
89
99
26
40
80
76
86
62
70
25
29
57
64
70
91
15
10
89
52
37
73
96
56
53
97
30
57
63
49
35
43
92
52
96
20
66
42
23
69
87
23
11
25
34
62
99
90
53
 2
75
47
63
30
78
76
49
95
20
29
54
93
55
81
77
10
82
26
37
57
66
88
39
99
21
63
31
75
66
48
13
26
76
58
58
53
58
11
75
86
62
51
74
18
57
32
63
42
95
99
50
93
82
83
68
21
69
84
90
48
 3
32
72
23
51
88
76
43
 8
21
17
 4
33
65
68
51
17
33
12
48
11
93
23
87
35
43
86
28
98
33
64
 1
34
52
69
52
88
43
88
74
81
20
10
 1
46
12
94
99
 1
71
38
52
35
61
73
47
69
 3
63
88
87
44
16
21
62
71
 2
96
15
18
67
91
17
67
57
53
46
27
21
38
52
78
21
96
10
51
36
57
18
45
26
88
51
53
16
70
77
93
25
63
90
13
 3
12
38
67
16
60
16
44
20
15
 6
34
95
49
14
 5
48
69
95
96
65
39
36
91
43
83
55
72
56
78
 8
19
88
26
52
71
 4
41
68
92
79
48
78
66
58
95
56
67
62
 7
 1
36
29
67
25
88
89
67
53
 6
70
90
94
27
27
94
52
79
99
38
54
 1
93
31
69
46
64
47
84
74
37
68
21
81
24
30
33
68
53
96
14
43
 1
71
14
25
35
48
14
39
41
15
55
89
65
26
62
95
25
35
76
64
41
23
21
 7
17
99
14
53
43
22
64
77
45
12
64
94
35
93
97
40
24
57
91
81
 8
69
28
79
19
15
49
67
52
10
56
27
35
72
51
63
76
65
16
48
52
29
76
19
60
 8
49
25
 5
72
16
93
45
66
21
15
77
58
48
13
58
44
62
 4
62
68
64
13
80
19
64
43
39
57
15
73
53
38
97
78
96
90
14
41
 9
97
77
60
91
66
58
28
55
 8
61
48
45
27
 8
15
93
47
90
97
76
55
81
34
63
 6
57
35
76
61
 7
33
39
14
20
