400
63
 8
 6
58
88
 8
78
70
47
12
36
72
94
81
68
98
63
64
51
54
22
69
79
18
36
96
77
99
25
41
74
14
83
37
60
57
60
68
50
58
90
 4
37
61
42
16
65
29
78
97
21
23
13
65
57
52
49
54
56
39
79
85
46
93
31
31
68
53
51
32
27
78
99
24
98
49
53
89
49
62
90
29
29
80
43
45
85
21
 8
38
86
39
96
10
77
94
 6
72
52
59
97
65
91
56
68
57
36
68
 1
60
35
33
69
24
55
55
95
30
81
42
30
63
94
99
48
72
68
94
50
 8
54
24
33
40
98
 4
41
49
82
87
54
87
 7
59
33
 5
 5
12
53
46
37
20
81
 6
27
57
 3
40
91
54
54
38
39
29
89
39
74
15
 6
 8
98
 8
83
47
22
45
44
56
 2
47
96
33
15
40
76
 3
51
83
28
92
87
21
55
27
92
87
93
55
19
68
 2
96
60
68
50
20
10
80
14
21
95
97
 1
35
49
75
74
46
58
78
84
15
72
24
40
97
24
51
70
88
 2
30
10
41
71
40
19
96
70
37
98
98
53
29
38
10
46
81
82
93
60
82
34
 3
33
78
35
31
62
 5
42
52
64
46
62
26
54
27
44
78
76
70
 7
53
67
42
78
23
83
98
54
56
90
69
31
62
29
83
23
68
61
67
25
64
21
51
35
91
52
71
82
76
73
22
85
 5
50
73
88
48
13
51
90
 9
 6
46
30
 9
87
21
25
10
92
92
35
56
59
62
53
43
35
45
86
 8
77
19
36
32
36
93
33
71
55
50
39
82
83
51
81
65
15
59
16
15
53
66
84
66
35
78
87
43
89
59
 4
 4
76
69
 3
75
81
 9
71
86
 5
86
94
68
24
65
32
66
82
52
13
 3
60
12
82
42
79
85
54
11
27
56
79
 2
32
69
