800
52
79
71
74
62
64
43
66
28
42
74
82
15
87
92
66
62
26
35
99
86
54
92
11
54
93
42
12
42
92
 7
66
48
77
16
14
71
34
28
84
77
31
60
16
38
75
93
85
 3
99
20
 8
16
79
69
82
42
58
10
51
 1
22
34
46
81
59
43
 5
25
64
40
 3
75
31
34
 2
47
68
73
70
40
14
 7
48
39
53
94
36
26
33
69
69
51
79
63
64
81
 1
96
89
73
83
61
51
 3
73
84
53
78
40
94
10
79
24
 1
77
54
60
82
91
11
73
19
47
27
41
41
50
28
40
43
44
60
35
46
46
89
46
20
19
62
70
91
78
72
47
28
92
56
98
26
56
49
96
78
 2
57
92
87
22
48
71
72
81
29
67
18
87
11
98
70
80
28
47
67
33
21
56
40
19
33
70
82
25
40
84
89
80
70
27
94
77
17
50
90
45
18
40
75
58
88
37
89
54
99
72
 1
20
70
88
 6
21
72
91
87
72
30
71
18
68
88
50
25
 6
52
89
32
16
60
20
85
28
93
28
53
91
 1
52
42
61
15
37
18
95
57
83
45
59
10
55
46
83
32
74
13
72
23
66
50
 8
89
87
90
50
41
98
55
78
49
 7
11
73
94
55
91
73
70
80
31
30
23
90
83
77
21
21
66
33
41
12
20
69
35
30
 2
60
95
33
16
34
61
61
 2
48
97
57
63
20
87
24
95
17
51
92
59
39
66
24
65
25
68
19
38
83
24
44
 5
80
65
78
76
12
50
54
77
68
57
14
90
38
83
66
57
29
32
36
25
86
81
24
59
70
12
39
25
69
76
36
55
18
 8
37
97
 1
24
31
75
98
56
56
53
59
30
66
 9
69
44
56
53
77
73
72
71
78
28
83
22
75
16
21
81
61
28
71
62
23
92
46
 7
85
21
76
54
53
95
97
16
18
16
45
38
 3
48
28
97
36
16
23
90
88
56
23
83
87
74
 8
78
37
55
65
50
65
26
25
17
24
45
37
13
41
19
55
98
84
 7
61
 2
23
26
89
15
33
12
78
32
54
46
27
73
33
15
63
57
54
94
12
88
 9
40
75
 7
92
76
99
71
83
48
50
23
96
51
69
 5
59
92
30
73
 5
86
70
95
38
67
23
53
55
93
 5
35
80
40
10
79
 7
55
48
19
91
68
83
73
 2
36
14
86
57
 7
30
22
67
88
40
20
12
 9
36
34
53
42
33
45
44
 1
49
82
 3
70
35
23
36
58
61
34
67
68
29
11
52
58
43
65
55
89
95
36
50
27
 8
68
21
97
84
33
40
74
 9
37
87
83
46
86
80
 8
85
58
 7
82
84
51
 1
47
39
63
64
74
57
60
80
12
48
94
13
73
 7
30
46
11
18
41
47
 4
34
38
19
 6
76
71
17
62
 6
99
95
72
 1
46
75
74
 4
31
67
48
77
26
69
23
 6
91
69
55
10
61
57
85
 7
25
83
31
59
72
80
39
80
75
65
30
17
19
54
69
76
 7
 8
15
26
46
13
50
47
95
55
52
32
36
73
30
32
16
40
66
67
32
62
86
53
14
67
 9
88
54
51
83
69
69
35
93
37
10
51
 6
58
40
80
42
38
76
39
88
39
 4
85
88
47
88
14
30
29
75
 1
98
26
 2
98
91
42
19
14
59
55
44
80
85
22
46
59
60
91
65
80
56
14
 4
55
70
51
58
69
38
72
41
92
84
46
78
17
11
12
81
47
80
42
50
74
33
83
55
38
42
66
58
 8
75
 3
48
18
81
44
25
49
30
 8
18
10
50
78
75
 8
 9
52
 5
70
31
65
97
97
39
44
34
97
18
46
81
16
37
12
97
74
92
97
45
57
