5000
93
20
35
81
79
 4
28
49
96
87
67
79
38
86
72
54
44
48
43
 5
14
53
48
46
75
43
21
45
73
16
72
19
60
41
17
96
96
40
34
56
31
79
67
79
20
17
84
15
34
57
77
 3
62
59
46
54
54
47
54
46
53
49
77
95
23
60
34
 4
37
 9
46
23
27
41
88
40
66
18
84
18
88
 3
24
 3
88
70
28
36
49
95
68
65
11
57
47
19
29
18
45
 9
58
 3
60
47
80
63
28
35
26
24
45
17
24
 4
97
28
 2
31
22
76
78
11
71
46
89
77
41
83
68
14
26
51
21
28
41
 3
32
97
 9
76
43
76
13
45
 8
40
41
36
 7
 3
31
45
 7
73
96
66
33
57
92
65
79
 4
76
 4
75
93
27
53
71
55
73
 9
55
29
 5
27
50
47
14
18
 6
50
27
96
45
24
98
36
82
54
 5
29
50
 9
23
75
75
24
27
46
31
 5
88
11
 5
43
14
66
12
24
 1
95
99
51
57
69
52
60
54
 5
71
34
55
21
12
 4
 8
 8
68
48
22
13
94
75
40
95
24
88
97
51
99
26
 5
33
84
90
37
88
36
44
60
50
34
72
89
75
44
24
95
77
98
 9
66
67
91
58
37
12
44
48
93
58
64
70
55
21
52
65
58
59
46
92
37
88
99
56
29
 6
73
67
75
96
 9
55
83
 9
94
97
12
41
93
 9
 6
45
 8
33
98
88
94
79
78
75
81
83
28
69
96
77
64
15
73
87
57
10
36
46
71
24
30
 4
15
99
98
72
11
53
76
46
 8
97
97
46
32
13
89
53
94
75
47
41
59
85
65
99
72
97
17
49
99
79
65
43
23
39
80
46
59
11
63
 5
74
47
45
89
25
31
61
98
25
26
71
60
47
88
13
76
74
72
82
45
 8
29
16
40
32
46
58
48
71
29
 9
65
13
67
18
42
32
76
39
75
24
73
87
58
37
77
34
52
39
85
63
21
 8
 9
47
82
60
37
49
 6
41
 5
 1
36
59
25
93
45
 4
78
 8
99
22
 4
11
66
 8
90
86
19
65
18
84
72
86
41
67
13
47
67
64
56
32
16
72
92
73
19
48
52
58
50
99
44
70
39
53
26
11
49
80
29
69
87
70
 7
96
33
34
37
57
28
14
45
82
29
 7
66
34
83
51
22
88
90
97
45
43
35
19
88
67
60
68
94
92
47
39
38
70
74
51
19
72
38
 5
27
 1
93
31
46
45
88
71
27
60
81
27
93
34
81
17
13
73
17
52
83
 1
80
 8
91
 5
39
68
80
99
57
41
68
66
41
19
83
28
38
73
45
 8
90
63
45
60
 2
46
69
93
91
81
28
76
11
89
 3
72
86
84
 5
66
76
21
42
33
90
94
88
29
68
20
67
39
68
26
10
61
55
 8
37
67
47
50
18
28
89
96
16
18
60
42
34
22
21
43
32
24
44
24
30
17
51
69
89
34
52
84
59
96
38
94
 5
 6
26
 1
99
81
11
35
81
58
89
35
67
38
51
99
32
36
87
24
37
81
95
78
22
45
60
52
24
49
72
 2
69
89
57
23
84
89
93
 8
65
78
85
99
67
10
63
84
42
36
92
56
96
32
39
98
79
95
98
91
94
23
24
17
37
73
55
50
37
23
97
19
36
38
44
23
53
50
84
83
78
65
14
32
57
 4
59
79
90
80
54
11
21
45
88
28
25
82
16
67
86
77
16
64
77
69
47
34
 4
97
80
81
57
36
89
 5
23
50
63
68
89
66
 3
65
13
63
94
16
59
16
22
 5
18
67
75
37
77
76
59
14
58
10
46
61
11
30
47
79
62
50
97
 7
24
93
 1
57
37
47
 9
61
74
41
38
35
77
33
35
33
38
33
33
85
15
69
16
99
79
 5
92
 5
98
 2
39
36
46
72
88
35
21
89
32
42
15
 3
17
85
69
32
92
37
69
86
98
25
31
78
55
71
12
86
19
77
20
26
99
93
21
85
93
95
53
 4
94
31
35
12
92
24
59
48
75
38
88
55
77
50
22
61
65
50
67
75
 4
43
66
64
29
14
22
88
28
82
80
25
68
97
98
54
83
69
70
82
51
15
23
31
72
26
66
65
82
 5
14
40
 8
89
44
82
 6
24
32
 9
85
83
 7
10
52
12
77
85
93
83
86
63
16
48
12
74
69
67
97
59
75
 1
27
27
78
55
15
67
47
55
43
42
45
37
97
39
85
36
53
37
12
78
49
35
 3
15
 2
21
39
34
12
32
47
 2
93
49
44
26
 2
27
 4
31
56
60
71
25
79
15
38
33
18
 9
10
12
61
69
80
85
48
79
40
32
62
96
39
65
13
94
20
30
84
89
59
71
83
 7
13
77
34
58
18
59
72
72
45
88
82
56
50
32
17
23
12
17
63
87
22
49
86
21
 7
47
 6
 9
33
97
44
94
 2
73
 6
16
62
71
27
74
59
59
35
 8
47
22
82
 7
78
87
88
59
 4
 7
32
58
85
 2
66
59
78
22
67
10
55
37
98
52
47
19
99
30
76
22
99
61
43
16
32
49
50
91
69
89
24
88
71
11
24
66
25
35
81
58
94
10
74
38
71
59
80
52
21
28
 7
23
14
70
42
76
55
46
19
23
97
80
61
42
40
51
77
59
 1
55
66
13
72
25
44
93
49
46
 6
18
30
28
46
54
76
17
82
59
57
61
64
26
25
52
26
11
81
26
77
44
72
58
89
93
59
57
36
70
10
43
 1
55
71
63
71
54
47
98
40
21
50
34
47
85
61
47
60
34
45
52
50
36
77
 6
39
 4
21
79
 4
78
95
 9
76
 8
 4
36
47
 9
44
38
22
10
57
73
17
39
76
32
45
52
93
23
96
92
14
80
43
40
35
37
86
77
 5
17
79
 7
93
25
19
50
40
82
69
75
 7
61
 1
66
 1
93
93
99
 1
96
 8
21
39
89
59
 2
87
48
 8
72
97
65
91
88
17
74
21
59
76
94
59
62
42
49
16
97
23
41
54
 7
43
 9
59
73
66
59
84
81
74
 1
75
15
91
75
27
83
58
 7
66
61
46
63
 6
11
13
63
63
 8
89
 5
 8
 1
13
64
 8
49
72
38
43
66
99
56
79
 5
64
87
34
17
13
12
58
30
 5
98
50
62
76
 1
25
20
 8
39
71
10
 9
41
95
95
93
94
99
47
76
48
96
87
52
67
98
13
83
54
80
85
66
34
74
49
 3
29
71
 3
47
16
96
53
39
88
51
 9
21
25
51
 7
28
80
89
56
54
97
37
92
84
67
 4
94
 6
19
93
 7
71
89
53
72
30
34
68
53
22
27
85
25
10
42
30
25
89
31
 3
49
23
88
 3
71
38
59
80
71
55
33
53
61
67
96
10
93
46
12
 6
24
84
49
94
34
73
83
99
80
 1
45
64
56
76
68
82
66
75
10
48
77
 7
71
40
41
88
32
62
75
37
87
64
76
64
21
58
70
84
 5
62
46
16
48
89
 8
86
88
97
86
39
69
29
20
14
54
69
68
41
54
16
73
 8
26
31
23
 7
79
41
14
71
89
53
93
92
28
75
86
89
23
 4
42
79
60
33
53
86
22
92
62
42
89
62
94
23
10
30
69
66
33
93
92
29
37
37
93
 3
50
 6
17
78
65
89
37
56
77
48
78
95
37
95
39
14
40
74
85
 5
45
17
19
10
61
46
82
 5
73
22
 9
26
51
48
75
 6
32
81
72
40
86
50
45
73
85
 2
14
92
76
14
48
36
60
84
72
10
18
19
 6
11
42
43
 2
53
40
51
83
82
62
38
47
10
27
 1
47
 6
73
63
96
21
42
22
23
57
 5
58
25
50
26
15
30
15
12
73
32
78
93
52
 7
81
19
51
58
51
 8
42
28
44
30
69
93
53
53
27
 4
71
49
98
72
24
82
17
69
45
74
18
54
13
65
71
60
32
81
49
96
64
13
 5
74
94
 6
44
11
50
97
42
27
39
87
 1
 5
35
55
99
87
89
37
18
21
72
78
13
 7
26
56
93
52
55
95
 2
23
27
70
45
47
85
35
64
80
78
35
93
11
92
84
16
95
96
35
51
83
85
29
67
53
12
69
79
11
42
80
29
58
67
22
66
 2
40
96
73
91
69
30
39
74
19
81
 7
47
72
25
24
86
84
82
 5
56
99
67
41
55
47
66
70
 9
 1
74
34
70
 3
84
35
43
51
31
37
77
45
30
94
46
82
81
81
73
18
80
84
20
56
21
40
68
 9
22
89
50
74
66
 8
43
75
74
99
60
22
18
18
98
 9
85
89
41
52
 4
 2
85
39
32
48
88
11
23
77
22
70
90
39
 6
92
57
84
 9
67
14
 1
14
38
93
50
12
62
76
83
31
65
15
97
58
12
21
23
62
49
85
85
93
85
84
53
47
20
29
92
52
96
21
58
24
16
84
34
90
61
 1
54
59
69
55
17
26
 9
99
19
81
19
46
35
54
17
89
51
90
80
85
97
57
90
87
72
56
34
35
 4
 4
75
30
61
14
63
89
39
19
15
99
30
38
26
61
25
67
39
60
36
98
57
51
98
 3
87
75
32
26
26
15
30
17
81
 8
53
35
14
 5
81
66
22
16
38
65
33
10
95
 1
33
29
97
84
92
74
28
65
35
19
11
89
87
15
18
92
66
48
58
 7
41
10
93
91
30
19
 5
51
68
93
15
15
88
94
 7
 4
88
24
51
16
88
24
60
59
73
45
 4
89
26
38
91
57
27
33
62
17
51
51
80
22
13
36
91
68
 9
31
21
63
 6
91
72
25
13
69
24
83
94
41
62
67
65
38
53
68
14
28
 3
59
 6
28
95
57
13
81
64
14
 4
81
81
12
67
88
27
59
84
 5
27
66
27
59
98
76
 1
75
25
62
99
69
70
34
22
34
68
80
67
97
 8
 6
90
63
13
50
50
52
85
83
87
52
76
53
 3
76
56
68
54
55
75
12
46
49
52
52
40
29
99
62
41
72
29
90
 1
65
26
22
95
37
53
57
15
 7
67
41
12
92
11
90
60
50
57
36
72
89
70
26
 9
40
76
21
55
16
74
16
70
46
16
20
 2
23
68
37
69
32
76
68
 7
29
72
86
62
 8
 5
98
55
27
82
58
84
70
66
21
89
62
19
23
49
40
60
82
28
10
 5
78
65
67
68
25
97
31
83
95
13
43
42
13
33
25
77
52
37
93
26
73
85
65
75
52
92
49
22
96
89
20
71
32
23
21
86
44
54
60
27
58
73
51
72
40
 5
65
81
 8
39
54
92
38
43
 1
89
38
68
50
49
93
65
97
 9
45
74
74
65
11
 8
 8
15
 9
14
88
84
83
25
54
54
22
80
70
91
20
18
67
42
15
50
90
71
53
90
 9
96
63
60
81
17
51
43
79
93
75
15
92
54
98
10
16
88
85
54
32
28
69
32
84
49
13
26
90
 9
 3
61
42
42
28
28
67
42
43
11
 8
46
90
68
67
40
81
37
 4
14
91
64
97
95
87
62
94
60
58
87
41
59
16
33
 7
94
76
41
28
27
 6
18
45
91
79
71
90
82
84
39
85
93
24
26
 2
70
21
45
60
56
74
41
 6
 8
11
20
35
31
47
65
33
38
12
31
68
76
60
34
12
12
95
11
54
23
70
63
49
13
60
76
68
58
83
97
18
25
55
95
80
67
68
80
23
29
77
76
70
88
55
73
50
36
59
 5
25
33
 8
 9
15
67
46
14
26
18
99
81
87
64
64
93
17
50
74
72
10
37
62
40
70
48
80
17
 2
54
59
35
34
92
17
 4
51
64
66
70
62
22
41
24
92
62
97
 6
44
65
85
39
79
82
80
66
12
 9
47
99
29
44
35
73
40
98
69
99
74
18
52
22
29
90
17
67
83
42
64
84
79
29
29
86
86
73
87
58
53
57
65
70
70
72
62
51
22
87
39
59
78
25
85
 3
98
81
36
61
83
12
18
41
65
91
23
30
60
99
85
81
81
19
42
82
34
86
72
60
82
28
92
50
28
69
93
 6
66
84
 3
65
87
61
60
46
64
41
83
95
 1
35
27
58
 1
49
80
 3
99
21
40
51
46
22
95
53
58
17
49
83
50
22
19
50
60
65
38
29
60
96
26
16
78
40
 9
71
39
40
79
 4
22
91
84
31
58
 9
11
58
76
21
74
47
86
55
82
94
42
85
49
81
60
14
59
35
40
57
76
62
46
19
40
70
22
 4
77
71
86
60
94
63
64
15
38
71
38
74
91
87
42
65
33
49
94
81
91
 8
98
15
20
32
93
44
51
94
98
41
32
 1
20
81
 6
74
72
20
53
82
86
10
36
24
43
35
80
43
12
23
25
94
43
26
77
40
75
11
 8
78
18
76
13
 8
70
15
96
12
24
41
80
74
37
22
 8
15
98
 6
27
29
85
97
64
69
32
85
35
 9
 6
48
95
34
22
63
26
37
70
34
14
99
15
66
32
95
14
 8
89
73
34
75
55
34
 8
96
 5
11
96
74
24
15
23
21
99
83
20
42
31
95
76
50
 6
74
12
68
59
54
67
97
66
26
47
26
93
46
96
46
41
12
42
60
22
98
86
25
 2
55
97
37
30
51
65
 6
17
82
54
 6
66
19
66
56
20
 9
 9
23
19
 9
91
 9
66
71
41
91
56
58
74
93
80
91
10
56
71
28
34
80
84
77
53
21
 3
18
 3
82
24
65
60
19
56
28
48
79
67
98
42
 3
99
50
93
92
10
38
84
92
52
12
 7
86
47
22
91
40
63
38
90
12
53
50
14
47
74
66
51
88
32
13
63
13
69
90
65
24
63
57
21
23
18
45
23
70
39
92
25
72
91
26
64
10
79
26
56
27
90
51
 4
98
40
40
95
24
35
58
38
23
10
14
87
10
57
33
49
13
90
70
78
14
76
87
84
82
68
65
42
61
68
64
30
10
72
21
 1
22
 6
86
80
59
15
88
31
96
 8
37
70
32
29
47
51
44
56
86
27
63
86
51
 2
40
20
47
79
55
 4
 2
15
80
45
69
80
36
41
65
64
16
54
80
95
75
79
25
14
27
13
49
94
27
92
73
37
35
 1
 3
20
99
 9
37
43
56
58
64
53
91
48
40
75
82
27
44
55
30
61
15
 8
11
77
59
11
75
46
35
20
 3
17
91
43
49
55
92
64
87
99
82
30
99
93
21
23
93
 6
70
 1
13
95
38
49
27
26
60
19
50
 3
44
94
85
20
34
61
36
12
45
27
 1
69
96
68
67
29
20
35
34
15
57
 7
78
95
22
22
95
84
54
89
28
12
20
78
 7
 9
13
 9
33
40
76
55
 4
15
41
47
36
 6
62
18
70
24
66
68
13
73
 7
84
14
23
 3
 7
14
24
93
58
77
26
64
44
43
 2
83
41
91
31
 7
64
81
71
81
43
55
54
16
 3
41
40
41
67
70
58
29
84
52
84
 1
95
92
65
88
44
 8
54
66
51
40
58
44
41
15
68
21
57
26
69
85
50
16
98
82
71
34
56
12
53
22
35
91
23
31
67
43
11
98
50
39
24
14
86
64
22
80
39
33
78
 4
83
12
72
31
52
98
70
60
29
93
69
35
18
22
42
53
14
47
66
25
43
23
67
57
49
37
73
56
22
78
97
91
54
92
52
11
 2
64
 9
86
34
72
 7
35
64
57
32
10
41
75
53
28
79
50
63
 5
29
93
79
57
49
29
74
79
88
85
94
14
42
68
 6
37
76
 7
66
 4
11
73
38
31
27
65
40
85
 4
60
63
67
54
19
51
31
53
65
45
43
40
 4
28
34
66
 4
49
20
11
17
65
58
87
57
80
33
99
14
12
 9
58
 3
96
48
 1
62
20
58
64
76
14
41
 8
25
97
 2
66
75
99
26
32
78
47
45
19
 2
50
18
30
73
80
42
80
39
56
29
91
33
37
57
 6
62
58
14
38
84
78
77
28
98
91
31
90
30
74
50
31
13
13
67
40
60
77
65
 8
36
13
80
95
95
78
78
99
31
28
89
25
73
62
59
34
95
29
97
75
67
35
90
44
 2
 1
53
95
48
56
94
71
72
 5
54
29
77
40
 7
65
 1
42
81
10
48
60
78
68
99
88
69
29
46
34
18
73
89
22
30
11
69
91
75
99
35
48
88
55
64
40
62
20
98
96
82
78
20
13
 1
 4
52
17
76
36
82
 3
21
36
13
56
33
47
16
81
94
20
22
26
 5
84
 1
21
99
74
62
55
74
65
62
77
26
19
 6
38
33
33
50
90
20
42
10
54
85
14
42
45
67
54
39
93
 8
73
88
41
 7
40
37
54
22
53
 6
33
88
84
21
42
36
96
83
70
70
99
31
38
96
62
56
24
44
23
 1
79
87
26
95
86
 6
22
77
 4
73
68
41
81
58
68
68
91
70
56
75
40
64
13
38
 4
55
94
33
80
14
43
34
85
22
91
43
65
54
24
49
82
64
87
20
47
38
34
27
26
 1
84
79
15
23
84
99
16
37
60
97
99
94
27
72
81
67
69
13
 1
44
46
27
44
10
30
51
77
65
45
85
52
79
 4
 6
32
 7
14
95
13
 3
54
43
87
43
86
58
12
69
 3
47
47
 1
85
93
12
12
66
 4
38
13
60
44
48
41
81
29
54
 9
94
13
 7
95
18
17
73
47
27
46
92
54
84
46
72
85
38
42
83
59
12
 7
19
86
35
 8
66
 8
32
76
63
56
21
50
78
46
41
27
 9
31
55
97
12
34
51
72
72
93
92
74
24
23
28
48
32
27
22
96
32
81
17
41
63
12
81
13
82
66
59
42
64
53
70
86
28
 7
88
44
60
52
38
 5
77
54
24
74
10
 9
71
35
38
54
46
72
80
70
63
19
43
52
54
88
34
 5
70
90
72
52
29
41
75
25
57
50
53
97
58
92
 8
43
28
61
53
95
72
76
63
63
48
94
59
88
57
51
35
13
50
 4
49
37
49
 2
75
11
33
43
34
73
30
69
 2
72
36
18
17
67
 1
25
82
56
17
72
 3
38
44
78
 6
40
 3
25
32
11
76
25
41
42
44
25
78
92
91
29
93
75
36
61
38
 8
77
43
29
48
45
 1
11
54
36
72
 5
79
17
62
70
 6
84
67
77
83
65
42
12
46
40
55
 2
66
64
54
 2
44
 1
20
16
71
 8
29
99
72
 7
 1
14
63
74
36
79
43
90
46
 7
38
69
55
33
11
18
95
69
89
55
72
62
89
12
 1
79
96
75
24
53
 9
70
84
37
53
61
74
52
24
61
37
75
40
24
32
15
51
16
50
61
29
38
95
44
35
 3
91
77
25
15
57
29
68
92
 8
99
50
55
14
52
37
11
75
54
60
95
48
98
11
71
84
63
97
43
19
50
62
 8
58
90
92
91
 9
56
40
84
13
50
85
33
 1
12
52
98
56
31
99
47
90
 1
19
68
19
84
49
91
41
47
36
11
24
17
73
65
73
36
95
 2
 3
56
29
65
92
37
28
31
35
20
 2
39
57
 7
92
40
35
55
64
 9
75
77
 5
43
73
81
69
94
50
40
91
51
38
 9
78
26
56
 9
 2
63
24
53
35
26
52
76
28
60
75
26
64
 9
41
58
96
81
52
29
23
36
49
14
70
82
39
23
73
77
63
75
99
95
95
87
 9
64
91
39
13
58
39
71
 3
10
67
71
34
49
58
26
 8
38
89
73
56
95
86
31
83
86
99
57
32
74
84
 2
64
 1
97
99
10
 3
85
88
65
23
93
78
16
18
57
63
33
52
 1
 8
60
33
20
92
13
11
60
52
91
93
81
93
76
84
 5
29
73
15
35
92
77
56
70
 7
28
 7
70
49
41
23
22
76
76
90
36
82
 1
10
46
22
54
97
37
87
56
59
57
76
42
57
66
26
91
16
51
59
40
78
77
16
11
93
98
12
82
 5
96
 3
21
38
70
 6
85
71
61
23
49
66
 5
56
34
45
16
47
 2
 5
 7
 9
 8
45
19
19
53
 2
89
17
42
61
16
77
81
44
56
14
30
52
26
68
34
42
11
62
54
36
80
41
31
22
11
 1
68
66
94
35
14
85
60
69
 4
93
72
50
25
77
34
26
19
20
59
11
24
23
47
54
94
37
19
14
39
63
52
53
47
45
63
61
75
77
86
16
96
81
 3
85
29
83
43
96
69
 6
49
57
65
39
91
67
27
98
47
90
21
25
24
54
49
36
43
17
51
 7
54
75
40
50
 3
71
 3
 3
36
50
78
83
44
41
43
20
37
 4
12
25
38
20
 5
92
33
65
68
38
13
46
89
 1
57
41
32
74
25
19
92
73
70
83
33
76
53
13
71
89
79
44
89
59
28
75
53
57
91
20
80
95
 8
12
78
83
98
75
58
73
86
60
78
32
15
65
98
53
41
48
 3
71
30
37
87
95
11
47
62
99
23
22
46
 2
26
98
31
74
93
14
88
16
60
47
75
11
48
38
32
30
35
44
23
83
 6
 4
20
76
40
50
64
 4
60
47
10
96
23
15
 3
92
64
62
77
13
80
57
31
39
57
11
66
72
19
19
50
42
34
36
80
87
30
21
25
44
46
47
 3
68
13
88
79
51
41
 2
61
28
38
85
28
42
39
72
26
87
40
13
38
60
52
 1
49
63
49
18
44
96
32
39
37
48
70
73
83
62
66
80
62
66
85
52
83
43
 1
75
16
33
 1
87
76
47
 5
32
91
86
33
21
56
32
78
17
12
18
31
40
69
33
91
24
89
85
34
98
51
62
56
50
27
13
65
27
88
 9
48
42
56
82
71
34
31
20
56
44
10
 3
88
85
28
68
75
26
31
84
55
87
16
15
31
95
34
78
57
38
32
49
47
 8
77
28
14
77
71
23
45
58
96
79
92
26
83
71
88
51
66
12
78
 5
96
17
61
83
95
28
59
48
94
69
75
84
71
43
70
99
15
 7
33
63
25
67
57
99
92
39
11
40
52
64
91
56
51
76
88
60
56
 3
12
 7
 7
66
18
95
40
98
11
67
33
26
19
43
30
34
54
67
52
68
28
 3
33
82
45
69
67
 2
66
38
43
97
17
85
26
33
66
36
72
 8
62
71
32
40
12
49
32
95
13
12
86
51
39
20
39
56
48
96
67
98
59
 7
68
48
34
78
49
61
24
74
38
36
14
21
55
99
27
 1
36
14
26
36
60
76
51
47
83
21
67
 8
12
65
35
25
29
40
84
99
 3
37
 1
52
90
89
12
50
74
54
92
98
30
94
41
69
68
32
80
 9
61
59
29
 1
91
 1
79
23
 5
 6
47
86
51
47
19
78
71
26
64
15
 2
50
43
 7
87
95
66
57
40
98
52
 4
57
 1
20
88
34
99
79
 7
63
24
60
98
94
72
10
41
 5
47
36
91
80
31
24
64
65
20
72
70
41
58
 2
 2
35
22
85
10
98
55
38
48
54
21
23
18
61
91
11
89
97
 5
53
79
88
38
91
83
 7
13
86
 2
73
86
74
42
48
46
31
26
83
53
60
96
 9
66
89
44
22
78
73
57
44
94
99
98
37
 7
 8
47
38
73
94
63
67
57
24
40
28
43
21
17
16
81
69
70
49
82
81
 7
73
 8
55
40
19
59
20
92
75
71
47
10
68
44
43
91
93
41
11
82
96
30
78
85
61
21
91
60
75
