500
65
48
34
25
95
 6
66
99
66
89
27
20
11
21
 4
93
33
65
 9
 2
78
63
78
41
18
83
81
16
34
34
79
19
79
 6
 3
19
 4
43
 2
63
28
46
36
40
44
11
44
 1
45
77
84
74
48
14
78
 5
 2
 1
20
10
67
55
28
 3
56
37
83
98
99
87
13
 5
46
60
91
60
69
60
98
84
61
74
20
29
 3
11
18
88
 8
17
72
35
86
95
96
83
64
 6
49
14
 2
49
48
52
13
28
86
74
70
92
73
 7
71
54
97
84
65
71
35
59
 4
 4
93
 4
22
34
28
15
20
41
96
52
32
46
29
17
71
 1
35
16
28
41
44
13
19
71
26
92
49
17
34
71
 2
96
59
66
 3
58
32
33
86
25
46
32
 7
 3
47
93
 7
92
71
52
21
46
60
30
87
41
35
40
71
78
94
64
64
87
66
 5
56
64
94
61
73
 6
34
 9
36
59
69
64
53
75
58
79
22
61
40
74
13
39
76
48
42
97
68
60
96
27
32
37
 5
59
72
 4
38
85
27
70
31
61
31
91
93
79
72
35
 4
45
78
43
74
98
23
73
71
25
77
64
57
26
 1
15
67
58
93
51
84
29
 7
38
98
62
42
27
55
98
16
87
32
70
38
20
99
14
68
 6
61
22
17
69
44
57
33
24
62
85
56
78
62
59
78
71
43
28
81
 3
12
80
15
39
75
17
54
70
62
35
30
68
15
57
52
50
 8
50
15
84
 1
77
35
45
70
58
72
60
63
34
 5
35
86
37
13
28
95
71
37
46
82
77
48
22
30
11
22
66
41
92
54
52
94
75
72
95
51
67
36
31
55
61
32
28
46
36
79
28
49
34
64
82
29
11
82
57
 5
68
37
64
88
36
76
15
53
34
84
56
98
88
41
45
15
 5
62
67
 9
 7
 3
43
92
11
88
 2
18
66
14
 4
29
29
80
69
38
86
33
97
76
16
58
39
49
81
82
94
33
67
61
24
35
36
94
15
78
20
33
 6
 8
33
49
22
93
 1
 4
96
25
13
98
59
68
92
53
43
88
66
75
12
96
58
71
54
35
71
88
19
57
89
93
85
10
62
14
 9
83
98
34
45
32
41
66
89
27
44
 2
47
48
23
54
58
90
99
 4
94
63
20
39
63
73
53
37
11
78
62
55
95
