200
91
31
73
86
35
48
 1
17
67
 5
16
94
18
26
40
22
46
 6
41
98
77
19
82
20
24
13
33
83
24
 7
68
27
38
59
48
23
38
30
 8
42
 9
20
52
30
17
85
68
77
65
31
65
58
82
70
56
14
58
54
78
28
93
62
82
 5
61
63
68
88
42
27
19
12
59
88
93
39
35
78
39
81
26
81
80
56
58
64
45
53
87
25
93
86
46
96
90
11
73
81
 4
57
13
17
75
73
52
77
27
37
95
96
49
14
62
21
64
28
70
79
78
25
23
67
26
92
55
56
26
17
36
 6
42
30
12
86
92
55
74
 6
57
75
28
43
68
37
58
76
18
43
78
 9
57
 2
22
83
46
15
94
98
96
77
56
93
99
46
 1
32
57
73
57
56
19
37
49
28
41
 2
46
30
66
10
42
52
54
40
87
35
43
52
35
88
79
32
85
56
 6
79
34
58
27
24
