5000
97
74
37
 1
79
 2
10
58
64
41
27
85
33
64
49
98
65
84
50
10
 9
59
77
51
82
48
78
51
37
38
11
40
19
12
20
53
67
82
27
 2
71
59
 6
80
40
85
85
99
94
86
63
90
44
89
55
76
53
49
80
60
60
42
 9
32
58
50
48
31
92
 9
21
60
93
53
99
14
92
 3
45
99
35
49
30
12
61
71
80
43
44
51
13
93
52
 6
26
66
60
22
92
95
43
95
25
 9
77
58
70
67
13
21
89
82
 5
86
82
52
96
75
21
21
25
16
52
 4
36
37
14
70
20
24
46
45
 2
67
44
10
15
72
 7
60
21
51
55
17
72
71
72
25
81
78
19
62
10
73
92
75
30
55
90
55
78
 8
24
12
49
55
54
 9
44
51
14
46
35
19
49
57
50
38
77
81
45
69
85
 6
63
 9
55
28
50
86
52
17
23
87
62
59
65
 4
 6
33
55
10
23
11
69
54
50
42
99
78
93
 3
13
44
 6
72
96
65
78
15
 9
67
61
37
85
33
18
89
23
62
17
98
79
22
82
74
37
99
10
92
28
46
41
 6
 9
 9
38
68
64
47
25
26
17
45
57
77
50
79
72
36
93
93
80
 3
98
22
67
94
43
 6
49
17
90
50
60
45
51
78
 7
83
70
21
79
83
79
74
47
89
43
15
28
68
45
66
61
28
38
 5
72
60
94
31
65
 6
88
61
13
 3
59
80
14
91
67
 7
46
45
 1
20
10
 5
39
91
 8
90
43
59
93
42
72
21
15
96
91
46
22
35
69
11
87
 3
44
45
31
54
52
87
53
 2
81
56
 2
43
60
19
57
38
49
64
88
95
25
82
33
60
35
31
58
63
30
88
86
97
18
20
 3
14
68
 7
53
78
17
66
44
 6
75
64
44
83
23
78
23
24
59
64
87
47
18
72
85
37
11
41
41
78
86
56
45
97
 8
62
15
37
 3
45
34
78
 1
58
60
35
20
 9
49
48
93
92
60
82
35
68
86
83
 2
78
 1
68
55
17
44
18
 9
18
32
72
29
92
38
32
98
87
14
33
91
74
91
70
88
60
57
31
75
27
13
16
39
68
39
23
25
74
59
72
56
91
20
13
84
21
98
23
77
99
40
51
88
98
45
83
52
17
 3
86
24
62
91
31
 5
36
48
38
92
 8
23
43
80
63
17
22
52
52
26
89
92
 2
93
99
57
22
77
58
39
70
45
79
64
 2
20
11
27
69
45
39
53
11
38
92
62
71
80
97
16
16
 5
57
48
58
51
24
40
85
26
51
54
89
57
76
76
80
68
24
84
14
69
85
99
80
80
72
28
16
92
72
53
52
89
33
94
97
12
 1
78
46
 3
 7
44
 3
28
76
37
42
78
18
99
74
78
75
20
28
95
16
47
50
56
11
37
 9
 9
10
27
 1
96
41
 7
65
91
50
 6
95
70
12
21
42
62
29
43
15
55
37
98
72
 3
42
42
93
95
17
43
48
61
66
90
14
48
95
63
20
47
91
80
16
23
53
96
42
 6
76
30
59
 5
35
19
40
91
53
78
23
57
25
38
34
17
62
75
42
31
44
74
91
93
26
61
68
42
 1
33
15
67
64
27
90
48
68
60
69
28
38
67
73
 9
 4
88
45
21
44
18
44
30
 2
70
71
33
35
81
19
 7
92
93
43
73
79
43
52
37
69
98
 7
43
67
70
37
42
57
57
70
86
43
 3
46
56
19
74
62
33
79
27
92
18
99
42
19
27
94
37
45
39
 6
 5
 9
45
97
95
72
68
25
 5
 3
 2
72
63
28
38
80
 9
74
36
11
26
72
98
28
33
41
98
68
13
31
45
79
52
41
11
67
94
89
22
79
85
49
24
30
74
31
28
 7
89
28
58
58
57
 3
95
17
24
21
35
40
22
30
67
27
 4
79
91
 4
70
63
59
29
53
24
84
 3
61
53
99
49
35
52
84
41
44
84
74
41
64
78
52
36
63
25
43
17
26
 6
 9
14
67
26
57
12
60
51
86
55
97
58
48
95
55
87
72
59
57
81
23
10
 6
41
39
65
80
51
27
56
77
18
56
93
83
69
16
 7
53
65
 3
41
 1
63
93
67
59
81
51
 1
16
15
53
65
90
48
53
22
67
11
98
82
17
15
99
20
57
44
57
24
74
 9
80
96
37
47
72
24
53
91
25
33
83
64
96
86
64
47
29
86
61
59
58
70
97
11
76
53
78
60
24
 8
65
34
37
42
18
47
49
52
40
85
63
12
71
72
 9
82
65
95
70
22
50
17
28
29
70
28
95
43
80
89
81
36
65
 2
63
84
 3
62
 4
80
18
39
16
75
40
37
65
 3
29
57
52
74
63
59
51
97
84
96
41
19
47
60
17
23
 7
84
20
12
98
47
44
65
83
40
97
48
93
16
64
27
87
12
24
75
85
21
94
55
83
58
62
95
 6
60
41
19
24
62
41
97
56
18
94
 5
32
81
96
36
83
30
27
69
73
41
 3
42
37
 1
48
13
 9
62
85
73
33
38
82
 1
42
24
32
 1
78
50
 8
24
51
68
75
32
 9
56
91
78
13
42
82
75
96
51
18
15
99
68
11
39
50
 3
94
90
87
70
71
65
11
79
51
85
29
17
67
13
17
30
26
40
28
17
24
59
80
88
39
42
91
45
 2
56
28
18
53
36
84
 8
 7
17
45
98
18
87
49
48
76
38
99
50
14
72
40
79
65
63
58
85
64
 9
17
70
 4
82
83
12
53
23
48
57
60
68
25
63
25
61
93
95
80
54
98
71
62
26
67
52
11
41
43
75
67
62
 4
32
27
51
77
69
15
71
98
43
25
14
36
83
 6
72
38
 2
25
89
97
 9
 2
89
23
67
41
31
95
51
46
87
80
27
55
86
21
36
76
36
45
 5
65
35
13
34
21
22
57
17
33
58
31
36
83
83
21
66
 7
55
23
64
22
 1
67
60
46
93
71
15
 2
 5
99
85
19
96
36
45
48
42
23
 4
95
58
79
89
79
64
65
99
31
21
80
27
34
53
85
49
28
64
32
71
74
 1
67
43
93
45
35
 7
90
 5
 4
33
77
72
71
61
86
20
63
28
 9
19
69
10
46
31
51
19
 2
71
53
28
99
79
53
41
69
17
82
72
73
12
64
81
16
67
78
 3
19
76
17
20
 4
25
38
41
41
57
79
 2
36
74
33
65
 6
34
56
53
 2
29
 2
49
41
 1
67
40
15
95
23
28
18
92
25
55
57
98
81
11
28
83
78
42
78
18
17
28
44
91
72
64
11
82
61
 8
61
43
71
 9
59
92
73
 9
43
61
80
22
78
85
42
70
35
 1
56
94
42
29
93
15
82
11
97
66
95
64
77
74
24
46
31
91
96
77
44
72
76
10
78
18
49
13
 9
26
13
31
18
19
15
20
 4
86
19
84
23
62
22
46
11
40
40
50
 2
 9
52
55
94
14
23
 1
 9
49
24
93
18
43
33
34
64
90
58
87
30
64
64
47
35
65
32
82
71
49
43
32
29
84
21
14
37
80
 9
29
56
32
28
26
50
52
88
 2
91
87
 2
13
 7
26
58
56
19
92
36
13
15
11
88
98
61
57
70
28
24
79
82
26
 4
94
59
91
37
38
98
60
97
 2
48
61
11
12
59
14
56
77
19
62
44
88
53
95
43
70
39
54
58
81
13
57
32
68
88
57
54
45
98
71
71
34
73
82
68
19
49
49
26
60
35
37
11
 9
36
 1
13
78
40
36
89
14
92
22
18
 2
56
72
26
81
50
30
 2
92
25
11
53
 5
29
32
 2
87
13
31
11
57
56
27
 8
47
54
97
14
63
36
53
33
45
75
72
21
 9
33
66
75
94
21
65
83
86
26
61
57
20
51
23
86
76
59
22
61
49
35
51
73
76
78
20
51
64
31
76
56
52
52
45
73
72
52
48
25
39
84
71
60
25
21
72
30
70
 8
64
 7
66
13
91
57
59
76
24
37
31
81
88
97
95
33
64
77
59
80
46
92
99
72
34
78
79
65
26
77
 4
88
72
67
92
82
96
 4
76
10
 3
58
27
55
96
54
79
22
56
59
 5
42
32
45
61
82
53
72
70
98
14
14
96
10
96
70
28
18
33
94
53
79
26
72
42
52
73
84
 7
89
88
95
65
42
61
89
79
25
65
 4
93
10
49
70
30
 3
22
38
83
58
46
63
73
10
 2
40
80
47
75
93
39
27
64
54
 4
58
74
80
68
35
45
28
55
55
34
25
47
18
63
87
80
20
71
82
80
45
69
15
50
82
44
31
96
45
19
 3
96
42
95
18
99
68
99
97
69
66
48
 2
47
30
78
33
48
86
24
79
76
51
 3
49
71
75
 4
95
60
80
23
 5
29
14
36
48
 6
 2
69
64
61
46
63
73
89
35
53
86
24
19
 6
25
23
19
 9
91
73
16
66
35
68
89
80
20
93
69
85
68
80
36
32
75
63
67
28
57
94
48
10
58
59
44
 1
35
43
57
35
87
93
61
24
38
20
51
30
 6
93
71
26
17
73
92
95
74
19
76
80
22
40
14
 5
54
 9
65
81
75
17
99
54
80
78
45
57
45
74
65
48
17
42
60
17
84
94
15
 7
 1
80
92
41
75
63
88
28
74
43
55
 2
59
84
98
82
 9
87
72
29
43
47
54
41
 5
60
45
 7
 5
15
67
43
94
 9
 6
16
80
61
58
 6
22
35
60
99
43
46
33
63
 8
84
18
85
63
17
61
50
16
80
 6
26
59
63
39
20
89
76
76
93
41
92
28
97
89
73
96
99
32
59
99
78
12
49
29
59
84
20
56
54
95
41
96
89
78
28
37
82
17
63
39
49
12
72
24
96
73
52
55
 9
79
44
18
42
51
62
26
66
34
51
23
62
86
94
42
97
35
57
92
16
 5
58
99
40
91
74
94
32
62
75
93
19
85
76
31
 5
51
21
 1
 8
86
64
72
22
26
98
40
34
55
59
60
36
80
61
35
 9
28
35
12
67
43
58
48
 5
93
94
 3
49
37
27
15
68
60
76
36
11
50
23
58
68
 7
99
13
91
63
82
94
83
13
48
69
96
99
25
22
29
97
95
18
94
30
96
 6
17
24
60
69
45
91
45
38
51
 5
 6
48
69
74
37
98
75
88
66
78
52
13
 6
91
37
38
34
82
91
44
50
78
 7
90
49
46
72
77
53
91
22
15
60
83
89
29
53
41
79
42
 5
77
 3
60
45
 7
57
99
25
29
29
97
20
13
76
21
36
65
75
36
43
 5
 2
44
13
58
 6
39
68
87
78
 7
34
26
45
17
93
86
 5
18
44
 7
27
98
48
61
49
22
70
43
73
89
21
31
96
51
63
38
 7
15
28
73
33
65
84
 1
16
54
12
24
75
72
24
88
42
57
83
44
31
50
66
23
15
58
 4
 1
96
41
78
 4
15
63
87
 9
95
44
49
 7
83
39
70
82
54
90
60
71
64
78
89
58
14
 5
93
67
89
58
15
13
76
62
79
63
87
88
13
73
97
19
77
67
49
38
50
97
 8
45
 4
70
17
62
33
67
71
36
82
61
15
 3
90
41
95
13
49
43
16
88
76
20
58
12
80
28
54
13
38
80
85
58
67
25
60
 8
95
12
65
38
22
12
47
 3
72
27
98
37
29
93
27
61
63
71
78
89
25
56
68
22
34
 7
24
98
21
95
85
13
61
 2
40
53
61
46
75
65
14
89
12
27
21
85
80
 1
65
26
45
70
42
40
97
21
44
30
46
79
97
64
22
67
31
18
24
70
 8
15
23
94
79
13
47
21
85
14
70
99
85
49
29
14
17
94
84
62
87
74
52
63
85
36
30
63
11
17
28
25
30
91
49
91
40
56
 3
 3
42
92
27
44
35
83
85
32
98
49
 4
95
90
34
34
58
36
38
 7
83
18
21
53
 1
54
71
44
56
74
54
59
 6
69
59
14
18
35
40
54
78
93
61
63
67
88
76
61
20
57
16
83
13
75
31
78
26
67
67
36
79
77
 7
81
 8
 8
72
27
 5
18
 2
59
58
66
 7
 9
23
25
41
96
49
17
41
24
33
22
15
72
78
15
19
85
55
45
92
20
33
53
15
 1
81
20
24
10
20
45
86
18
98
58
38
78
95
44
 6
27
17
99
15
83
80
 1
86
88
72
88
55
 8
57
64
86
99
23
92
36
97
61
13
19
 4
34
50
52
33
57
25
24
29
41
63
44
47
 3
91
51
75
16
28
15
64
97
58
15
27
 4
93
36
99
26
14
47
13
61
73
37
74
75
 6
30
95
76
75
86
83
62
 9
16
 9
67
88
61
92
22
10
45
17
90
92
93
76
 2
50
37
26
14
13
18
93
40
93
82
32
87
11
 3
95
22
37
 8
88
 7
10
59
79
42
56
45
38
50
65
53
76
29
86
74
61
17
59
95
71
86
52
59
71
42
48
18
71
94
19
73
47
10
38
40
97
18
89
 7
95
46
97
30
28
91
45
67
66
94
14
40
73
99
 8
63
88
98
81
35
83
36
55
81
51
50
29
13
 2
57
67
40
28
35
87
12
46
20
 7
45
27
69
88
91
46
10
43
18
86
18
11
26
89
52
 9
23
 5
96
49
55
31
14
 3
81
 9
77
40
55
31
92
14
60
62
60
 4
67
23
93
 1
66
 6
52
45
35
29
93
99
13
41
17
73
16
14
86
66
85
43
24
68
90
64
34
64
87
25
81
88
51
19
76
85
76
22
54
 6
79
29
58
 8
83
33
72
84
19
56
27
91
30
74
26
98
23
15
16
20
23
 3
45
81
 2
38
27
58
36
44
73
21
48
98
93
71
92
82
26
77
55
54
25
72
16
78
30
63
24
34
57
98
82
18
59
32
47
65
65
40
57
14
55
28
99
32
88
91
19
33
34
56
93
83
25
57
63
64
81
 6
41
58
23
79
 7
27
30
97
93
69
54
13
72
 9
41
74
67
 9
83
25
63
55
51
31
69
 8
14
58
15
78
19
78
91
10
25
 3
56
20
62
45
10
 6
 7
15
36
42
72
19
55
92
65
89
46
57
27
27
93
72
27
45
38
97
81
43
66
91
25
60
16
23
51
51
41
13
81
48
23
58
82
28
39
28
65
63
14
81
12
72
46
10
44
46
20
38
 5
70
27
95
27
13
89
95
96
 3
 9
16
83
71
31
40
 7
75
65
50
63
79
32
 7
47
 8
80
35
97
50
68
45
19
41
 6
94
83
74
 5
31
90
92
98
19
63
99
82
 1
74
48
55
72
86
37
87
41
77
85
24
47
62
 6
13
 4
52
45
10
48
96
22
10
57
24
28
73
17
23
15
18
90
12
39
99
97
 7
89
91
32
42
63
70
31
59
21
11
27
31
81
17
96
12
89
76
39
82
21
65
85
 6
52
 1
92
43
53
61
10
46
52
75
58
72
10
88
54
58
61
32
68
76
57
75
69
23
70
96
71
50
96
79
84
 6
 9
17
26
89
 3
76
77
69
97
91
36
 4
 4
22
71
75
53
76
13
 9
93
 6
76
69
20
85
85
 9
87
91
58
62
39
74
42
67
12
52
54
92
59
17
11
64
32
82
19
75
82
61
79
42
15
 2
15
40
49
78
49
34
34
50
40
63
59
 2
29
91
12
66
79
75
30
48
67
81
92
52
17
66
94
25
23
90
58
28
64
68
32
34
61
 4
89
77
39
40
44
51
 7
72
44
71
75
27
62
 5
24
76
89
89
73
 6
92
34
31
63
72
23
89
36
98
33
55
86
15
63
57
75
28
95
32
20
59
88
48
98
67
28
31
69
41
22
79
97
39
68
26
67
10
93
40
70
40
77
 2
51
79
73
74
94
 3
28
94
38
17
14
90
94
15
80
75
78
70
50
 7
93
60
36
67
 6
37
20
48
46
 7
90
 4
62
64
44
59
72
21
68
18
27
87
12
75
64
35
47
76
16
13
45
18
89
37
64
45
77
27
56
32
87
 9
18
98
83
56
81
62
30
97
53
62
87
49
23
64
98
19
34
89
91
11
52
53
32
11
 2
84
82
63
26
93
59
17
28
59
72
54
67
20
34
 1
44
20
15
90
55
 3
43
13
71
 4
13
18
85
44
10
83
23
48
12
41
24
21
79
56
11
90
85
68
52
51
 1
63
24
19
 2
10
93
17
86
27
 8
44
85
98
33
99
62
15
19
29
59
60
20
81
10
18
76
35
73
14
59
62
91
74
96
19
37
14
89
20
62
28
17
67
10
22
55
19
73
25
 5
56
10
33
54
34
59
46
58
65
88
18
84
40
14
84
87
20
 6
17
70
13
56
43
92
65
83
70
82
80
77
92
19
93
49
81
37
16
84
51
13
93
76
16
94
59
25
 2
46
49
92
47
32
72
95
58
50
65
 1
35
17
51
51
58
21
38
60
34
52
53
89
94
16
62
78
52
29
75
24
94
41
74
78
40
47
69
57
19
29
29
54
15
35
81
22
18
89
24
20
33
57
53
21
 5
65
51
36
83
99
33
63
90
66
93
37
37
54
51
65
31
87
51
32
20
84
 5
59
29
29
16
 3
25
77
 7
78
67
84
71
87
73
88
58
37
78
33
40
44
95
68
53
89
59
 9
62
20
68
82
39
85
10
63
16
83
71
13
94
 6
23
15
70
63
94
49
60
88
 3
78
82
71
77
73
96
47
26
94
26
99
88
21
88
66
36
40
59
29
38
34
75
90
78
20
30
97
30
12
34
 8
70
60
24
82
54
29
83
 3
15
73
41
51
19
61
38
13
42
28
14
 5
 3
85
96
73
93
88
65
16
71
70
60
30
46
56
 1
46
10
61
 3
64
69
89
41
50
 4
39
63
87
24
16
85
75
52
80
87
37
93
27
27
44
21
99
 3
40
54
69
84
20
35
72
25
92
91
14
92
69
 2
60
16
97
36
16
14
99
83
 7
63
12
58
65
99
 4
89
39
 9
68
79
22
80
65
29
35
10
90
41
36
96
78
77
 2
40
94
91
62
68
35
 1
23
23
77
28
56
 2
10
97
 3
12
91
64
58
28
34
 4
93
95
11
39
70
90
43
 8
16
57
80
63
13
60
32
19
59
49
57
 6
73
86
82
75
77
27
34
12
47
 4
79
78
64
11
50
65
52
46
30
73
23
79
 3
84
43
28
44
62
19
11
25
49
14
43
29
60
22
58
66
85
76
14
50
81
37
63
56
61
36
65
96
70
18
97
56
45
54
47
17
65
75
59
97
77
93
92
61
 2
64
90
 7
 4
55
 3
92
51
70
48
19
24
 2
88
 2
 2
65
91
81
98
66
31
94
70
74
31
41
70
52
89
84
57
 8
93
19
50
18
48
48
35
95
43
76
13
51
90
98
79
 4
23
66
53
25
23
19
30
34
47
67
64
53
28
99
93
25
22
16
62
19
61
56
91
19
13
18
44
 4
76
39
26
42
38
46
80
93
 1
26
 5
46
13
36
57
76
31
 8
88
61
14
56
43
33
88
53
84
16
 4
73
94
 6
92
70
71
61
69
 4
10
59
78
53
66
70
17
54
 7
29
59
 6
27
33
93
44
49
60
12
71
92
33
47
22
 2
23
13
39
58
16
31
66
28
32
 6
28
96
41
35
73
28
38
 6
84
 5
32
68
33
98
19
44
43
97
90
60
92
60
42
48
83
34
29
23
12
85
43
63
81
82
64
25
93
94
53
98
36
26
16
29
20
71
51
36
91
97
80
43
57
27
75
46
45
60
98
28
59
88
44
66
40
27
18
29
62
43
43
 2
47
 5
21
53
53
 3
21
71
44
92
64
80
35
14
53
85
58
 4
94
18
81
 4
10
68
22
35
49
74
73
68
 3
12
 2
65
49
 2
24
89
14
67
19
99
79
43
94
95
29
79
55
44
57
42
93
57
38
53
50
26
80
72
66
22
44
59
80
40
78
19
73
87
38
77
35
39
32
83
49
 6
77
78
66
69
96
40
58
34
47
42
38
29
 5
20
29
19
 6
11
61
70
57
34
87
12
22
87
 6
43
 1
39
60
37
96
64
15
74
 1
34
85
80
76
86
99
77
87
95
96
29
44
66
17
 8
 6
62
99
37
18
21
41
54
37
34
35
41
 7
54
27
67
24
28
32
 1
87
76
44
20
64
66
48
85
42
60
20
14
16
 1
88
98
97
31
52
22
64
72
27
29
48
 1
20
61
94
12
 4
56
66
36
78
10
46
79
14
79
99
62
39
59
53
33
84
87
57
 9
42
 8
75
48
39
71
83
89
12
83
12
64
49
72
18
21
 5
14
10
67
66
60
40
74
38
23
51
25
60
57
13
79
13
79
38
36
21
99
97
41
16
67
50
40
66
31
68
21
25
 5
12
50
30
38
11
36
81
94
21
28
36
21
 4
98
62
18
89
94
64
 2
97
11
43
58
51
85
99
73
70
65
35
67
73
29
71
82
78
17
25
72
40
77
80
48
90
63
87
 9
41
71
14
27
12
87
98
 6
33
28
39
 1
94
14
30
93
91
89
 7
21
33
25
26
64
60
95
 9
72
55
99
80
53
74
91
56
82
90
92
89
75
80
77
27
74
33
58
 1
86
34
 4
97
43
85
 1
38
85
 6
84
80
80
 4
69
30
54
44
68
30
38
 8
88
16
38
53
34
43
13
 2
32
33
58
43
27
54
93
70
20
 8
65
71
36
 7
25
59
67
24
31
75
 4
15
19
54
64
74
75
84
77
23
95
39
94
14
28
27
97
33
81
41
90
84
38
25
19
41
14
73
26
43
 9
65
73
44
11
49
49
61
76
76
72
44
63
 3
47
23
27
72
40
37
72
75
59
11
50
 5
93
86
15
13
10
69
22
84
48
90
60
29
 1
66
43
 4
68
32
12
73
19
40
96
33
64
14
89
72
 2
25
55
23
 3
91
56
72
19
77
16
75
74
79
73
54
18
80
83
14
 3
59
98
55
79
40
84
37
61
63
20
53
30
65
18
61
70
53
25
63
85
43
43
49
92
80
14
 7
28
88
18
26
89
46
42
72
27
95
49
84
10
28
 8
59
94
66
11
75
 9
13
67
24
79
35
68
91
17
12
 6
90
97
71
72
29
34
58
17
70
97
74
60
44
68
96
54
56
74
58
18
91
13
61
89
 9
 2
23
64
62
53
36
30
29
23
10
85
88
24
 9
59
19
62
42
92
60
85
 9
25
30
85
68
30
 9
61
35
57
99
90
69
11
86
90
63
32
71
38
77
 4
37
29
57
64
 8
24
63
34
49
90
48
39
89
78
21
49
95
19
17
93
96
16
37
 3
66
98
53
13
85
12
51
83
80
 7
11
84
50
21
96
80
95
98
45
82
63
38
37
87
96
34
38
84
22
84
82
38
76
38
 9
33
64
43
97
90
97
97
25
36
78
27
98
38
60
 9
79
92
 6
82
37
63
25
38
74
70
23
36
61
27
58
45
82
15
19
70
83
99
40
26
97
90
49
48
24
21
71
 4
73
71
88
66
33
 8
67
49
51
56
65
44
25
90
30
50
72
36
85
63
75
95
28
 2
78
80
40
27
21
53
34
51
 2
77
 8
75
39
60
79
68
41
 5
37
19
23
57
81
60
24
37
19
26
30
71
54
17
60
97
52
40
37
69
20
 4
80
31
82
32
64
66
93
81
