400
41
12
77
52
39
28
 1
21
 9
75
22
73
 9
 8
36
83
76
64
22
86
24
22
47
24
69
43
29
65
68
10
29
87
64
17
30
68
 2
72
52
79
19
45
81
38
82
99
45
13
76
97
30
22
76
53
60
23
74
60
28
50
48
79
27
92
34
65
28
39
43
67
95
33
28
59
67
28
62
32
68
93
52
15
43
71
17
48
11
16
74
80
73
46
71
11
60
12
72
55
45
16
77
41
17
97
60
22
45
19
97
25
21
50
 2
97
93
 4
 6
91
23
10
14
34
40
91
86
29
35
15
52
48
74
87
18
34
74
76
87
97
 7
19
38
 8
91
93
72
86
39
25
 6
78
89
 1
90
15
30
62
45
67
23
53
92
61
38
73
73
94
97
54
28
 3
61
71
30
19
41
18
55
76
59
73
73
 9
76
65
43
73
64
70
86
68
72
63
58
74
72
33
48
80
88
 2
46
23
41
52
14
 4
 1
 1
87
29
54
23
62
96
21
64
59
20
84
60
53
83
99
66
61
26
40
56
47
58
21
72
52
94
 1
75
30
22
74
 7
58
58
47
82
25
64
32
47
76
25
58
10
84
76
95
67
62
12
23
68
66
 4
39
 6
 7
21
18
86
15
39
38
81
97
45
79
92
 9
42
92
44
74
18
72
33
13
18
22
55
65
88
28
28
 6
 6
60
25
13
58
87
65
 2
30
41
57
85
24
20
31
57
71
55
68
83
85
35
78
71
86
11
 6
27
74
80
30
56
57
74
36
25
25
31
28
20
80
 1
53
49
90
55
 9
14
 2
44
22
79
77
77
27
87
74
69
76
42
42
32
 3
 9
62
44
34
40
 1
91
24
96
85
10
66
61
99
94
72
17
93
56
89
83
 2
53
95
86
79
75
10
61
27
50
 8
51
37
98
93
 6
21
32
36
55
49
30
81
