200
86
62
32
71
31
 1
53
32
76
88
92
66
 4
36
15
59
89
59
65
38
 7
37
91
51
69
83
15
 7
16
62
69
64
 6
10
22
36
22
96
86
80
53
87
11
56
48
34
 4
 5
29
62
50
37
36
87
61
 3
 4
 9
58
93
34
41
 9
79
75
 4
89
27
64
45
47
86
36
33
99
 8
79
43
39
73
21
40
14
93
14
32
16
74
46
11
73
83
 7
69
67
35
37
89
68
14
27
11
21
69
42
47
61
87
81
92
10
68
32
67
 3
42
10
41
29
26
87
89
22
58
63
30
71
23
81
74
16
98
78
65
63
34
35
15
25
92
32
19
79
76
75
82
85
54
88
91
42
 5
66
12
91
33
32
15
21
25
45
23
13
18
82
89
 6
65
26
77
34
56
 7
69
81
70
11
77
54
30
15
70
70
40
65
97
89
59
37
26
84
 5
11
60
60
43
 1
76
48
38
