800
94
 5
 7
54
28
66
98
24
47
27
68
78
59
73
37
28
52
44
73
16
 9
91
43
89
83
 6
61
 3
92
84
59
34
21
38
64
92
20
38
26
79
92
 1
63
72
32
11
83
24
20
65
40
17
43
48
70
75
43
34
10
84
53
10
94
 8
32
 7
49
49
60
61
 3
66
91
71
97
66
51
78
39
98
46
38
66
76
89
 8
81
33
16
16
15
56
77
49
72
93
86
13
30
90
22
91
38
40
52
92
84
97
75
72
88
65
60
48
82
80
66
82
17
15
34
35
97
23
22
 5
66
47
87
18
99
18
76
95
 8
41
28
76
57
40
61
97
93
24
42
35
39
46
94
90
90
49
72
34
 5
24
44
85
19
12
86
42
70
68
87
49
64
95
19
97
71
 1
62
70
81
57
14
97
13
29
87
63
89
55
58
17
 2
35
92
11
49
12
82
65
75
11
22
34
27
11
71
87
 5
21
29
13
57
32
51
97
96
15
58
41
72
34
59
44
79
64
20
11
44
58
20
26
74
51
38
44
92
81
82
39
57
76
 8
59
92
 4
68
52
 9
26
16
68
67
72
95
38
45
55
68
22
64
44
90
26
43
28
95
85
25
85
91
 3
52
78
44
53
36
 5
34
42
91
19
65
 7
76
38
31
79
34
85
81
92
42
49
34
21
83
16
44
67
61
83
86
88
30
70
76
48
 5
59
58
 4
 2
84
10
20
74
87
77
 9
98
66
 1
81
79
35
37
29
18
24
39
15
12
24
 4
66
58
33
45
 3
88
71
 3
34
27
49
48
87
 5
58
91
25
18
44
59
53
56
50
31
28
90
90
27
55
57
38
25
66
23
78
83
90
49
29
71
89
69
70
77
93
85
75
81
87
87
99
91
82
17
27
94
52
66
95
51
32
52
40
78
78
34
54
23
91
20
 9
19
88
57
44
89
35
 7
43
99
15
28
48
26
57
81
80
57
99
34
49
55
94
21
29
39
47
22
44
92
93
 8
68
44
 5
39
96
76
15
28
57
42
84
81
39
92
70
42
12
88
24
 5
97
77
 2
59
92
32
81
38
62
17
98
89
49
94
71
86
91
24
48
82
92
56
33
12
56
13
25
62
 5
12
39
 9
21
53
22
38
95
24
49
59
62
19
13
14
79
64
84
91
26
16
57
76
 9
36
57
 5
16
 7
36
76
31
92
21
98
31
14
34
96
92
31
75
81
29
16
57
 2
70
90
98
68
31
33
76
84
52
21
13
67
73
92
26
92
43
45
 1
51
79
88
26
48
21
20
46
23
80
26
56
46
18
65
24
53
73
54
46
56
51
95
16
29
15
85
24
89
78
30
71
66
47
 5
93
76
 1
96
 6
23
70
60
48
14
 3
19
34
 6
52
52
20
12
21
95
40
41
59
96
75
18
59
56
84
58
51
84
45
39
40
20
59
47
91
30
77
40
88
36
61
 5
 2
 1
56
43
58
99
19
76
65
32
29
99
93
75
54
70
46
47
92
62
29
93
70
75
61
40
 2
34
26
41
95
54
92
65
27
16
47
37
47
31
22
99
45
32
72
91
47
66
15
12
62
48
40
68
61
15
41
95
84
75
46
12
86
75
28
12
12
64
53
79
77
20
53
98
93
77
70
53
95
30
80
87
90
66
36
41
14
95
20
95
99
18
67
69
45
14
43
 3
 1
95
30
49
20
84
17
30
53
77
48
53
88
70
94
88
20
63
57
56
71
64
25
37
31
84
94
80
41
41
11
96
89
91
11
15
49
83
 9
85
11
41
49
36
75
12
50
22
 2
53
34
 7
34
93
16
14
71
72
10
62
 2
43
40
50
88
 4
17
89
92
99
54
62
67
51
 4
