1000
78
59
15
10
 9
 3
57
26
56
14
71
38
77
24
84
41
95
80
81
59
85
99
37
65
61
51
23
14
 6
30
20
38
40
41
20
81
30
59
53
54
98
10
22
62
24
 2
84
 6
39
95
59
95
67
 4
96
75
35
14
92
18
92
52
93
59
63
61
50
56
98
 7
88
27
 9
90
48
54
66
89
60
22
71
98
 3
47
45
88
17
 1
56
60
29
63
42
15
33
 7
43
 6
21
67
86
98
76
80
56
22
35
45
89
 6
33
 9
15
 3
40
17
92
 9
 1
19
66
38
72
96
91
95
92
90
22
22
67
84
64
97
 5
33
60
26
83
97
77
77
91
70
34
88
15
38
75
36
18
88
59
47
88
99
68
74
97
 8
89
16
45
 9
 2
77
28
89
81
87
20
11
 9
42
 1
92
42
87
97
82
62
45
12
58
70
52
64
88
 4
44
49
35
84
51
36
78
60
20
75
36
33
48
91
19
59
48
92
47
99
97
78
51
15
24
95
57
83
74
 6
13
19
 7
16
37
88
54
39
65
 3
15
49
47
73
10
68
87
 1
51
74
90
13
71
67
86
93
68
57
 1
32
97
45
56
37
72
39
63
32
 8
79
72
87
65
21
79
 6
34
41
19
 7
16
25
64
37
22
 1
57
53
81
56
87
91
61
35
40
75
61
36
45
91
56
 2
41
68
78
35
71
80
43
22
49
39
17
94
90
71
25
35
74
50
81
23
 1
87
65
47
16
50
 4
89
 1
92
 3
71
47
98
77
10
52
97
14
46
48
64
41
 5
80
63
11
44
77
32
92
58
 8
93
69
79
71
72
38
59
30
 7
 7
78
97
24
88
31
30
 2
87
70
23
42
80
48
27
 9
71
32
42
46
46
37
60
26
93
47
30
51
15
74
19
50
92
33
35
93
51
61
99
84
63
73
10
30
38
91
 8
46
57
19
79
37
85
 7
96
51
17
91
47
92
87
37
38
87
39
68
39
48
13
31
39
85
98
56
85
82
27
72
85
67
81
47
34
46
64
84
37
80
74
73
13
99
28
20
43
31
87
38
20
27
29
44
12
91
11
40
54
49
67
 1
 7
 5
11
83
84
11
42
59
85
75
66
76
53
70
10
69
70
39
37
19
25
67
69
78
65
33
77
69
62
79
93
57
 4
42
76
14
45
65
93
95
33
40
48
 6
29
 2
20
 3
44
17
48
 8
35
 2
 7
80
32
90
35
12
83
18
44
93
88
 6
67
48
63
42
94
24
52
28
36
88
32
88
54
 7
73
18
37
26
63
58
27
68
26
91
78
53
31
 5
67
38
65
73
30
16
21
68
39
52
 4
40
 6
72
89
18
16
45
48
39
81
15
60
67
25
36
50
 7
63
 4
49
80
26
85
14
67
72
73
35
70
23
55
29
22
90
29
68
79
19
50
45
29
21
38
11
50
 5
46
89
59
 4
95
17
79
87
 5
 6
56
62
91
56
70
57
85
54
68
84
51
62
55
88
27
26
77
49
81
31
27
78
32
11
15
73
83
51
34
30
38
92
56
24
68
70
86
59
61
91
18
44
53
 4
28
56
51
35
27
23
53
75
17
70
 4
69
86
 6
41
98
74
40
96
12
32
45
22
96
34
54
79
38
59
80
72
58
74
64
70
 2
61
57
80
29
34
12
39
 4
37
92
66
42
26
15
64
86
91
69
92
88
28
82
 1
72
26
63
66
27
67
64
 7
40
18
27
17
14
87
43
87
36
72
87
78
98
11
61
98
21
92
 1
44
36
77
87
63
59
 1
29
14
42
79
17
52
49
72
67
35
85
88
17
72
72
49
 2
20
22
50
94
28
 5
40
 3
59
61
86
25
76
49
11
64
19
75
80
94
71
10
55
69
30
34
39
91
90
 5
66
 4
51
96
58
41
52
16
83
99
43
22
61
61
21
74
29
23
 5
29
33
73
99
90
40
87
17
84
44
38
 6
 8
74
25
58
43
52
32
42
10
21
73
25
 8
 1
68
48
53
80
11
17
39
 1
44
44
42
46
33
36
94
99
34
57
43
66
55
48
17
40
14
43
33
95
65
52
47
 3
31
83
86
32
 1
24
79
42
 7
85
98
44
77
47
59
 3
68
55
53
86
43
50
 8
29
39
69
12
99
76
 1
98
61
44
22
62
98
19
14
56
12
65
75
84
46
51
35
 3
45
38
82
67
23
96
13
38
25
68
10
59
71
67
59
58
65
 6
33
50
43
55
98
11
63
41
37
98
15
46
 2
90
16
51
92
98
10
82
10
66
27
76
23
71
96
59
46
53
 5
30
54
 6
76
55
13
17
47
57
65
35
60
11
74
16
 2
25
11
46
