2000
85
29
22
64
61
11
41
55
16
19
97
14
27
 5
72
54
30
49
79
 8
69
82
99
59
47
55
63
39
59
70
23
42
17
70
95
36
 4
80
13
52
99
93
60
 5
 9
 7
41
32
22
99
50
13
45
50
93
57
36
86
28
 2
83
80
77
32
50
58
76
49
35
48
14
11
63
46
29
57
68
12
15
58
70
69
97
87
16
32
48
55
73
32
79
26
70
69
97
27
57
51
61
91
66
49
 3
29
79
38
93
78
51
48
81
43
22
97
79
35
41
21
58
46
52
82
17
85
67
68
58
82
56
70
65
85
 7
34
 7
92
63
90
64
11
 5
53
 3
81
66
82
72
95
79
23
89
 9
16
88
61
92
18
22
 5
30
13
92
29
87
62
61
30
74
82
85
74
34
70
75
11
52
43
82
78
43
83
48
78
 5
50
63
57
91
65
82
56
94
38
56
14
88
34
96
45
28
49
63
77
59
87
70
 9
18
40
15
20
83
 5
20
36
80
92
74
68
60
44
11
 1
79
93
58
 4
12
24
18
96
90
19
21
51
32
93
 7
71
26
87
58
41
61
92
67
43
68
24
51
82
13
90
78
 2
74
84
56
 4
20
26
 9
 3
87
98
21
90
33
21
57
49
 7
66
47
 7
53
89
33
52
82
71
83
 9
97
37
66
91
54
64
66
40
 4
35
67
53
26
40
79
18
77
98
11
59
80
 3
77
 7
69
39
66
89
23
13
20
78
95
10
64
77
76
31
62
61
93
41
96
 8
96
43
75
74
16
54
58
94
44
69
 4
49
56
78
27
51
74
70
65
45
25
36
70
35
83
33
79
40
52
30
11
99
76
53
44
24
30
13
 7
19
82
86
42
67
91
44
82
 6
 5
12
88
81
35
37
93
14
 4
65
13
67
76
86
34
34
26
63
83
52
39
92
66
65
67
22
65
13
91
68
11
94
66
55
14
84
13
32
53
37
47
64
15
58
96
90
98
86
91
12
49
67
95
13
62
44
51
89
 6
64
 5
79
 2
30
97
64
30
73
76
36
74
95
12
21
99
49
78
21
46
 8
 1
87
56
97
86
86
26
31
72
49
57
16
14
 4
50
97
21
47
78
89
81
63
95
55
75
68
37
96
24
51
29
15
69
24
79
94
32
25
97
78
51
11
73
88
35
64
64
51
40
61
65
93
15
23
62
52
 5
86
62
84
66
54
 7
 4
93
99
52
32
89
38
29
 9
98
25
61
23
21
81
57
21
47
12
54
68
 1
21
30
95
47
 6
63
13
75
96
51
36
57
43
67
 4
49
28
80
17
 2
98
93
80
59
71
54
 6
16
47
66
23
94
60
63
66
37
98
92
 5
52
43
42
47
28
27
80
28
33
99
20
68
38
74
 2
49
67
47
91
78
 7
66
86
82
89
43
36
16
91
89
58
 7
37
57
68
49
55
73
99
42
 3
48
28
 4
68
52
73
33
 3
20
12
82
61
14
55
97
11
64
32
69
14
45
29
85
 2
97
27
17
75
50
98
 8
48
72
92
31
34
70
57
62
53
97
67
35
 9
80
74
41
20
21
46
23
88
80
35
34
51
19
27
 5
11
72
10
 8
99
63
11
33
67
20
63
86
43
81
23
21
61
 4
 4
 4
11
99
77
44
88
59
63
59
27
73
84
35
62
 1
20
45
17
10
89
64
79
36
58
77
31
76
47
 1
16
70
64
 4
11
91
39
72
68
89
61
96
 4
13
28
 5
21
44
79
46
98
99
46
51
67
 3
67
32
 7
78
24
 7
54
11
34
75
86
81
52
22
66
29
36
 2
92
82
91
79
60
57
99
61
72
15
 6
88
14
47
79
63
99
81
43
41
39
 5
51
80
33
49
48
72
 9
80
52
51
35
25
22
98
36
44
47
58
 7
35
 4
49
84
47
38
11
69
79
 3
80
23
76
16
98
84
72
64
83
 3
91
37
42
12
79
72
74
90
51
49
29
98
38
83
72
31
26
50
33
11
58
16
69
38
 1
83
32
 7
29
53
80
40
62
73
97
35
85
 8
87
51
77
92
87
82
96
 1
72
86
53
79
14
57
 6
97
28
 4
95
72
 7
 1
88
71
61
99
34
 6
59
50
76
 1
95
30
63
26
70
27
81
17
36
71
48
48
55
69
 4
79
46
23
26
57
68
 2
22
85
 1
42
97
39
92
40
81
35
22
19
99
53
34
33
61
 7
17
89
72
42
83
46
30
95
87
83
 8
74
85
79
94
76
39
14
91
35
83
20
30
 3
68
98
23
41
58
39
98
50
47
28
37
 2
45
23
62
95
86
56
99
19
47
37
68
28
91
44
97
16
40
40
44
 5
 3
34
16
12
44
17
55
40
26
60
99
30
10
65
70
34
49
97
 9
44
69
16
 5
37
46
49
49
63
91
85
47
52
68
73
10
51
16
69
90
75
27
43
66
88
68
74
28
76
53
47
87
65
82
85
58
 9
60
26
24
19
91
74
57
64
79
47
81
 3
16
39
57
68
93
17
86
96
33
87
 1
98
49
30
39
54
43
55
83
58
65
59
47
82
13
60
88
73
23
73
55
69
14
98
10
38
43
 8
61
37
41
74
51
85
59
57
10
43
31
65
30
10
63
16
88
13
52
32
54
17
54
54
 2
11
96
59
94
12
64
25
32
45
47
41
40
29
76
20
93
25
44
91
46
97
28
49
69
31
27
 9
62
43
 5
75
39
50
75
61
58
29
17
64
93
24
31
25
25
34
67
96
32
49
 4
46
73
63
 8
95
53
15
75
49
18
11
76
 6
32
68
83
84
43
37
33
 4
84
28
91
 2
60
11
68
50
13
28
54
72
56
59
18
75
53
 2
61
45
26
84
41
 1
91
 7
74
40
87
94
17
 5
89
77
52
77
95
83
90
27
72
30
60
49
30
49
49
92
28
89
65
19
83
44
47
97
78
61
24
73
30
65
43
18
42
49
58
96
80
81
15
58
91
85
10
90
29
 2
64
38
84
34
93
32
87
73
 9
22
94
95
32
66
 2
26
60
71
22
76
73
33
59
47
92
58
99
82
11
44
86
98
96
86
75
51
74
78
33
68
17
79
93
25
16
33
33
62
88
85
55
58
86
 1
72
30
51
28
72
69
95
92
30
29
50
95
 2
17
55
84
 7
34
31
63
75
27
20
22
51
68
20
57
16
49
 9
44
61
87
87
52
30
53
16
51
84
93
 5
 8
 8
66
 7
15
98
84
85
50
84
40
 7
20
79
48
16
73
23
62
70
41
59
90
67
96
45
 2
46
71
73
98
 8
50
88
92
23
65
91
42
84
98
17
59
62
41
38
16
13
 2
44
71
25
10
98
17
35
18
34
39
84
40
14
63
81
36
84
50
17
69
66
40
 6
55
 8
44
92
42
46
91
18
98
92
11
50
95
 9
54
 2
50
57
52
48
75
23
16
18
59
83
51
27
89
 1
21
94
51
47
 5
31
 8
16
 9
 9
98
31
73
40
83
17
97
51
16
26
85
78
31
14
91
83
99
19
68
 9
29
68
36
74
97
67
18
24
58
60
10
38
27
66
 9
16
88
43
55
41
23
98
44
35
97
94
36
14
23
71
33
44
21
41
45
37
92
47
18
48
50
85
45
28
89
52
31
18
64
11
42
98
60
76
91
 5
95
72
 6
17
78
71
36
35
34
87
21
46
21
17
98
95
75
98
73
72
77
90
10
 9
97
34
82
24
 2
12
49
92
83
51
66
75
99
92
28
 5
72
72
41
38
48
49
12
85
55
99
65
38
66
29
74
75
 7
27
12
89
 9
 2
 1
25
52
31
91
40
 2
54
19
99
73
57
96
19
25
65
69
56
50
89
98
64
17
64
15
22
48
 1
73
39
22
91
88
54
28
10
63
36
90
29
77
86
 8
 3
83
71
89
31
43
67
54
61
63
61
70
37
79
78
11
62
20
87
72
70
13
50
71
80
75
59
50
29
32
56
83
63
11
45
59
63
64
 2
91
 9
55
 8
59
37
77
94
17
16
13
24
70
78
34
 6
77
32
31
77
53
20
71
19
42
90
96
64
41
25
23
65
28
20
83
63
95
 1
75
44
26
61
28
 6
13
98
73
38
73
56
40
30
52
 7
41
 9
56
36
65
23
21
21
66
81
57
83
62
50
75
 9
 1
19
30
97
42
66
80
66
 8
83
24
36
27
31
90
50
50
80
38
44
54
91
74
 9
 8
 2
11
80
20
65
82
92
40
37
56
21
48
 8
40
56
77
 1
29
52
19
61
88
50
62
12
31
59
 9
 6
58
89
13
92
54
91
87
81
80
27
38
36
65
21
45
 5
40
97
80
70
17
83
57
78
57
58
 4
99
11
23
83
79
14
15
10
48
85
94
14
38
23
37
99
75
52
86
44
 5
15
60
74
96
56
 7
89
 9
87
69
60
67
92
69
41
93
69
77
85
80
40
61
50
47
43
93
91
38
46
 3
61
27
83
65
75
 3
48
90
76
52
56
28
73
55
23
33
56
 2
34
22
86
28
84
62
60
97
60
10
35
26
14
53
27
62
49
78
59
36
27
 8
85
79
28
26
49
30
83
45
12
34
 3
37
19
46
22
67
18
44
77
53
15
64
52
16
77
71
98
13
62
64
64
23
92
33
46
98
49
75
88
34
99
86
56
61
48
15
89
39
 4
16
83
