1000
24
88
69
89
50
 8
60
58
55
74
72
17
19
89
37
90
63
48
53
19
11
94
60
79
10
12
10
95
79
97
79
47
96
57
12
96
70
 2
94
62
31
32
99
64
77
33
81
47
95
49
48
18
13
62
11
24
96
38
31
68
46
75
54
13
 4
21
67
76
35
72
69
45
79
42
60
43
51
10
87
34
84
22
16
45
82
78
75
66
87
55
55
99
29
16
90
45
50
45
14
72
87
63
22
66
 2
72
26
17
20
54
24
21
 6
10
95
60
10
40
26
55
10
62
63
22
 9
58
43
55
85
55
48
63
69
32
63
64
49
51
84
85
61
14
32
56
84
19
47
61
85
60
11
27
37
16
60
 2
61
52
41
32
 6
34
92
62
16
40
77
68
17
65
54
82
49
39
26
76
88
12
52
75
92
56
49
97
86
33
67
40
57
56
83
56
54
28
91
15
61
61
19
87
46
61
68
76
52
94
90
99
37
15
15
69
15
55
32
70
25
89
33
72
66
38
40
86
23
40
 6
 4
36
79
15
18
28
44
83
69
40
53
82
30
91
 9
59
40
31
96
20
33
66
22
26
67
54
75
56
70
49
34
23
46
68
85
61
38
99
79
81
99
75
96
31
56
65
37
34
21
18
25
50
58
70
23
35
31
83
54
45
36
15
29
53
88
83
82
31
13
43
91
61
37
20
17
38
49
14
 2
 8
78
47
98
26
 1
43
49
73
99
15
71
93
 2
53
10
25
19
 2
79
65
89
91
66
48
87
32
13
74
67
43
64
71
16
89
81
28
 2
40
14
75
47
 4
31
60
64
42
17
90
54
40
98
78
 1
18
45
85
90
67
96
85
50
 4
45
38
69
11
50
 6
84
60
87
96
81
 4
50
77
 7
 8
48
24
48
17
69
56
65
49
31
41
21
75
88
89
25
95
26
44
 8
75
87
79
60
52
 7
15
43
65
52
45
96
18
66
21
88
41
28
58
82
56
85
 4
88
 9
15
72
 1
62
43
43
38
43
87
45
21
10
60
29
 7
35
69
39
87
94
89
99
98
23
26
12
38
56
32
82
35
 9
15
95
71
95
97
16
97
71
55
69
45
74
 1
62
85
58
46
 6
15
 2
95
97
33
68
21
19
 3
14
49
12
39
21
37
90
17
37
46
63
61
15
99
86
96
35
37
56
24
75
33
62
99
53
24
79
83
78
78
54
31
41
79
43
11
82
36
61
99
68
 8
 7
35
25
45
 8
19
25
40
77
98
23
93
97
48
 6
70
27
73
55
76
63
62
95
21
57
98
31
82
84
66
26
59
88
63
47
22
14
44
27
41
13
26
36
98
76
48
68
91
44
65
92
99
62
19
84
32
48
82
98
47
 7
50
87
35
78
23
30
72
59
89
70
25
72
50
47
27
30
74
92
 4
58
51
85
44
41
 8
58
32
38
76
17
20
49
65
80
34
62
24
12
44
67
53
30
41
85
57
84
71
64
87
78
81
20
59
23
15
60
23
17
98
68
31
11
90
 2
15
77
 8
50
12
33
97
36
19
30
98
 6
60
72
28
56
26
72
62
98
54
92
25
52
39
 6
69
 4
29
 5
66
29
82
97
73
74
67
28
 2
35
56
38
62
 7
14
35
 8
58
21
68
37
87
30
77
97
22
18
18
39
28
87
20
59
64
37
11
 4
87
 4
30
33
 3
19
70
59
86
 1
88
27
87
80
 7
61
 1
20
60
67
48
 3
93
65
49
63
73
92
18
34
28
31
66
69
67
81
53
42
91
74
63
41
50
13
39
 4
75
47
74
90
17
74
76
26
18
62
96
39
77
98
66
 9
12
49
 7
49
67
43
71
48
10
53
76
88
33
 4
77
67
 8
66
68
39
22
71
29
97
26
 5
22
38
48
17
60
85
70
 9
29
59
52
23
13
43
83
98
88
34
46
44
40
39
85
52
60
 4
46
19
97
20
97
27
98
15
88
 1
23
70
57
23
73
51
41
37
 6
19
17
76
83
96
97
90
34
67
36
93
54
51
59
87
46
73
60
22
21
61
 6
 8
50
56
72
62
 5
11
51
11
49
48
58
 9
68
37
89
 8
41
84
37
42
73
84
26
56
10
25
87
43
 6
98
 3
 9
 7
16
66
54
 5
59
96
78
18
90
 8
77
70
45
22
68
14
 9
 6
 7
64
42
 9
16
98
26
99
 1
93
88
76
82
33
11
35
90
82
51
86
84
52
90
 7
25
39
46
91
58
75
42
14
58
93
96
64
62
90
13
67
69
42
24
22
17
37
85
18
19
66
75
29
80
70
75
50
52
44
 2
92
69
24
71
75
23
50
54
51
 6
38
 6
