1000
97
66
39
80
46
19
 8
23
90
29
 5
20
48
68
60
68
10
78
89
85
 6
79
23
39
91
80
83
66
79
90
32
70
65
10
80
22
62
29
88
 2
 2
96
45
95
20
81
61
55
57
13
54
73
33
93
75
62
94
92
36
82
 9
 8
98
27
97
91
91
 9
90
48
 1
26
76
84
 6
81
54
28
12
40
49
93
47
65
88
 9
67
39
24
71
52
13
69
83
27
84
62
95
94
40
11
13
 4
81
26
27
53
49
14
84
58
71
21
86
55
76
 1
17
96
49
16
83
11
97
27
98
49
28
68
63
39
50
99
71
34
42
13
19
79
99
65
38
13
78
56
13
84
56
91
19
35
54
54
51
13
 7
42
45
64
32
73
96
92
 4
30
77
97
61
42
15
94
75
66
83
63
74
88
51
68
90
84
28
24
 5
69
60
81
47
73
23
47
52
82
59
49
 4
72
98
71
81
67
29
35
46
73
26
68
60
92
46
55
96
97
62
77
32
38
53
62
57
76
42
39
31
46
68
19
86
92
11
 7
27
90
34
54
21
39
84
59
18
97
96
22
30
46
52
82
53
83
34
23
12
 1
24
59
91
65
 6
37
22
53
95
27
 6
58
61
33
40
16
77
37
17
71
63
63
76
42
37
95
70
78
62
49
21
96
94
94
47
80
12
60
16
17
48
23
13
65
 4
68
78
49
42
76
 8
35
63
95
58
92
64
49
68
40
62
55
26
10
94
 7
88
88
82
69
 6
38
72
63
26
53
13
83
49
84
20
25
28
52
77
61
33
 6
93
41
18
32
14
71
 5
82
70
27
97
26
79
62
67
74
78
82
 6
10
97
21
96
60
64
98
97
37
41
19
89
83
90
47
72
67
56
53
69
54
79
57
36
78
17
62
 9
73
91
91
 2
69
29
46
97
17
36
88
22
47
54
53
55
23
32
12
71
 4
89
74
67
60
88
77
51
79
75
14
69
85
39
72
42
15
36
46
66
88
 7
55
92
90
71
69
87
24
 4
52
39
46
73
37
77
35
72
33
74
 9
88
82
29
54
64
78
44
75
 7
30
53
 5
56
35
80
18
10
93
82
77
 1
59
81
49
26
58
16
 8
17
43
23
91
52
56
97
22
17
32
 6
25
91
30
38
95
76
31
45
31
44
75
67
75
29
92
90
 9
25
80
31
 5
16
99
96
 2
21
46
19
28
56
33
14
88
94
97
36
87
62
21
30
75
 9
86
 4
 4
 2
85
45
73
 6
68
 7
50
74
67
81
60
12
81
76
 6
50
50
35
33
85
 7
 2
98
27
55
62
45
99
18
90
46
42
41
 3
34
67
 6
63
66
 5
79
45
34
96
18
82
88
76
21
23
76
87
56
17
52
85
53
52
81
68
84
58
83
83
38
11
32
65
 2
51
67
30
44
42
35
 9
30
84
 6
23
62
14
81
89
63
 5
63
66
11
96
71
29
22
72
92
67
25
96
53
13
85
57
69
81
41
10
28
42
16
67
83
88
56
29
57
33
68
17
41
 6
90
76
48
52
90
34
51
46
22
76
30
85
 8
 4
84
 2
19
72
17
46
93
47
44
76
58
77
61
24
32
42
99
50
29
54
94
71
69
77
26
79
20
46
44
17
42
45
20
40
 2
35
57
33
 5
76
 9
 5
98
47
98
27
42
 4
44
54
36
80
37
76
61
70
88
38
83
89
22
 2
82
72
79
58
84
90
52
74
13
42
91
95
77
13
19
63
 1
58
77
83
92
88
51
18
88
18
 3
 3
49
73
39
92
47
10
66
24
33
12
47
 1
 2
61
 8
86
65
34
19
16
37
98
98
13
50
95
58
 7
96
56
30
62
26
49
15
99
74
16
79
18
86
61
40
99
79
92
68
20
 6
55
44
27
 1
50
 8
24
33
 5
28
10
55
58
31
13
90
54
18
95
25
83
14
27
54
82
71
21
73
24
79
47
15
 4
83
97
64
73
96
13
37
 2
74
57
53
30
60
65
97
 6
62
12
80
40
61
49
19
 4
31
72
34
78
46
34
81
91
79
87
19
61
57
77
32
56
61
36
 3
12
69
34
69
 9
10
38
46
49
13
91
34
39
54
22
34
14
68
49
64
15
14
19
82
45
76
33
55
26
97
94
35
81
11
48
 2
53
70
23
47
 6
52
71
26
83
23
95
69
23
44
76
93
54
20
68
91
86
39
99
20
49
39
38
 6
45
28
42
61
13
97
77
34
39
64
14
92
22
68
82
53
34
70
 6
74
77
75
74
 4
85
27
 7
12
50
87
33
92
48
65
61
87
44
94
68
74
16
30
53
 3
19
65
25
24
 6
36
35
80
33
