800
84
65
44
20
82
99
58
34
65
97
39
97
39
24
20
98
34
27
52
35
64
39
 3
59
37
36
64
97
36
76
12
98
19
 5
 3
93
47
21
33
47
20
 7
57
43
91
22
87
20
68
40
72
79
56
52
72
88
57
 4
35
97
86
93
88
96
 6
 2
49
33
43
67
64
 6
 8
93
94
76
48
97
49
85
79
74
75
39
20
13
16
39
74
 2
54
34
86
92
34
58
 5
48
79
19
98
36
34
33
41
 3
89
53
25
84
70
80
 1
 3
19
12
29
72
57
24
20
 5
73
28
46
13
95
 6
25
96
13
68
35
33
97
33
76
40
 8
59
28
33
85
65
15
55
83
34
55
91
84
42
76
48
65
35
75
 8
98
47
21
57
91
36
73
74
86
95
18
66
29
19
64
95
 7
89
48
24
72
73
65
41
63
76
71
22
25
43
76
36
38
70
92
 3
76
 5
31
83
97
99
16
 8
61
89
38
38
11
88
77
58
 7
34
28
 2
31
94
77
80
68
79
55
67
78
55
89
61
54
97
18
96
 6
98
66
45
33
62
51
34
54
79
22
69
36
53
 2
60
95
45
15
38
36
 2
 7
81
59
59
 8
23
31
67
48
57
51
42
16
20
93
63
97
68
57
63
53
26
24
 3
47
16
34
65
55
62
87
 3
29
64
90
26
87
36
35
 6
29
17
52
53
55
34
13
53
74
33
19
27
85
55
63
90
19
77
 1
76
10
87
 6
10
13
16
54
85
18
11
18
33
61
40
95
45
22
47
86
25
68
30
 5
42
81
46
63
54
69
61
18
81
40
 1
94
85
48
44
 6
51
36
12
51
10
49
96
42
16
 1
80
29
10
71
71
58
63
49
46
58
73
50
93
81
71
57
54
81
27
21
61
68
19
25
67
28
27
90
70
22
47
25
12
76
70
67
79
87
31
46
61
 3
52
 6
11
58
15
15
56
13
63
15
96
42
72
12
65
65
13
77
50
36
 2
72
82
89
 4
37
82
78
67
73
57
75
40
79
58
87
74
15
73
59
59
 9
84
95
76
74
48
 3
27
 4
35
63
31
68
86
49
44
57
22
85
82
83
60
72
12
11
90
80
89
 7
35
13
15
81
68
69
82
37
23
97
65
58
36
50
69
86
83
57
57
 6
45
37
69
71
55
18
80
40
71
20
85
87
29
87
65
 6
 4
79
24
68
54
33
58
26
71
12
35
45
90
38
43
52
13
32
 3
81
85
51
93
97
74
60
76
97
99
18
76
50
52
 9
22
85
65
13
69
88
69
43
30
12
83
39
36
68
91
41
47
 5
55
38
34
16
82
28
54
29
54
63
53
85
86
15
79
53
39
61
96
25
66
 6
42
98
97
29
 9
20
60
 7
46
76
25
65
15
22
87
24
 1
18
57
 1
29
74
90
27
84
82
19
26
75
12
11
32
43
66
27
97
64
67
 4
47
31
82
21
41
88
40
91
15
78
46
34
34
78
76
54
45
10
31
 7
76
71
23
58
30
90
21
28
57
39
71
19
44
17
55
22
95
38
91
 5
45
35
47
68
84
 5
52
78
44
11
 2
63
 5
86
27
73
77
23
17
13
41
 9
89
11
60
 1
69
69
81
83
96
48
29
 5
94
 3
97
50
57
74
66
31
48
 9
22
56
91
34
25
64
54
54
 6
78
74
95
26
68
52
64
71
77
67
50
51
 4
15
41
40
87
40
59
30
93
66
23
64
52
79
21
93
27
81
84
30
91
76
95
41
86
75
65
61
 8
18
52
71
33
79
45
 1
25
53
64
22
11
 5
48
87
78
50
30
78
 1
92
97
13
22
42
45
80
 7
56
93
69
95
55
 1
18
78
 4
35
90
 9
40
26
 4
75
