1500
77
81
44
72
 9
66
17
56
50
33
38
58
49
90
62
14
58
90
67
33
54
91
56
24
92
42
84
75
37
29
 7
 7
85
41
80
42
38
79
 9
97
45
92
37
16
52
38
40
77
88
73
56
98
48
59
39
36
50
89
82
42
81
31
71
63
85
75
22
21
86
99
82
97
56
27
30
35
57
 9
42
90
11
73
 3
50
17
 4
74
27
48
82
50
84
80
48
72
68
62
14
54
22
91
94
98
44
90
95
18
74
64
88
87
74
31
52
 4
67
94
 2
12
30
63
60
49
75
74
20
62
38
44
45
85
91
81
49
92
13
 1
13
31
29
64
70
62
36
 1
29
79
65
12
39
70
61
24
18
69
30
10
96
68
71
 7
16
47
13
87
49
68
62
86
54
18
26
49
62
29
68
19
78
72
94
93
 9
40
21
 3
 9
20
91
23
38
86
52
73
35
93
 2
34
95
 5
35
94
54
47
28
 6
77
21
46
31
40
46
38
65
16
85
92
20
48
34
40
48
13
85
51
12
69
97
10
41
97
50
57
18
 8
14
33
16
38
43
34
31
 9
86
14
47
73
43
48
43
10
62
91
21
98
 6
19
39
43
56
22
31
72
26
41
98
67
32
73
62
76
71
72
59
42
99
73
54
 3
18
41
83
28
84
93
66
82
60
93
19
44
88
58
18
47
26
82
24
48
37
13
21
37
55
94
98
53
16
 6
 5
38
89
 8
 7
93
93
28
15
62
34
95
61
16
33
73
15
59
14
60
26
20
87
52
69
69
13
11
88
18
86
32
 7
20
 9
71
17
59
12
12
85
44
82
33
22
64
54
54
32
52
27
42
88
13
64
27
75
35
39
23
 4
70
85
 6
70
97
98
38
69
36
79
98
99
43
33
95
 6
51
35
25
74
85
74
74
38
23
68
 5
10
 5
96
11
74
 3
 7
18
99
33
54
 1
66
95
58
74
75
84
87
57
63
99
81
41
47
22
35
91
50
96
25
89
36
58
23
42
73
70
66
92
96
94
41
33
54
67
35
59
25
 3
17
77
91
93
22
96
48
35
63
12
45
44
79
19
16
83
23
68
23
82
 4
90
59
62
97
96
31
40
15
 8
58
41
65
 1
34
73
 5
17
77
11
82
35
93
36
97
64
10
79
78
27
89
12
81
 3
84
23
35
35
37
64
27
10
82
53
48
54
84
41
 2
60
29
39
89
51
11
99
72
33
73
54
43
35
89
87
79
58
64
75
35
76
60
46
22
87
 4
 2
54
49
79
56
 8
22
91
23
51
27
58
24
12
66
57
25
35
98
82
 4
 3
17
87
27
50
33
39
54
71
99
21
57
41
84
 6
39
38
33
53
75
 9
22
45
54
51
38
14
18
55
 6
78
 6
79
76
40
92
 9
 5
54
16
70
39
33
 3
40
40
92
69
27
56
98
18
73
72
27
98
46
58
87
69
68
31
33
 5
54
68
 7
97
 6
72
36
16
35
33
35
28
57
80
20
85
37
88
11
78
28
 4
 9
24
72
71
21
24
13
31
46
69
99
56
66
80
14
 3
61
 2
 3
40
17
32
64
57
14
85
47
62
67
98
29
25
39
52
28
54
56
37
99
48
69
26
 7
39
93
82
72
43
51
77
34
59
70
25
10
 3
46
27
61
44
43
27
 5
28
15
71
36
21
29
72
14
 9
97
62
89
52
66
58
94
33
79
 8
10
17
77
27
12
36
37
26
 3
35
11
23
52
89
79
25
37
18
73
 3
10
23
74
25
82
61
53
72
66
88
60
17
35
80
23
64
63
60
52
59
19
72
39
54
44
71
24
16
97
28
20
12
13
86
87
19
46
72
21
95
45
15
59
86
33
45
84
74
23
64
 6
62
78
22
93
96
24
21
85
 7
 2
64
96
91
21
78
76
11
56
19
34
11
61
 1
85
60
52
47
39
 5
29
18
56
30
72
90
37
38
 5
65
48
20
60
79
29
43
 6
63
22
24
16
75
54
10
12
16
98
40
62
53
59
12
85
76
11
17
10
16
30
75
75
22
43
38
 1
56
36
78
 9
87
55
43
48
45
41
92
71
19
 2
86
55
62
15
60
71
81
25
36
28
71
30
13
93
89
49
 2
78
15
37
16
46
85
55
12
97
68
47
69
86
51
47
23
40
15
72
27
35
58
97
60
81
62
86
65
88
50
89
10
64
 8
49
88
 2
73
44
32
31
21
25
60
70
39
33
26
56
77
95
94
 3
14
76
23
49
33
53
58
65
72
37
24
54
24
80
31
33
53
94
66
38
 9
23
93
13
90
 4
37
58
56
45
56
63
45
56
16
30
57
76
23
96
 8
11
62
68
82
43
94
72
11
21
36
28
77
87
 8
75
99
52
53
25
91
77
18
86
28
78
88
45
46
98
 5
28
93
75
 4
45
44
41
36
19
15
91
21
35
 5
60
51
88
47
18
35
56
56
48
88
 7
24
31
53
38
45
64
55
79
49
44
85
44
94
77
23
47
22
16
63
12
 2
81
79
57
95
84
97
76
58
 7
92
35
80
50
78
74
32
 7
34
40
82
74
 6
50
64
52
33
 2
68
55
61
36
14
87
59
55
91
86
20
26
40
 2
59
53
30
16
94
41
21
65
15
71
79
74
20
68
 9
61
50
 2
79
12
73
 5
22
10
67
34
67
 4
38
74
77
78
31
13
85
57
90
48
59
66
77
 6
18
95
45
25
24
96
69
35
61
38
20
37
42
80
87
 9
38
61
45
10
83
78
57
41
49
51
13
24
30
42
11
51
54
40
57
70
38
50
97
63
 7
36
77
77
24
24
16
73
 6
34
99
39
 2
40
96
32
 3
19
69
25
49
18
16
83
31
52
88
74
12
 9
47
18
92
48
82
88
49
66
55
92
55
40
14
96
14
97
19
57
16
31
29
23
67
13
99
52
76
26
36
29
45
55
42
 4
77
69
32
54
38
26
19
98
55
49
63
35
32
84
 2
56
41
 2
14
16
71
48
79
80
 2
 3
50
50
67
72
16
99
10
38
82
85
42
23
30
 1
60
73
78
29
 6
30
32
42
17
97
14
22
79
39
84
57
 2
70
47
74
45
36
 9
52
16
42
48
 8
49
69
18
76
 7
73
55
77
19
61
 7
97
64
25
71
81
46
99
50
51
56
61
96
58
79
20
73
82
11
15
 4
75
78
76
29
78
19
56
42
98
88
98
33
81
88
43
89
56
59
38
24
97
32
58
31
83
 3
96
70
83
93
37
83
60
86
53
10
28
 2
79
54
34
65
64
25
21
80
55
35
31
42
61
59
 5
78
88
42
50
85
35
70
18
45
33
81
56
65
 5
23
19
49
42
58
46
35
72
 9
15
15
12
29
11
52
71
23
54
26
27
80
84
31
99
54
21
35
80
48
83
37
33
36
21
33
92
86
20
21
39
19
38
52
12
55
24
81
71
87
96
93
94
52
31
75
52
 9
 4
12
98
97
76
61
35
29
68
17
28
29
62
74
