500
36
31
80
44
 8
17
58
84
19
14
81
37
 9
 2
85
20
73
62
38
45
96
55
99
60
94
94
81
16
16
99
84
89
36
42
41
87
68
58
68
41
40
53
36
18
50
69
63
88
62
31
54
37
57
51
82
79
75
12
25
58
93
95
61
 3
65
83
61
 4
54
 3
41
94
11
31
17
90
 2
49
66
82
58
36
99
35
36
 6
51
66
76
95
 3
 2
38
73
45
34
 2
93
98
 1
13
74
75
22
69
 3
35
96
15
69
88
 2
36
21
16
84
57
23
64
19
84
52
64
83
23
89
41
54
21
23
78
70
44
58
95
36
55
32
74
62
82
17
43
78
70
40
16
25
90
66
 6
64
86
 3
27
18
67
61
70
62
95
29
 1
90
90
99
40
85
99
91
89
98
50
39
66
82
33
57
84
72
53
61
77
68
64
73
81
10
36
65
82
93
93
81
36
22
41
99
75
50
36
64
 6
 1
 5
40
15
15
90
44
79
31
10
90
 4
29
96
 4
91
47
43
36
44
18
81
55
29
12
36
25
86
47
90
43
24
46
85
85
69
14
 7
82
30
90
69
96
34
79
60
38
89
99
49
70
46
40
22
38
92
89
58
93
84
25
87
30
12
 2
74
 2
29
49
43
64
36
22
90
80
37
88
28
34
84
26
60
20
 2
96
75
26
16
70
37
89
96
69
49
34
14
14
 3
71
18
28
58
91
71
83
78
 5
 4
55
68
57
53
64
31
99
43
63
96
25
56
53
52
54
77
99
92
76
43
16
46
36
82
89
 7
72
79
14
84
90
47
18
50
83
45
40
61
83
27
44
41
49
43
21
29
86
98
68
34
86
85
26
30
 1
88
 8
40
27
77
41
 6
16
 2
45
35
95
84
63
98
 2
32
83
58
23
80
41
39
47
56
62
84
 6
98
42
27
28
23
92
 7
85
54
73
89
22
24
43
85
87
61
26
37
48
57
56
93
80
42
66
99
54
69
 5
54
78
14
52
50
37
98
86
54
84
69
 6
26
 7
93
50
57
64
44
 8
20
72
23
72
93
64
74
33
77
86
76
52
47
66
31
26
68
12
48
66
23
71
54
18
54
29
10
41
 4
35
70
69
33
86
74
75
97
26
94
61
84
83
39
94
67
33
25
18
93
88
25
45
53
 5
14
71
