500
21
16
42
16
33
23
94
97
64
84
80
34
82
49
39
81
 6
36
27
88
28
12
77
 3
76
27
72
41
84
60
92
36
62
27
95
72
51
76
99
47
37
47
 2
74
31
15
32
45
69
88
46
79
40
84
97
83
24
51
42
32
 2
64
45
 3
57
60
57
91
24
48
94
 2
83
37
 7
76
78
43
74
45
47
11
17
48
50
95
35
23
70
67
92
23
86
56
53
29
90
26
65
36
31
79
26
88
87
69
21
27
36
65
46
22
 1
95
33
75
79
41
73
42
23
18
65
69
51
74
83
94
96
98
75
 8
45
22
16
24
85
20
97
46
18
23
99
97
37
94
15
79
53
28
69
49
41
 8
21
58
 7
65
71
63
59
 8
70
39
39
37
56
 5
55
22
10
90
29
65
56
78
12
18
 4
14
90
71
51
31
27
 2
45
13
60
82
27
84
 2
45
51
 3
80
94
11
14
26
69
52
51
78
55
11
56
26
39
62
62
 9
95
19
64
31
21
42
90
11
92
28
92
 5
62
41
97
35
75
17
17
70
13
42
51
64
60
30
 5
27
85
76
46
22
36
44
 9
52
49
40
83
63
69
30
 5
84
67
87
66
65
67
80
68
 9
66
17
50
88
61
51
86
11
47
52
21
38
36
72
 6
33
28
88
16
13
95
56
23
14
30
55
76
28
69
82
 2
12
 2
39
40
44
44
85
44
20
74
18
75
67
48
18
85
66
58
61
50
53
65
 2
33
 6
79
37
36
79
88
73
37
92
48
90
49
24
 7
16
 7
42
73
24
32
13
35
67
60
90
 1
48
81
76
81
35
 7
25
 2
41
86
74
43
78
79
12
97
75
38
18
57
94
87
15
13
42
51
74
69
82
25
89
74
67
36
69
52
96
99
77
45
 4
 3
59
59
91
17
79
98
19
 6
12
13
48
83
19
20
68
23
51
33
92
60
95
59
54
79
18
 2
98
52
22
17
78
93
83
72
81
24
50
59
70
80
89
96
75
77
85
78
17
76
39
13
 2
35
87
94
69
 8
 1
61
24
85
60
83
42
 4
88
28
85
58
26
49
99
28
30
46
44
34
90
38
27
69
27
14
85
94
91
78
92
56
98
67
28
 9
43
68
94
12
14
81
17
60
56
96
98
48
11
 4
96
 6
55
 2
58
99
