2000
69
78
23
54
78
82
98
52
78
11
24
54
99
66
62
22
61
65
 5
 2
 3
65
89
 2
84
17
26
72
90
85
19
38
60
90
32
75
 3
13
74
88
98
 7
16
70
59
79
78
12
42
69
59
29
90
72
42
91
96
84
74
20
61
64
41
 2
43
20
26
49
75
98
85
 1
39
 3
38
19
71
 1
73
70
 6
52
97
43
 6
32
31
93
 7
50
37
81
21
79
44
63
12
54
 8
28
 5
85
76
33
42
39
39
23
34
12
69
 2
21
82
86
16
 8
41
35
43
84
88
74
49
66
18
38
66
 8
44
 8
 2
99
26
63
12
 2
18
89
43
41
 7
63
90
 2
89
18
53
52
 8
 7
62
41
29
69
52
89
76
 7
41
21
96
77
93
63
81
33
51
54
98
84
74
84
88
24
10
11
62
99
95
91
51
70
52
41
62
26
52
80
63
 2
98
85
81
86
63
97
25
46
46
85
 3
39
48
50
66
90
13
59
45
67
21
76
96
22
 5
91
37
70
43
23
94
49
38
86
24
32
 2
99
37
33
79
26
 9
90
24
23
63
75
39
 2
48
75
37
51
79
26
91
48
64
49
59
 3
96
48
40
53
 9
29
36
65
 8
95
16
55
54
97
 2
86
10
62
14
42
35
 2
86
60
46
24
70
15
11
35
64
99
 3
67
70
60
84
15
28
85
39
12
 4
 1
40
42
13
17
45
 6
45
28
31
43
49
45
50
26
82
37
 5
18
56
88
60
48
81
32
54
50
72
48
39
26
79
33
20
24
26
89
19
34
25
59
22
24
37
40
56
15
56
15
33
13
69
45
22
 6
 7
39
83
16
97
39
26
59
59
71
13
70
39
78
88
47
32
78
52
82
99
79
37
44
 1
87
42
54
73
40
48
23
66
98
96
17
71
42
29
 1
48
82
95
28
88
51
23
14
26
74
24
86
15
95
76
44
11
47
38
 2
69
39
16
57
62
73
74
76
89
34
84
15
32
80
 2
65
46
73
 1
78
54
86
 2
21
99
15
66
11
68
29
85
32
94
 7
 6
38
84
74
62
44
85
93
40
33
83
23
28
71
13
10
 6
57
45
98
 5
94
 5
62
 8
15
34
18
10
47
19
 6
 8
67
 6
60
59
87
27
91
51
63
57
21
28
58
29
17
36
36
15
41
19
37
15
59
13
97
58
42
93
71
51
93
24
16
81
35
29
98
16
97
84
83
94
24
14
61
67
54
96
73
63
91
81
 2
49
24
99
74
72
81
82
48
29
24
63
29
53
50
92
90
88
79
14
45
22
35
61
36
34
72
 2
98
71
76
95
61
58
71
98
31
93
57
77
46
27
50
46
25
45
 5
27
97
14
 2
25
67
45
 1
 1
59
72
25
76
16
 8
68
19
11
33
13
50
26
24
42
40
52
53
20
 2
88
70
42
75
77
98
22
11
47
60
17
25
33
57
56
53
98
26
82
71
70
94
58
 3
87
49
55
93
78
54
80
67
83
22
56
33
 7
82
99
73
48
43
23
83
75
97
12
76
94
59
86
31
77
98
13
12
18
38
58
18
56
 4
72
91
40
77
84
61
87
36
88
28
 9
58
 8
89
34
40
31
96
18
33
92
36
94
36
79
46
91
47
64
53
41
15
36
31
61
 1
15
74
42
70
39
93
38
51
 6
11
70
63
53
78
63
49
60
84
 4
33
57
82
53
13
33
99
 8
35
 7
52
26
38
78
52
14
26
98
 3
17
53
 1
78
73
80
13
89
89
98
94
32
11
48
43
 7
20
59
67
15
56
42
19
30
78
23
54
30
69
80
15
96
99
78
20
78
53
39
40
12
31
54
50
93
43
75
29
13
81
94
21
18
 5
54
 2
52
41
71
69
 3
96
44
26
23
11
28
40
60
37
23
65
36
93
76
25
48
49
43
 8
 8
97
12
92
87
95
20
80
 9
 5
83
97
26
 6
63
72
44
47
86
81
31
81
47
13
59
55
 6
68
27
99
15
62
 3
 2
85
29
60
93
22
82
 8
32
43
59
15
28
18
90
27
77
21
16
59
61
63
 5
92
63
70
71
26
87
86
80
23
99
76
22
31
83
78
26
60
58
21
20
42
18
21
 9
49
43
85
60
69
70
55
59
52
40
81
75
96
28
89
40
 1
66
30
12
57
72
43
27
89
90
71
94
42
48
22
61
99
55
18
73
47
27
44
94
66
79
36
67
54
56
91
21
79
52
75
85
53
90
 2
 4
28
 8
31
44
 7
19
 5
70
74
99
37
70
38
74
85
20
70
45
12
82
68
32
90
96
 9
75
28
75
94
88
76
63
17
62
22
77
87
49
85
61
80
32
51
 6
44
73
64
48
12
74
76
 2
74
33
22
39
51
31
83
61
15
41
22
18
 7
75
53
47
96
78
16
52
32
81
52
82
32
 8
 6
84
45
75
77
52
60
62
55
14
75
80
27
73
 8
40
30
69
57
42
14
54
 3
72
83
60
56
47
11
52
24
83
66
33
36
29
48
11
77
45
91
89
62
61
24
82
25
 5
23
20
38
28
79
48
38
12
 6
99
84
 1
89
13
 1
29
37
91
57
89
 6
96
34
26
71
27
99
80
26
12
78
73
60
68
28
71
12
25
92
 7
41
80
62
87
31
 9
 6
91
46
61
94
77
53
80
 3
73
65
83
87
18
69
28
41
 7
36
12
16
84
52
26
12
84
75
10
43
21
62
31
40
47
51
33
40
91
77
76
 9
75
78
17
33
26
73
46
42
86
76
42
98
48
33
39
 8
95
36
91
88
90
96
17
63
84
48
99
94
98
49
48
42
45
55
79
53
28
43
28
73
18
43
47
84
17
65
 2
45
14
77
27
70
55
30
52
95
22
65
47
70
41
23
 3
48
15
67
19
73
20
67
82
84
27
34
14
88
15
46
95
53
30
94
15
70
45
44
69
17
95
68
60
90
27
37
98
34
40
26
83
32
67
19
63
81
62
78
26
37
42
58
50
16
63
12
48
79
66
 3
47
64
65
52
23
83
42
19
38
66
97
74
17
73
10
54
74
36
92
42
64
65
66
66
42
80
52
91
21
97
90
58
10
39
11
51
11
89
43
74
70
69
86
90
56
51
59
18
64
74
11
23
 3
18
30
23
94
52
53
30
20
33
67
43
31
94
36
30
 1
57
55
96
93
31
28
89
42
29
98
36
29
84
30
58
18
48
47
63
78
92
50
57
31
 5
14
76
30
50
65
91
64
47
78
63
49
90
63
16
 6
82
81
17
10
12
85
12
78
20
 2
 4
12
29
47
34
37
41
22
61
74
82
44
71
70
25
84
36
30
56
58
51
79
93
36
57
98
62
37
89
52
 5
51
50
55
45
68
63
17
80
52
84
73
25
43
37
84
69
15
60
71
86
98
13
90
54
59
37
32
 2
61
25
 5
86
24
90
22
79
61
75
45
69
41
17
91
72
49
93
71
67
86
65
58
 7
92
48
62
65
22
19
91
53
61
93
95
55
22
96
69
37
95
38
96
62
95
16
32
81
78
79
87
14
85
68
23
98
72
46
17
38
66
50
10
 3
58
97
84
12
18
26
 2
77
62
55
41
27
91
21
52
64
62
68
92
14
70
66
42
 1
86
22
73
94
 8
66
62
93
98
77
25
66
55
19
71
22
75
59
45
36
79
58
50
92
58
65
38
83
71
42
42
15
12
29
46
61
31
83
73
26
50
10
69
38
51
 2
75
53
67
24
70
76
83
35
74
 2
43
15
74
47
91
65
92
 1
42
56
46
79
93
 1
16
64
99
 1
66
57
94
84
58
 6
96
51
79
41
94
46
20
81
17
89
49
37
 5
86
14
77
95
27
84
97
28
 6
 5
30
58
94
61
60
45
61
14
82
41
83
29
33
80
69
25
83
 1
 3
 7
96
56
43
70
24
13
94
65
71
32
68
 6
 3
59
69
97
96
35
10
81
39
 2
92
72
64
77
66
82
19
38
98
87
80
65
57
75
77
54
52
91
71
81
43
33
24
57
37
14
23
67
93
45
94
 1
85
62
56
96
84
23
56
95
55
29
46
23
32
86
35
 3
24
63
70
20
68
41
91
27
42
45
 4
20
62
38
25
82
 7
46
41
18
54
32
26
59
86
67
67
87
56
12
55
64
70
75
57
67
68
37
65
67
66
27
16
38
44
40
67
13
32
67
59
94
91
36
16
37
39
31
24
95
 7
 5
50
66
83
23
26
11
49
74
65
98
25
88
46
44
58
78
17
79
72
68
60
52
95
11
74
62
97
51
 6
52
40
63
98
56
92
94
80
12
 5
50
66
61
68
54
85
27
 4
25
29
92
73
88
 5
87
51
80
10
85
75
52
13
35
99
35
34
 6
61
78
37
 5
 9
11
 8
21
77
51
42
52
64
 1
18
82
15
63
59
69
27
13
86
83
27
56
52
92
11
13
51
 9
85
57
17
91
23
50
84
62
72
99
27
52
13
73
57
 6
11
24
 5
37
73
24
33
52
36
81
43
45
89
38
 3
76
97
13
54
52
94
 8
53
93
 6
14
61
37
99
54
80
35
10
99
26
 6
32
79
34
10
22
45
12
87
27
97
 1
48
62
22
90
31
50
68
28
43
64
11
79
84
64
 7
79
69
96
18
21
58
21
86
35
95
39
60
95
83
 6
