500
58
25
22
21
59
85
71
99
85
84
41
 1
50
21
60
82
63
39
28
42
37
54
89
84
53
82
69
 2
17
17
95
 2
45
 5
91
 2
 8
60
89
97
69
75
24
43
55
56
66
67
86
55
57
29
12
26
 4
52
68
52
82
49
19
14
45
73
76
 8
24
87
73
98
75
20
 7
29
49
72
71
38
83
63
47
48
80
66
51
48
 5
18
 2
33
83
85
20
36
59
27
15
19
47
65
66
45
76
98
73
92
48
61
59
61
 3
74
 9
 5
11
83
42
47
 2
33
75
25
41
71
 3
 7
41
35
21
27
62
 8
43
98
60
 3
42
22
30
64
26
82
35
38
32
22
35
95
14
 3
26
81
14
40
96
57
98
10
14
 3
54
34
42
70
11
21
18
32
83
83
70
22
26
11
14
27
71
 4
13
 2
46
54
28
82
31
98
67
75
83
90
21
71
70
51
32
96
20
34
63
23
62
52
22
60
58
24
97
49
82
66
74
84
63
 5
82
88
45
29
36
41
82
50
31
14
20
95
46
10
69
18
31
48
44
13
 5
86
72
52
62
45
14
32
22
13
35
13
84
88
66
73
62
57
66
50
31
39
52
98
76
22
 1
12
79
11
89
57
13
95
61
87
 8
92
14
37
29
38
82
97
53
 5
 5
75
74
10
52
14
33
91
12
97
79
26
11
14
83
49
54
90
13
65
65
80
56
 1
25
23
43
97
70
38
26
91
66
97
77
67
 4
21
69
46
41
39
88
 2
37
82
46
39
93
23
41
56
76
42
51
13
89
41
81
11
12
71
65
42
52
 4
40
86
37
12
94
19
80
80
10
11
63
36
89
86
58
78
 8
18
26
42
56
11
45
54
34
84
63
94
54
79
63
72
12
 4
 5
85
83
52
66
89
16
 2
25
49
58
35
95
87
94
79
96
11
60
 7
25
34
63
 7
35
65
98
64
95
88
 8
44
17
 2
37
28
31
41
58
 6
99
61
17
61
51
90
53
56
19
36
72
47
62
59
 2
53
77
98
26
90
41
47
18
15
24
78
71
61
 4
20
52
39
15
66
54
76
66
38
10
48
65
65
23
17
85
22
56
80
90
70
82
86
91
54
 2
 7
24
93
32
 3
14
21
91
 3
44
20
80
26
80
88
63
41
62
 7
63
31
18
19
 4
32
