500
95
 8
82
41
31
76
97
69
52
62
67
78
16
83
10
99
90
96
24
 7
 8
78
 1
89
44
32
20
24
83
10
35
47
86
62
41
77
17
99
73
82
27
55
92
28
81
71
25
36
 4
80
 5
53
31
93
93
67
59
85
18
95
68
75
 3
54
 3
 4
50
41
 3
92
15
47
61
99
64
34
96
50
36
61
21
53
11
41
95
90
 3
90
49
83
69
38
50
30
69
80
13
 5
63
42
22
34
67
21
73
23
77
80
80
41
65
84
82
71
55
99
83
 5
 7
 5
54
83
80
 2
47
94
41
80
29
98
54
31
 4
13
42
38
24
 9
52
89
50
68
 6
 3
75
46
75
96
72
77
52
37
61
99
83
75
72
 1
97
93
14
78
22
91
75
24
21
21
25
 5
28
15
17
71
22
96
34
50
28
31
37
60
61
 4
 2
 7
28
79
40
90
89
41
72
95
85
40
57
73
63
75
33
13
66
43
90
93
51
30
40
16
93
36
47
13
25
 1
57
38
87
70
53
16
39
29
62
61
86
27
69
78
95
93
50
97
51
98
78
92
 2
52
21
31
75
83
72
 9
 8
13
55
89
58
36
22
35
42
49
83
48
86
40
30
64
20
48
29
82
90
38
83
31
54
96
50
50
95
76
77
24
46
 6
70
10
54
 3
44
19
63
78
83
83
70
 2
52
63
 5
99
65
50
11
53
 6
85
61
80
51
81
 2
50
25
49
47
32
22
14
17
29
22
45
42
74
60
57
45
63
46
21
97
89
 6
41
61
70
42
38
46
 7
93
93
60
78
73
82
91
26
79
73
 5
 8
47
 4
88
83
52
21
41
15
18
89
12
48
40
56
14
49
86
81
 7
62
91
15
61
66
78
32
30
 9
56
17
 2
66
15
90
85
34
51
79
 7
81
74
31
37
87
 7
57
62
84
31
19
 9
16
 6
33
15
55
92
16
86
84
15
37
11
67
15
14
86
38
91
 1
15
19
15
19
30
 3
90
63
22
 7
63
62
94
25
49
96
56
22
64
58
55
41
63
81
60
 6
32
87
17
92
56
14
59
22
37
32
25
75
24
55
29
75
66
32
74
29
74
12
40
74
42
96
 6
52
57
59
96
14
49
42
73
80
75
 4
57
16
37
63
22
71
85
69
43
93
24
58
33
50
86
44
43
56
