5000
80
59
73
20
52
93
35
80
89
44
47
45
51
21
39
59
35
76
85
85
62
77
44
12
32
74
57
84
21
58
54
57
 9
 4
14
14
13
 4
62
43
40
68
42
34
96
15
39
71
83
27
99
85
32
81
15
57
84
51
33
17
82
64
40
35
78
28
92
59
13
12
45
88
86
85
34
27
71
11
81
28
82
73
90
60
56
76
49
 4
62
63
63
14
80
85
15
57
92
 4
68
64
 7
31
16
98
51
94
92
76
89
35
52
46
54
18
24
85
87
82
63
76
64
90
81
43
77
 5
 1
29
96
64
15
69
43
86
76
42
 9
56
15
69
62
28
 8
29
71
24
90
70
74
28
45
85
37
72
45
12
36
16
90
49
87
 2
35
50
72
13
 2
72
76
88
21
28
 1
39
80
60
51
12
99
57
61
52
56
26
70
 7
33
57
12
22
52
91
 5
66
49
18
34
51
37
23
19
71
48
10
 9
25
70
11
58
63
85
24
90
 1
27
75
 6
53
45
54
59
36
21
20
36
69
99
18
72
55
 1
18
48
41
57
 6
90
53
51
35
 4
17
 1
81
 3
31
62
96
28
28
 5
11
30
78
 6
80
17
82
53
27
24
85
83
59
26
96
34
39
44
99
68
72
48
74
22
76
34
11
37
38
69
 9
55
69
72
82
89
 6
30
31
97
60
23
15
45
39
57
92
81
71
66
51
38
44
93
94
46
91
16
15
 2
30
 9
32
63
 5
29
86
26
 9
 3
 6
40
64
 3
22
21
30
94
47
27
95
50
 4
51
60
94
92
95
38
79
28
72
91
74
92
16
30
43
42
38
90
14
54
13
23
89
97
16
91
37
34
20
40
86
59
69
11
50
49
11
69
52
47
42
20
39
46
24
90
54
 9
25
37
81
85
68
52
 9
40
 8
65
34
88
31
67
61
34
23
74
 5
 2
56
65
57
73
74
 2
22
 6
17
65
96
54
54
13
77
63
81
 2
84
59
45
79
77
 5
53
75
59
51
18
 9
53
45
17
46
14
20
 5
 7
90
47
52
69
 2
57
65
74
20
17
48
59
34
72
50
45
 7
36
 1
94
61
43
32
62
34
36
 1
65
42
12
39
88
59
 4
 3
52
99
 6
74
57
67
30
87
43
74
 6
16
57
11
95
10
90
43
52
12
61
35
88
37
 8
53
79
57
83
88
66
65
93
18
94
62
82
34
48
39
 6
17
97
 6
97
24
56
39
64
81
30
79
22
87
78
76
95
61
64
10
15
87
87
61
14
76
32
86
57
74
75
66
39
72
94
58
29
27
47
68
50
48
37
25
40
72
40
92
84
72
17
21
91
 8
78
31
64
96
33
76
72
93
74
51
62
48
50
81
 4
47
62
98
17
10
44
15
 2
19
65
81
65
92
96
82
 3
53
10
37
30
95
22
32
 2
41
70
 2
36
45
30
55
51
60
50
56
68
31
31
83
70
99
 8
57
61
23
76
63
23
71
13
63
31
86
34
24
 6
16
44
45
50
65
 8
33
90
88
21
85
41
74
85
40
99
35
79
60
30
64
31
99
14
57
75
17
25
79
13
95
26
61
37
30
30
 6
68
38
26
99
44
54
 8
99
 8
63
25
93
51
52
67
 9
51
 4
19
53
48
28
98
81
12
63
90
69
52
31
37
59
 4
67
40
 9
48
51
74
61
 4
 5
64
90
55
15
98
51
33
57
68
48
36
46
75
97
91
16
15
76
48
37
66
19
17
89
 8
78
20
88
83
13
92
89
26
86
79
51
87
80
85
13
73
77
11
44
15
29
26
13
91
69
45
66
45
70
18
44
82
20
 8
 2
 8
 4
98
11
94
91
76
88
30
82
24
98
33
24
94
14
 9
72
94
83
 3
80
24
56
38
99
30
41
 3
86
19
41
58
80
60
37
47
59
53
76
54
40
72
10
28
18
78
75
83
24
90
31
15
86
23
64
43
87
82
65
93
83
17
87
79
84
21
 9
38
92
77
82
28
33
69
18
24
35
 6
63
99
73
12
34
77
15
38
73
91
13
15
73
64
57
30
38
47
59
35
34
12
40
78
99
50
40
57
64
72
98
81
38
54
12
67
35
24
37
27
83
51
50
77
91
 7
 9
40
15
76
39
68
96
93
98
43
42
54
33
89
61
10
79
69
82
76
22
77
55
74
73
10
22
22
72
28
19
97
80
94
59
13
58
93
53
93
11
18
43
 8
82
30
93
52
95
95
99
30
88
69
83
31
89
58
34
39
48
34
28
98
61
93
36
39
47
93
28
 8
65
 8
64
14
58
53
20
 4
 9
41
15
14
89
80
86
79
99
12
88
75
43
73
60
57
89
 3
33
70
35
59
21
16
 1
78
81
 9
20
38
69
55
30
49
75
60
 2
58
93
92
61
62
75
30
21
34
31
 1
51
42
56
57
45
93
 2
80
98
54
97
64
34
78
41
77
18
22
51
39
97
58
15
27
83
66
 7
44
41
10
29
46
73
94
38
82
99
 8
14
51
90
20
35
86
55
73
 8
27
76
20
32
49
46
47
27
23
21
36
18
90
59
 8
10
91
38
 1
29
67
16
20
69
59
52
18
38
16
40
33
17
45
58
66
33
28
15
98
79
 5
71
44
63
76
29
41
 6
20
67
61
 3
65
 9
62
56
23
10
51
76
25
39
78
82
57
60
37
85
46
67
96
95
81
84
25
21
42
 1
36
19
99
35
36
56
61
91
72
31
43
33
82
36
24
 3
37
92
74
29
74
49
 8
63
37
68
47
54
67
91
65
22
25
24
83
58
43
 6
78
73
98
24
 4
39
32
29
54
73
48
10
90
55
78
 4
52
61
21
63
79
20
25
95
55
37
50
66
 7
 4
62
93
75
57
 1
37
78
94
82
86
95
98
58
63
82
77
 3
45
53
15
61
19
39
73
 9
77
56
86
65
64
90
82
30
77
40
48
42
43
19
11
71
64
59
13
24
60
16
83
69
98
20
74
81
44
75
47
86
 2
50
 7
32
 9
41
54
45
43
99
45
 3
88
64
44
 1
37
90
55
15
73
37
 6
54
 9
93
88
11
21
19
24
88
55
46
34
21
60
46
26
62
95
12
44
67
90
40
 3
29
 6
71
57
 3
53
76
22
90
41
49
 3
89
99
84
32
 3
47
95
99
12
52
81
50
99
61
72
39
31
36
51
36
73
87
15
49
76
17
53
60
77
82
 3
57
69
 9
71
47
77
11
77
32
95
91
 5
27
32
87
 9
19
98
88
90
45
13
25
72
58
27
56
65
92
69
45
93
90
10
44
63
93
22
94
12
55
71
54
59
 3
92
48
82
71
83
80
34
76
83
82
26
 9
60
36
98
40
79
58
 7
39
78
74
30
38
99
78
48
93
46
90
70
70
76
34
92
81
11
16
44
20
82
44
95
20
89
90
23
69
83
76
53
35
53
40
24
97
40
54
70
64
40
22
52
71
39
60
69
28
12
71
63
19
65
21
33
11
35
27
91
94
13
74
83
 8
22
54
83
37
26
41
99
83
79
40
98
92
90
62
79
89
29
95
23
56
47
38
25
92
33
25
42
77
60
52
79
83
81
 1
29
64
 4
82
90
64
 1
12
89
69
 3
99
22
40
14
10
37
68
 3
49
93
81
21
35
96
25
77
26
59
84
38
36
66
37
77
38
30
17
50
72
91
80
11
51
32
51
27
 5
 2
35
67
26
92
80
52
79
64
90
78
38
73
30
 7
88
86
60
10
92
43
47
83
31
53
57
 2
21
78
91
39
46
 2
82
32
64
13
98
85
52
33
77
30
51
 9
37
14
59
64
82
26
52
83
58
65
67
 7
72
28
31
65
26
31
69
 4
85
49
82
78
35
90
23
81
32
64
50
86
20
93
18
57
 3
 7
44
46
51
69
34
70
48
99
27
29
17
90
81
57
64
34
17
50
89
47
26
68
52
71
43
59
88
87
11
12
63
93
17
56
23
81
57
46
53
84
78
41
21
15
64
99
88
55
29
19
56
42
73
37
77
98
56
20
50
51
51
55
59
88
45
73
66
91
31
21
 2
12
73
11
96
15
66
52
71
45
 2
14
30
73
47
17
96
55
41
89
10
47
28
96
26
51
20
91
73
 3
25
66
59
70
24
75
96
 5
14
16
74
92
39
94
99
49
 2
21
48
 7
70
26
67
44
 1
37
50
 3
56
41
32
27
78
36
31
 6
62
14
67
13
 1
82
 7
49
66
59
51
84
62
47
13
83
39
22
21
28
 1
55
61
21
93
85
27
87
 3
69
75
25
44
33
58
74
95
24
24
22
34
39
66
 6
27
77
21
69
61
 6
65
85
31
16
40
47
89
21
39
11
81
92
96
94
47
76
12
34
36
98
27
79
10
97
25
49
65
76
47
10
75
36
93
18
66
70
12
76
25
82
46
39
70
13
43
39
69
24
67
47
34
48
65
50
86
34
 7
56
19
95
18
11
42
10
91
35
54
52
48
66
 3
35
25
21
97
22
11
44
32
86
62
79
72
97
37
22
77
83
82
84
 1
71
 2
37
43
56
48
55
13
80
70
36
48
79
47
16
61
97
44
53
77
15
30
 2
 6
60
81
39
20
12
24
94
95
21
14
12
81
40
42
 6
34
56
43
59
 7
50
81
91
34
 4
35
71
71
85
 3
96
61
29
92
 9
68
25
97
59
62
48
21
18
83
60
55
26
78
69
80
72
48
19
93
23
57
82
18
58
98
17
 6
59
36
83
 3
95
 6
57
70
61
28
42
33
98
94
48
62
61
82
89
41
70
61
88
48
99
46
65
79
39
68
60
66
87
 1
89
97
25
30
79
 2
92
93
74
 7
56
85
72
37
68
51
73
33
 9
59
97
 2
17
88
67
49
94
11
98
 4
95
98
94
 7
81
66
99
49
53
33
 3
49
51
47
35
48
12
63
61
11
98
76
19
13
79
43
87
 6
64
76
50
37
 2
44
29
 9
 6
59
56
68
54
90
68
 9
 4
92
71
62
69
68
78
73
16
67
60
33
 4
39
11
75
51
41
70
80
36
23
12
26
 3
75
24
10
13
82
94
86
95
57
52
45
23
89
34
70
90
12
63
16
12
79
 2
28
14
99
45
47
38
91
44
30
34
 3
11
26
60
96
94
25
64
95
82
54
66
20
22
92
15
 8
 3
 6
38
40
14
82
70
70
96
46
55
80
12
39
20
53
62
57
33
93
61
18
10
88
 1
50
 4
26
17
85
40
77
90
48
26
64
84
 5
 1
91
81
81
46
92
84
18
44
59
52
50
80
 7
72
 5
90
36
81
82
46
43
85
35
77
63
69
81
28
72
34
 8
42
26
90
57
77
99
17
77
43
75
96
43
58
39
90
69
23
59
33
 7
18
81
72
76
96
34
19
48
 5
53
66
49
90
56
51
72
27
48
47
77
20
76
39
71
33
65
67
46
84
 4
96
68
46
25
 9
90
26
71
55
78
28
68
73
37
 7
87
19
24
79
54
98
22
32
60
60
68
82
35
29
14
12
35
49
14
76
25
11
 9
54
89
23
 6
78
52
27
23
 2
47
90
 4
30
 8
80
63
96
50
75
63
87
66
95
99
 1
40
 3
83
55
 5
76
 6
32
17
 6
58
45
11
87
 8
53
83
92
 4
83
71
82
 3
92
85
36
84
47
52
67
75
 6
31
 2
16
44
63
91
 4
63
 7
20
60
29
20
96
37
95
67
89
10
54
75
83
82
57
29
23
55
61
53
27
62
41
39
26
47
10
70
23
71
16
33
16
35
36
31
80
 5
24
92
77
 5
65
24
42
97
87
68
56
95
47
 9
45
29
81
15
90
 9
30
64
26
25
18
93
79
 2
85
62
53
52
90
71
86
71
50
97
 4
87
38
11
86
23
25
22
76
85
58
38
43
31
94
59
36
29
51
 6
30
76
 5
 9
 9
66
 8
43
85
86
50
41
98
39
24
85
 3
53
26
74
57
96
66
 3
67
38
 1
38
74
91
64
11
23
69
31
36
27
80
50
63
71
24
18
77
40
85
20
42
25
96
93
16
10
66
56
30
81
55
51
60
49
73
60
70
45
93
 9
79
73
78
46
14
81
56
13
97
27
 8
62
55
 9
59
77
69
44
53
39
61
36
 1
64
50
50
73
 1
67
20
54
95
48
96
83
90
95
82
50
 6
65
41
31
40
21
45
49
38
29
47
55
86
56
17
92
64
10
50
45
12
10
 5
55
54
22
32
76
31
34
78
73
77
17
48
31
10
54
58
66
45
63
97
23
29
 5
44
42
85
13
11
86
74
25
90
95
60
54
93
74
77
73
 8
84
16
60
 3
30
81
94
 6
11
76
 8
54
50
53
 9
74
61
71
98
73
40
30
62
 5
72
96
70
86
48
99
81
43
45
19
76
39
92
27
 3
81
75
22
73
61
80
12
99
95
58
75
86
68
98
80
92
 6
80
56
63
95
12
26
49
88
10
96
15
76
37
78
60
14
55
78
44
47
 1
10
27
32
35
61
63
 7
99
85
11
89
12
41
 5
93
30
44
85
85
31
63
 1
20
23
24
72
62
40
52
70
26
49
16
63
41
93
97
88
83
27
65
31
84
52
64
33
33
11
 2
26
11
59
47
29
58
57
15
65
26
14
60
82
93
 7
58
 4
16
33
68
92
82
15
98
90
55
86
46
58
56
 9
 5
26
72
39
83
65
64
98
59
87
34
62
30
74
33
 3
20
62
81
46
64
79
67
41
27
49
97
97
16
65
85
28
21
60
15
15
18
52
96
47
25
 8
51
62
92
18
11
15
50
78
 1
27
82
25
88
31
45
86
46
63
16
12
30
20
72
29
16
27
 6
97
96
53
40
20
77
93
96
54
76
65
52
12
68
61
35
73
79
57
11
 6
65
58
92
22
82
79
46
53
89
12
10
86
90
11
92
36
46
26
92
95
64
26
91
44
15
37
41
46
60
39
42
34
57
55
 6
97
18
50
87
75
81
 5
 5
72
89
65
28
92
27
35
47
28
95
12
89
77
 4
35
26
32
33
44
15
14
58
23
25
 8
 2
24
96
60
72
34
71
80
88
 4
52
45
20
84
31
10
73
88
32
41
35
34
30
95
83
83
64
16
35
28
25
96
77
37
39
92
81
29
 4
14
66
65
31
75
63
40
26
67
85
66
60
78
39
12
97
70
85
18
85
31
94
32
92
79
74
74
36
83
54
14
 3
38
87
32
89
84
29
63
22
 3
 4
 3
77
60
84
40
86
62
94
56
31
71
73
95
26
43
 9
67
68
60
80
 9
79
97
99
35
10
94
22
13
24
88
85
 1
43
77
75
88
61
49
51
49
18
69
45
73
29
45
79
92
78
77
74
34
53
 7
37
50
36
51
80
41
39
70
72
15
79
43
43
25
99
83
78
98
17
81
17
21
17
16
70
75
66
 7
91
 3
55
52
14
 3
71
20
81
 2
86
63
89
42
64
92
61
12
81
84
87
53
60
86
31
88
14
59
47
87
91
46
19
30
24
88
34
63
78
91
34
43
97
56
46
26
40
81
36
10
 4
47
70
 6
41
82
62
22
55
49
63
49
72
12
80
20
 7
49
81
50
76
75
78
11
 9
10
38
61
 4
89
 4
76
69
36
 7
98
10
92
21
66
79
31
56
24
89
43
29
81
64
34
27
27
48
 5
94
47
67
56
43
86
14
17
39
66
89
91
57
20
76
60
54
61
43
23
46
25
78
 3
59
18
59
17
26
 7
33
32
94
92
31
98
24
84
87
84
49
29
86
20
69
 3
11
49
37
45
 5
16
36
12
37
72
92
26
72
43
16
47
32
36
21
81
66
13
29
91
 3
38
78
14
91
 5
74
32
43
48
86
54
39
70
20
90
23
58
91
 5
86
31
21
52
 3
14
59
48
49
48
88
86
94
43
 3
64
46
97
86
35
62
66
48
18
23
21
67
13
51
85
49
46
99
67
48
77
63
84
22
23
64
23
21
93
59
88
32
23
99
25
 8
86
16
33
 6
65
48
73
40
80
98
 7
92
39
15
15
88
19
91
91
59
30
 6
28
26
88
52
83
13
30
12
82
19
11
10
 2
73
22
13
 4
78
38
97
89
87
72
46
 7
20
24
25
97
54
96
78
27
86
89
87
59
24
18
49
40
91
76
13
48
 6
 9
28
63
11
81
44
28
27
29
17
47
 3
84
60
89
26
42
94
57
74
66
39
70
81
21
91
38
77
 1
51
67
85
46
 9
70
49
50
90
36
44
91
60
12
82
43
53
73
25
82
77
23
43
31
40
91
32
66
28
88
14
44
 8
79
33
51
82
21
88
32
50
51
 7
35
19
50
86
82
18
78
40
33
59
 5
29
44
83
20
60
82
52
76
23
19
31
23
 2
33
87
78
 8
59
95
30
12
35
43
82
32
38
31
57
91
 6
81
53
55
13
21
75
83
90
73
58
 9
81
23
61
82
 4
69
79
74
16
58
53
95
62
94
 2
14
89
25
82
36
 8
92
90
30
94
62
98
52
12
 6
61
63
36
48
77
94
69
83
34
36
29
29
23
27
86
43
71
17
65
92
49
63
45
55
12
43
88
79
52
53
61
73
87
63
33
28
78
97
34
94
21
26
72
57
63
 8
71
69
27
 8
39
87
72
96
18
40
84
70
42
 4
23
 6
54
11
 6
63
69
47
91
83
95
76
93
61
67
55
21
78
79
62
76
37
30
22
94
94
25
23
45
72
54
23
15
67
98
64
63
12
90
46
67
75
55
13
76
46
85
88
62
 9
70
19
 2
40
 9
67
72
54
64
92
 5
91
63
85
58
25
 5
83
73
33
85
27
75
36
 3
97
64
65
39
88
76
 6
98
49
51
39
88
54
91
97
26
48
46
59
59
 2
 3
 3
74
33
25
40
95
49
12
61
32
32
28
90
93
43
75
11
17
67
50
36
30
72
53
89
 1
94
21
86
78
36
22
59
11
83
76
31
 4
33
89
76
30
28
 5
75
56
97
93
98
75
 3
92
22
44
72
86
27
72
52
58
71
 4
19
 8
86
10
18
59
85
43
58
47
48
79
 7
 7
62
82
59
84
78
21
88
49
67
84
63
38
38
28
42
53
96
64
34
78
11
67
25
78
69
90
62
41
72
65
98
19
73
76
95
26
93
94
73
55
33
53
13
78
89
44
 2
77
27
36
28
72
94
74
 6
 7
32
73
43
57
82
63
43
95
17
88
31
16
24
39
10
23
59
 1
47
99
81
98
75
71
13
43
 6
46
31
20
69
91
 9
64
61
93
44
49
91
65
86
15
48
77
82
89
62
36
71
21
56
16
45
66
17
48
90
55
31
84
53
89
35
53
17
82
29
77
59
96
99
27
57
97
93
50
14
80
 4
49
81
58
84
61
51
17
89
92
78
89
29
91
22
65
30
81
60
92
25
54
63
72
35
51
94
31
71
 2
 2
42
16
88
85
 2
39
93
 1
16
66
63
81
11
83
89
38
27
91
37
25
11
85
93
24
44
78
80
40
49
42
16
60
 3
93
52
61
89
84
93
31
31
28
87
85
28
34
27
33
50
67
58
82
94
 4
85
47
73
14
31
28
36
30
 2
41
86
39
12
72
 3
46
60
13
21
67
67
65
 1
85
75
76
 8
13
48
92
51
34
41
71
20
38
90
70
26
16
89
28
16
59
 9
69
72
 6
20
53
46
84
74
75
32
96
23
68
68
94
86
89
36
91
95
68
42
57
15
65
94
41
32
39
 8
76
56
81
77
 9
15
90
59
89
56
59
75
89
84
44
 1
86
22
 3
48
48
 5
47
91
84
36
98
66
 4
 3
29
77
21
42
30
40
57
12
 1
14
 2
25
40
27
46
93
76
67
74
78
41
35
36
44
47
19
45
57
37
15
67
96
85
37
31
24
12
32
15
 1
91
56
50
72
30
33
 2
 8
67
29
50
48
95
91
48
17
44
70
72
52
33
57
48
31
30
95
55
31
16
70
99
93
 6
35
73
57
23
84
59
 6
60
42
18
98
46
59
34
43
51
92
10
65
23
59
26
48
18
59
51
63
10
21
95
20
22
90
19
11
96
22
73
87
25
62
90
65
55
27
 6
65
11
23
 9
18
27
35
38
 7
42
29
86
97
49
95
41
36
51
63
44
40
13
30
63
75
69
39
89
58
67
29
31
50
 3
 2
33
97
51
41
81
90
27
 7
38
77
74
51
37
18
40
87
15
17
23
41
 6
13
39
21
46
59
15
46
42
83
39
63
51
66
84
84
15
 6
31
86
90
19
 6
93
41
62
69
99
 7
92
55
37
38
68
 9
54
 1
22
15
 9
25
76
71
38
44
58
 2
19
51
79
49
63
40
15
53
75
72
91
54
28
 6
84
28
42
55
28
89
78
 3
70
63
91
30
57
78
56
 3
79
60
44
67
58
10
27
91
22
 7
96
 7
45
42
96
 5
85
40
30
12
 2
27
33
12
 2
48
18
62
81
76
42
26
 7
 5
 7
98
15
75
61
58
76
45
 2
84
88
21
34
10
56
78
22
22
21
 1
53
97
85
36
56
89
22
19
16
21
89
59
99
38
42
43
56
63
80
27
84
 1
 7
 5
58
33
36
11
83
60
40
26
70
37
62
80
23
39
76
88
99
 8
48
39
65
40
53
44
86
40
13
97
82
11
 8
48
86
95
29
90
30
59
35
50
17
19
43
18
82
95
62
 9
 7
13
76
36
88
16
86
44
34
32
22
88
86
30
20
37
34
32
16
57
21
13
 2
57
15
39
14
69
44
 3
19
29
53
71
39
34
 5
40
98
43
71
88
26
11
26
34
94
93
11
82
46
32
64
71
60
63
89
 4
32
43
64
66
12
41
46
32
73
94
96
43
70
76
70
72
19
65
84
55
 6
73
27
97
43
24
16
46
51
22
60
29
22
29
47
50
22
66
91
49
88
68
89
15
 4
13
97
52
65
32
86
86
48
65
85
38
 1
20
75
10
39
18
43
40
87
 1
43
75
56
62
95
86
63
89
59
 8
22
54
21
 8
98
79
 7
82
38
95
89
73
86
 1
91
90
 7
71
53
70
 1
18
50
26
43
22
55
20
50
74
29
30
71
40
 2
29
31
58
67
55
15
21
36
81
39
22
61
77
61
39
99
63
 2
24
12
43
32
69
70
33
76
25
64
51
21
42
96
15
38
 6
36
74
38
35
23
52
67
30
25
22
32
 8
90
74
 9
47
21
29
92
65
33
17
34
29
84
 1
57
65
63
71
73
40
26
73
92
66
41
81
54
53
71
29
69
 3
28
63
10
 1
15
43
21
 4
35
74
93
56
49
64
94
52
55
18
61
66
99
40
80
77
81
78
52
 5
38
68
45
81
15
 4
64
79
78
 6
31
16
64
19
95
62
68
91
64
77
19
78
95
73
67
24
30
62
27
57
90
81
 6
66
53
37
49
76
 2
64
42
96
61
62
 5
70
49
87
97
87
21
50
 3
90
43
34
80
35
86
52
64
44
63
66
 5
 8
12
94
26
70
27
22
88
52
69
44
39
58
40
54
41
20
44
16
51
99
45
 7
45
43
22
14
71
75
42
24
12
41
56
17
36
87
15
 2
40
72
37
90
45
25
24
72
49
12
32
50
 1
59
12
34
 8
72
27
45
25
93
68
 7
50
70
47
98
67
37
12
38
70
16
65
70
97
17
28
35
