300
94
31
28
33
21
18
93
93
89
18
19
97
48
96
42
99
84
67
25
46
22
57
59
96
13
51
11
38
97
53
32
74
44
20
43
20
 7
 2
 2
42
36
51
51
41
95
40
76
12
72
29
68
12
71
37
10
27
87
70
76
 3
11
31
94
19
83
83
23
64
68
 3
17
 8
27
61
32
 4
78
96
22
44
44
17
 5
87
32
71
45
78
87
58
 5
86
46
88
48
76
12
90
29
52
24
45
37
65
12
69
68
44
99
31
58
28
73
81
58
75
68
38
98
17
88
64
13
13
 9
97
62
22
78
70
47
 6
87
63
35
76
90
59
88
53
59
16
39
81
82
31
74
13
43
25
81
91
11
 4
38
42
95
37
73
17
79
15
83
76
69
 2
53
83
 4
72
41
56
54
37
88
10
41
37
21
72
14
33
71
40
20
47
42
66
 4
93
91
 5
55
70
67
57
75
12
 9
11
45
 9
98
15
79
85
 3
94
63
26
85
61
38
69
21
83
34
24
 8
14
24
67
 1
14
95
47
48
70
12
58
88
76
53
31
54
23
25
64
50
12
13
88
81
18
68
49
53
25
14
27
39
46
47
61
52
56
37
10
99
72
77
11
53
73
12
57
22
10
78
86
70
13
97
68
42
21
51
 2
64
53
65
 4
60
59
58
95
73
31
61
89
15
57
72
53
33
82
53
67
41
39
