1000
30
38
60
73
92
29
81
65
70
87
70
52
59
33
12
49
69
22
32
 4
 7
21
 8
27
82
46
 8
98
62
30
 6
53
 4
45
62
90
25
58
91
94
10
30
17
37
19
31
21
23
 8
20
 8
62
20
 2
93
40
53
66
10
41
74
91
51
35
70
12
68
38
14
64
26
90
49
82
 6
66
42
53
 8
15
35
29
19
 4
22
97
81
20
 4
89
67
27
41
45
56
27
32
 8
45
 4
77
75
82
28
36
70
41
95
34
62
54
59
24
99
88
29
80
85
 7
34
10
69
95
79
64
61
87
 8
36
62
75
 6
28
21
33
65
72
75
53
17
93
35
12
70
97
43
62
78
55
57
75
36
91
16
33
58
42
17
84
34
79
67
67
 2
75
48
23
45
97
40
90
56
19
53
 6
53
26
28
 9
24
 8
10
71
60
17
 4
43
55
68
 2
56
51
 3
70
48
79
27
 9
66
98
 6
64
23
73
 3
12
31
93
23
81
17
71
92
50
42
26
99
60
 5
98
39
14
82
87
94
79
67
62
89
65
51
35
35
 9
46
65
37
11
56
62
51
93
98
61
62
97
13
38
 2
79
25
50
41
59
22
58
91
62
99
 9
60
90
38
52
70
93
76
57
10
62
21
15
20
11
86
68
66
76
79
86
32
 8
30
 7
61
55
97
59
76
46
39
12
40
64
58
31
42
98
48
17
 6
88
38
90
84
39
37
 4
51
25
 8
43
47
55
65
98
83
25
 8
71
78
17
99
95
22
78
13
36
31
62
21
38
 4
20
89
14
49
44
24
10
60
86
38
66
48
90
 3
89
85
 8
22
62
75
20
21
25
98
33
77
19
62
82
77
56
85
94
32
90
63
52
50
66
34
16
82
97
83
42
34
80
47
44
81
82
88
60
62
92
59
36
 1
13
 8
17
19
35
26
63
93
19
24
49
34
85
 7
77
22
64
50
94
73
 5
39
91
98
66
88
 3
 7
30
86
 6
 1
36
87
81
70
78
94
84
71
69
74
76
19
13
17
46
11
76
89
96
56
31
34
10
61
33
92
72
55
99
66
72
68
90
66
53
78
20
63
25
39
10
 6
39
70
31
91
 3
77
29
94
53
39
61
98
73
25
86
65
50
36
 3
74
73
65
66
60
66
13
29
96
64
37
80
54
98
72
57
59
40
20
 1
97
29
 2
32
96
65
19
16
18
80
93
69
90
54
27
33
26
18
62
11
58
87
82
16
 5
80
36
38
46
59
 9
57
85
50
46
16
91
74
43
91
 7
64
99
68
83
72
59
46
73
61
38
 4
 6
90
61
28
89
63
88
62
71
71
84
44
86
98
94
17
39
 4
72
71
36
62
43
 2
27
91
40
48
54
 8
76
79
97
78
31
17
84
88
83
45
53
98
64
97
78
20
92
75
94
61
49
96
59
96
40
 5
83
87
20
62
69
34
33
46
86
67
25
65
16
57
95
42
 9
67
30
31
86
16
 7
66
11
68
90
92
73
46
22
49
21
45
20
98
67
71
83
45
23
81
43
43
54
29
19
40
49
19
44
48
79
47
26
98
37
53
85
69
23
51
48
38
96
59
35
49
43
10
30
51
54
53
61
99
20
23
73
62
82
 2
33
34
77
37
61
15
16
54
93
23
 2
 9
95
13
69
30
30
93
36
 3
93
77
25
26
25
73
76
17
95
63
15
71
 1
58
44
65
44
92
92
19
48
28
47
80
65
45
93
73
44
92
35
59
17
66
74
52
52
83
39
50
48
35
48
97
19
76
90
73
31
44
 5
 5
52
50
46
81
78
43
19
 8
84
94
75
49
65
97
41
94
32
37
64
18
15
 2
83
55
34
26
77
59
95
15
90
76
80
39
31
87
81
50
93
67
33
30
39
 3
27
85
59
23
28
23
59
79
 2
24
15
32
62
31
 7
83
36
86
81
11
82
21
80
37
39
42
64
89
45
13
55
 9
10
76
61
18
72
15
76
48
34
94
40
21
93
99
33
64
74
73
 8
94
76
18
21
26
39
31
70
28
43
45
98
14
44
53
74
68
71
69
17
 1
60
44
43
28
89
22
54
77
51
26
96
20
56
25
28
 8
92
62
51
39
25
 9
90
25
85
32
25
75
 3
34
26
72
54
33
16
67
81
75
18
62
31
26
71
91
82
32
20
97
30
14
41
93
60
73
 4
13
 7
64
36
46
14
31
98
55
 6
59
40
62
75
21
16
14
98
92
52
24
91
 6
64
69
 5
 3
75
68
88
92
53
98
 4
36
24
99
29
75
74
 6
30
53
97
45
47
 4
87
88
62
79
57
37
90
98
75
56
94
75
80
51
23
 3
