200
65
80
85
55
25
45
48
46
93
73
69
37
30
11
97
89
81
59
34
26
65
88
98
57
49
82
57
64
42
76
28
96
33
18
57
74
99
 3
19
65
62
44
76
87
57
 7
93
48
27
58
49
38
92
79
80
10
26
 9
73
68
66
15
 9
73
 4
96
50
97
71
23
15
53
82
83
21
 7
41
68
12
11
67
58
90
70
63
41
57
59
57
27
43
29
70
79
10
97
25
52
31
89
30
23
70
86
98
27
66
75
 4
96
13
60
23
74
91
 2
12
41
97
74
14
 1
44
93
77
80
76
96
88
80
95
46
58
24
88
27
 5
71
99
14
65
 5
35
67
62
82
 5
46
70
57
44
 8
11
60
69
49
 6
35
35
80
37
31
57
96
37
59
48
20
40
72
29
73
44
17
82
83
96
13
 6
52
69
78
 8
97
13
87
38
16
70
68
73
46
56
21
52
11
44
71
94
93
