2000
20
40
88
44
29
99
26
69
13
79
87
96
59
62
40
26
21
 8
 4
68
93
57
 9
12
48
82
48
90
70
90
58
97
35
51
 2
64
48
89
94
 4
 1
92
74
81
52
66
 9
88
92
 8
64
81
10
20
63
74
 4
37
81
39
68
78
75
 7
91
19
71
 5
 2
74
85
57
78
90
38
61
 5
59
10
58
36
16
24
39
78
61
76
79
66
63
11
56
99
72
66
37
64
11
84
97
75
71
17
48
67
89
99
37
87
 1
41
11
95
77
22
89
34
54
 5
38
79
10
72
 6
34
33
14
 9
66
47
42
 7
50
11
80
78
33
65
 7
43
72
55
76
 9
63
92
26
13
 7
80
74
44
33
81
24
93
41
34
77
26
64
14
68
30
 8
29
38
37
88
54
29
51
24
 5
57
96
75
28
20
26
23
33
83
79
61
42
45
54
83
58
84
74
67
53
13
 2
23
72
23
95
93
50
54
64
 3
33
98
 7
16
 2
13
78
11
14
 3
 5
51
18
36
60
22
96
38
29
34
65
44
87
68
97
42
 8
57
 9
97
21
71
37
87
51
16
98
36
55
87
32
73
70
32
93
20
16
17
49
 9
45
68
13
53
90
13
71
74
16
30
42
90
93
85
22
81
30
53
59
40
74
74
10
12
 9
79
10
42
62
20
26
42
64
22
17
53
46
25
66
70
45
15
25
90
89
98
 2
14
27
54
83
99
90
84
75
 1
36
20
71
71
75
85
47
54
12
93
56
77
26
68
68
50
 3
58
87
75
51
61
 3
84
10
87
30
10
90
31
68
 2
54
22
40
93
61
61
41
33
98
27
71
83
33
 2
71
11
84
55
23
45
53
19
56
68
30
75
20
88
96
23
38
42
50
 5
37
20
64
93
46
40
17
16
61
51
 9
83
77
14
66
47
82
19
 7
17
 7
13
25
81
30
77
65
65
40
25
91
33
43
84
61
25
11
 7
48
99
82
80
25
68
 1
99
12
22
76
42
57
95
 6
34
14
20
98
34
87
60
45
22
34
18
97
41
65
92
92
37
54
61
54
93
89
 7
60
76
67
13
74
81
81
93
16
22
 4
47
23
44
87
 9
25
80
16
19
 3
64
21
35
55
 6
82
36
53
34
46
45
90
26
63
 5
 6
21
95
45
 7
41
84
70
60
13
26
 7
70
16
61
40
15
54
10
84
75
62
64
 4
16
68
70
31
29
 2
16
25
58
71
45
82
60
22
28
43
26
66
95
46
72
20
76
35
52
29
48
71
40
26
16
87
35
84
74
 4
29
28
24
49
82
64
15
32
65
72
94
64
96
53
26
19
39
50
55
 1
94
33
83
22
42
87
39
64
69
92
 4
 4
47
 3
73
 1
84
50
18
20
22
67
26
82
 6
45
79
11
82
42
73
85
78
27
99
60
85
11
18
53
33
23
36
65
53
94
32
48
29
 6
 9
70
37
58
49
89
46
36
52
 6
27
99
90
80
98
99
17
 7
84
31
21
21
97
32
88
21
25
44
51
 8
46
27
70
98
31
66
76
27
74
37
77
84
 5
99
53
27
13
55
84
79
60
55
 2
81
97
92
 9
99
50
62
69
42
18
33
23
24
29
82
 4
81
 3
87
19
26
58
90
89
10
36
27
91
91
46
61
 1
94
26
 3
78
27
26
37
 8
63
91
63
22
57
69
73
11
87
99
45
78
 3
38
92
14
63
41
63
59
54
82
 3
38
70
33
82
16
28
58
21
73
26
69
79
53
 9
95
75
62
27
 2
88
88
87
 7
97
25
67
65
37
42
76
21
99
22
61
33
72
73
20
62
45
56
36
16
66
42
85
66
97
 7
28
97
21
20
48
34
70
 4
51
98
45
32
63
21
47
42
70
93
35
36
22
63
 8
31
42
55
30
44
88
44
20
78
63
38
65
75
49
99
47
19
86
94
 4
51
16
52
14
75
44
46
55
25
44
95
80
56
43
68
98
52
22
 5
94
94
55
31
69
92
54
91
35
22
94
66
50
60
34
93
36
81
79
80
40
94
99
 4
 9
76
83
97
21
90
79
31
47
58
74
48
99
44
20
 9
14
48
45
84
47
50
13
34
24
 5
17
44
19
35
96
39
 9
19
52
44
69
21
57
16
72
54
35
17
45
35
 4
60
36
17
50
80
75
51
43
69
60
73
47
46
41
68
36
66
65
96
91
68
36
38
44
61
40
54
99
25
19
 8
57
61
24
33
73
44
41
22
16
10
97
 1
 5
54
79
55
22
55
41
 6
82
89
38
70
30
79
87
14
77
22
52
36
30
41
74
85
23
25
69
62
17
68
65
84
73
94
27
84
51
88
64
26
59
88
11
81
98
91
29
73
25
11
99
30
68
32
54
48
53
32
 8
99
30
71
57
 5
80
55
 3
85
17
56
40
25
99
 3
15
69
31
27
46
55
43
58
41
33
18
81
 2
76
66
33
28
 3
33
56
45
31
 6
79
41
18
14
58
43
51
30
30
29
66
 7
28
95
67
85
91
74
25
15
44
28
15
14
57
21
66
 6
66
70
11
69
73
 4
78
28
 3
21
40
23
28
59
38
 2
40
 6
 4
46
94
19
18
98
83
17
89
87
90
98
27
20
53
45
79
43
 2
72
95
46
11
90
 8
96
15
28
86
84
25
73
42
68
11
19
57
 3
73
23
10
35
80
 1
53
46
83
55
58
44
87
51
35
50
 9
45
60
19
64
82
47
27
50
72
43
45
44
38
27
57
96
72
71
42
31
80
46
53
28
58
50
36
16
63
93
19
36
44
82
 3
15
90
88
95
90
43
53
11
57
63
41
91
44
63
53
47
 9
20
44
 5
68
83
42
29
28
59
 6
29
37
25
46
 7
58
42
15
50
36
 3
 2
52
73
 2
50
27
19
66
20
34
39
21
18
60
97
30
 6
82
24
 7
39
53
69
93
 9
39
50
52
67
53
80
38
 4
99
73
85
38
87
31
24
19
33
 4
 4
71
80
16
73
 2
98
68
94
94
61
97
27
10
54
 5
51
15
60
31
 5
57
31
97
65
25
90
 2
51
83
19
47
15
46
19
33
55
67
32
79
40
 8
20
99
74
74
51
94
97
67
25
 1
37
47
70
47
15
64
52
61
33
32
19
71
22
17
27
68
93
30
77
39
74
50
91
56
60
11
77
52
68
64
95
15
35
42
89
82
31
43
83
45
27
62
 3
41
13
91
56
50
76
98
82
85
57
27
40
62
76
14
28
68
62
83
24
 7
74
90
 9
21
30
82
91
 5
64
62
87
74
97
14
48
19
64
68
39
18
65
75
19
22
89
60
45
95
 3
34
48
19
 1
33
92
42
52
40
85
98
45
 2
39
54
10
61
48
21
89
18
84
93
98
70
83
46
37
13
16
44
32
62
14
 5
31
87
53
84
59
 7
66
91
43
36
69
19
 3
45
93
12
55
11
 6
32
80
20
85
58
29
19
75
83
15
45
56
25
56
60
50
44
34
 7
32
61
 4
 3
35
70
54
12
23
60
37
92
36
 8
56
68
72
89
46
 9
 7
42
40
97
10
51
40
42
89
78
81
 1
81
93
45
25
43
66
61
43
67
41
84
97
54
60
89
87
88
77
40
97
36
10
16
66
 9
64
13
 5
24
 3
30
82
 7
82
56
12
45
26
44
52
57
38
16
40
85
82
69
92
76
76
39
85
41
36
73
35
78
52
81
 8
54
92
26
79
98
36
96
54
41
25
44
89
20
49
22
21
 6
30
 7
29
75
43
38
56
44
25
64
19
46
16
23
93
26
83
43
54
43
64
 2
27
75
 2
27
40
78
74
68
26
34
18
32
73
18
46
 6
79
15
45
64
69
33
63
86
90
33
67
71
 5
25
93
73
93
41
53
76
18
54
29
88
24
38
20
98
43
39
65
82
 7
68
23
69
72
58
13
95
 9
17
 1
27
62
25
55
91
98
78
35
98
80
64
36
89
67
30
68
83
86
67
86
82
76
68
43
99
47
37
90
41
44
63
94
45
91
19
91
 1
69
75
61
26
13
23
26
50
95
71
56
81
85
29
 8
89
10
26
51
93
46
83
35
87
78
 8
22
85
94
83
54
26
23
63
 9
 9
34
41
41
23
32
70
36
15
56
45
34
59
13
95
52
14
61
 7
91
72
74
32
13
27
 5
88
 5
55
54
24
 9
19
 3
26
33
30
81
81
18
22
53
38
81
21
76
84
 8
44
12
14
15
 5
81
63
60
73
90
 4
13
53
48
83
56
53
 8
85
60
64
37
 7
75
67
61
22
75
73
73
40
41
91
58
 6
69
65
34
75
14
46
57
92
58
59
71
17
 4
27
73
19
93
94
72
92
34
35
 1
13
49
90
65
61
36
83
89
86
31
 5
49
91
83
91
40
18
29
79
73
44
63
80
57
26
11
57
48
37
86
34
27
20
49
13
94
92
34
69
32
50
82
49
29
78
37
79
12
39
25
91
91
34
 6
72
55
 3
 2
63
10
79
81
89
29
50
25
59
88
25
35
20
47
91
17
94
59
54
 6
98
79
12
54
49
47
99
63
87
92
39
62
95
84
10
25
54
30
 9
42
16
60
96
 2
30
30
 3
36
 9
12
79
74
58
84
87
32
76
42
 5
24
27
33
27
99
 7
85
64
87
98
87
95
69
43
 8
93
51
15
 8
70
53
31
42
