2000
88
16
89
48
26
84
40
33
65
25
61
76
98
66
17
97
99
54
87
34
82
38
20
24
31
 5
94
51
68
 5
41
34
79
31
87
 8
35
76
83
 8
41
37
64
95
53
87
17
14
84
 7
 6
33
60
51
16
83
20
83
73
 4
38
45
98
27
65
71
70
35
60
44
31
79
99
83
11
24
49
77
37
90
97
29
62
82
99
44
95
46
60
32
83
44
98
40
 9
31
22
90
49
79
40
45
78
34
62
73
56
77
13
34
56
74
84
55
26
47
85
30
87
88
94
87
88
55
76
91
33
32
68
 5
53
18
11
50
96
36
99
74
73
 8
65
66
26
90
39
80
90
21
 4
30
97
71
20
45
74
58
89
14
 7
98
72
85
38
65
 3
38
26
41
28
10
59
 2
26
90
63
51
 2
57
70
37
33
80
 4
38
72
62
46
 3
57
30
38
83
47
67
78
72
46
93
77
85
 9
68
33
76
10
36
64
52
59
98
 2
60
53
23
53
22
41
54
36
77
92
70
 5
26
54
43
71
20
66
16
37
91
54
92
33
87
31
38
91
74
47
78
42
91
37
 9
68
34
58
93
94
 2
 8
76
59
49
99
64
36
25
88
10
60
64
21
87
24
22
98
44
83
79
46
25
73
65
57
96
40
71
 5
16
94
34
10
 2
22
57
40
41
15
41
30
91
76
95
11
18
88
 5
18
 9
49
21
84
32
96
51
81
59
32
20
 8
15
31
62
 4
 4
90
44
75
46
68
53
 9
86
84
58
76
 5
32
90
93
96
68
28
36
49
35
51
73
74
79
44
41
43
21
12
93
52
29
83
55
10
85
81
37
27
57
14
14
32
83
73
26
81
92
22
23
86
36
 4
96
33
93
96
27
11
 4
41
74
27
76
37
72
19
68
82
26
59
37
 4
69
41
92
77
12
49
47
 3
14
12
65
80
11
34
50
13
30
91
38
42
44
16
43
48
71
24
48
43
84
36
41
56
32
33
30
64
46
89
28
57
25
55
14
87
70
82
 4
12
67
15
 8
44
95
16
12
45
42
33
74
88
15
18
56
85
41
67
90
29
18
 7
 4
56
18
 3
92
67
27
97
76
 1
 1
72
17
 8
16
35
36
41
17
14
20
77
18
78
42
86
82
65
87
98
16
14
13
55
 3
 4
35
93
33
 5
65
64
39
12
92
31
94
89
41
35
80
92
78
 1
92
98
30
39
86
 6
59
38
25
29
68
93
34
63
95
76
32
41
34
79
36
44
82
42
12
 5
26
 6
61
55
67
84
33
68
23
11
33
27
64
44
27
83
55
96
16
49
52
58
68
51
27
 2
94
37
55
 8
48
15
58
23
38
49
24
91
31
88
97
51
48
28
85
50
99
18
26
70
98
83
 3
20
82
90
50
74
64
17
 5
27
81
67
80
35
32
78
 6
16
76
68
97
93
 2
65
23
22
18
81
 9
 9
77
54
70
72
10
21
88
24
41
72
44
33
84
14
 6
76
14
 8
97
89
53
25
45
57
17
56
 3
61
54
32
 5
90
97
 4
94
63
87
18
97
58
66
49
 9
95
28
16
21
67
 2
60
 3
75
43
88
28
45
58
76
71
 4
77
38
83
74
49
36
42
74
42
63
 3
76
31
53
55
15
80
50
81
13
57
20
45
70
27
95
12
43
37
61
97
17
55
76
89
 8
69
15
97
20
 5
50
 4
54
71
49
63
30
 5
96
16
98
93
29
72
10
80
93
28
24
16
 7
71
 6
48
34
36
20
42
60
70
52
97
78
69
58
71
62
36
11
62
46
27
97
67
88
55
61
75
38
85
44
 1
66
 4
11
17
 8
10
27
98
56
90
53
44
62
43
35
62
77
94
63
13
 1
85
68
83
61
83
25
83
94
60
43
46
52
31
 2
17
 1
70
28
18
42
12
44
60
18
39
19
18
36
84
27
 8
68
37
50
92
67
70
38
68
38
 5
46
52
41
 8
89
 4
30
49
 4
23
20
 5
77
62
76
43
26
65
42
72
77
 4
72
98
69
92
86
50
70
96
53
39
62
65
62
11
12
25
21
47
25
87
47
67
41
62
77
12
56
76
57
48
23
45
38
57
36
31
58
80
27
27
35
57
84
82
 8
42
46
30
 3
38
42
29
45
16
56
68
70
76
95
66
 4
21
 6
79
 5
74
44
98
82
39
46
18
83
25
91
42
31
23
 4
61
22
69
92
13
90
91
80
87
11
39
17
99
61
25
 5
49
20
81
71
33
16
28
 4
23
15
80
45
35
39
93
28
60
30
59
95
51
22
54
 5
23
68
71
72
89
70
13
31
93
41
82
83
23
75
67
 6
92
47
33
93
93
 5
23
98
65
87
96
58
 5
37
88
52
70
17
21
 1
93
30
62
31
49
35
53
26
98
41
 3
95
75
15
64
65
 2
56
96
30
10
67
45
68
78
91
98
84
30
44
 4
26
19
 2
69
85
48
76
42
31
40
46
 1
50
16
57
26
77
87
82
25
67
27
48
36
 3
26
 2
12
95
94
44
 8
56
17
 1
55
 9
20
52
67
14
74
86
48
79
56
23
44
30
26
31
36
94
44
22
75
17
47
44
76
11
52
23
95
82
84
 7
62
50
93
53
22
76
74
20
55
30
35
73
17
 5
41
 9
86
29
85
85
41
55
87
52
64
96
91
92
99
80
70
55
54
95
91
87
69
 5
61
58
52
80
86
76
11
72
 2
84
48
20
76
49
83
45
43
20
67
48
95
79
26
12
65
44
16
60
34
65
42
64
99
76
96
46
44
10
68
85
23
81
18
54
32
30
22
96
51
 3
 1
96
46
14
50
23
11
29
56
99
40
12
51
12
 7
 7
59
76
37
62
 2
81
70
88
16
50
70
54
51
 6
 2
12
 1
 9
19
38
19
40
92
24
 3
98
22
57
73
84
41
42
41
52
90
29
94
82
52
48
80
62
 5
61
35
53
28
18
25
84
90
 6
55
80
45
 5
 7
78
91
44
59
 6
10
35
59
91
29
17
 4
92
25
64
75
79
44
95
10
 5
12
56
54
57
30
75
50
40
46
 5
43
94
57
21
31
80
70
96
56
47
70
42
57
 3
93
 3
82
25
93
13
84
 9
80
15
89
97
 9
19
68
 2
26
18
 7
38
23
50
85
 2
22
96
93
 5
32
30
55
89
 9
84
10
55
58
78
42
97
 8
46
56
 9
89
15
46
34
56
96
12
34
93
 1
88
44
14
66
56
83
28
14
69
10
67
93
85
61
38
65
31
89
18
57
99
27
34
53
90
86
59
52
98
39
63
51
76
67
40
94
52
40
68
37
45
10
13
71
56
70
30
57
78
86
78
20
86
25
 3
32
82
94
 4
58
29
48
32
89
62
17
44
30
10
63
60
54
96
15
39
18
97
42
29
49
78
75
 5
61
 8
 9
51
58
71
81
 3
42
84
86
89
15
27
20
15
81
78
76
 9
25
11
38
82
94
99
71
24
40
 2
27
58
70
73
21
30
50
82
47
18
97
70
19
25
32
24
89
85
16
31
36
14
25
49
76
29
22
79
86
 4
44
85
96
49
94
18
34
91
33
11
84
59
72
11
40
27
59
79
25
42
60
62
36
73
33
41
11
10
77
74
51
54
81
44
24
34
38
95
59
80
45
24
63
80
74
55
80
76
21
91
 6
13
 2
87
 5
83
40
91
 7
 4
 1
43
64
55
82
58
32
17
68
83
41
40
30
60
44
84
75
73
 6
54
53
30
 1
73
84
45
99
34
47
73
14
36
91
65
58
85
87
85
32
43
11
82
57
11
41
32
67
19
 1
57
15
37
99
35
59
49
14
94
20
15
62
36
66
80
 4
45
97
20
46
52
13
15
50
10
18
29
45
21
59
82
37
21
41
97
16
20
14
 8
55
17
91
11
 4
96
82
55
56
 7
84
30
17
60
54
73
31
11
74
30
15
81
32
18
32
98
54
 8
63
72
87
68
32
19
82
 5
 2
46
65
27
26
97
54
87
65
76
17
 8
56
48
 5
43
32
42
78
12
90
50
55
35
15
47
82
93
27
22
88
75
92
47
 2
10
46
85
76
57
71
48
46
57
88
11
27
95
88
99
79
 4
78
53
81
44
53
74
85
95
84
75
44
98
23
35
64
62
14
60
56
 1
21
88
73
 7
50
 5
89
14
87
25
99
75
20
 9
 4
93
69
54
70
30
 4
48
18
48
50
16
10
92
82
35
30
78
11
83
13
84
24
61
78
18
38
61
85
58
99
42
29
44
64
60
95
 4
47
32
 8
92
37
66
75
53
66
42
72
47
45
91
63
71
49
31
12
27
63
20
69
29
61
94
96
50
48
35
98
66
36
40
54
98
61
37
88
46
36
39
88
60
39
45
 8
91
27
89
43
54
89
90
71
12
 5
37
80
62
40
98
 8
17
50
 5
24
32
 7
51
58
18
26
 5
23
66
17
45
15
16
18
33
60
13
58
29
88
77
95
55
89
32
68
36
32
 1
28
84
24
51
66
 2
77
63
29
36
50
15
13
66
36
64
40
76
83
13
17
64
11
44
53
61
67
 2
73
 9
65
10
69
59
92
13
44
55
24
24
93
56
79
48
68
55
 8
99
71
62
72
58
22
99
 5
76
59
88
90
16
 1
49
86
82
32
27
 5
73
52
48
61
87
32
 9
56
 9
38
30
51
