300
19
19
38
11
71
89
89
99
77
66
63
37
83
98
54
61
64
76
30
83
87
31
40
 3
64
38
67
83
14
71
65
85
46
66
58
 1
53
15
38
87
78
66
58
55
59
53
25
95
30
23
15
94
49
82
 7
46
63
41
58
94
76
64
17
 2
 5
15
89
 9
13
 8
72
58
11
35
54
46
94
 3
95
95
18
35
 3
90
75
82
 6
72
84
81
35
55
54
27
27
38
14
86
44
77
97
 6
54
 5
67
72
29
47
47
49
27
42
69
65
14
81
10
71
82
16
92
36
41
23
50
18
96
65
36
59
55
83
49
55
14
 7
86
34
84
34
69
 6
60
94
72
24
94
14
95
 3
57
99
 1
43
34
86
68
 2
 2
36
83
76
77
40
 8
16
55
28
54
41
43
14
14
94
 4
 2
61
80
 8
63
67
39
17
26
67
99
98
73
 9
58
85
91
17
36
84
93
10
52
55
15
 2
68
47
28
30
45
39
91
19
64
41
46
62
51
25
86
98
63
40
41
67
70
66
53
38
96
77
24
86
40
61
98
12
52
65
55
60
99
19
82
74
63
 4
 9
11
18
15
55
48
48
86
84
36
36
32
30
 2
78
75
46
69
64
92
96
 8
89
82
 5
47
 9
67
73
 3
27
27
34
42
31
91
89
16
31
84
32
 7
58
45
13
 5
57
19
10
85
21
40
10
64
34
11
23
