500
44
63
79
20
69
60
70
48
91
48
 7
37
76
81
28
71
32
79
87
61
64
94
90
79
22
 4
66
85
33
47
71
59
96
96
45
38
25
49
34
38
17
62
68
 3
51
94
29
77
77
80
 2
78
 1
19
14
 2
22
77
99
86
49
 2
61
65
32
45
64
 3
40
90
65
65
17
90
82
33
65
83
19
76
74
32
53
24
31
30
90
36
57
18
10
15
 1
78
86
64
12
 5
23
26
42
66
92
16
12
42
89
76
50
32
18
74
82
33
14
54
58
85
13
86
98
93
75
13
44
90
78
27
90
81
80
 6
13
14
69
 6
22
39
 7
65
82
83
73
11
52
94
31
12
35
 8
92
88
11
76
46
 5
77
14
94
63
24
89
66
27
76
37
67
92
59
11
18
17
85
42
51
61
41
37
18
21
58
76
65
12
58
52
44
98
49
77
13
13
60
53
82
58
 4
94
83
61
37
95
81
34
32
67
41
35
93
87
65
92
74
34
86
62
 2
14
62
89
54
75
32
50
48
 7
 7
50
14
 5
37
35
66
42
27
 1
38
82
52
72
58
85
32
22
75
74
37
78
97
65
67
55
34
58
74
88
29
92
80
41
71
47
65
68
49
 9
56
86
69
66
18
53
74
78
49
84
99
59
16
34
 1
19
95
57
76
36
82
72
47
63
25
49
89
59
31
53
90
61
44
47
37
61
91
88
83
23
24
45
34
 5
45
38
61
96
59
42
16
79
23
78
39
80
29
80
28
38
16
17
90
77
34
21
99
65
51
26
22
87
29
51
10
87
68
31
29
30
37
42
35
17
81
22
38
15
54
27
92
41
27
16
43
43
45
32
63
40
92
45
22
44
15
36
 7
45
53
90
47
58
82
71
62
38
69
50
77
47
35
60
36
83
89
44
43
53
63
85
79
 1
38
59
14
81
98
14
52
72
87
28
58
32
22
31
72
89
15
46
84
68
76
38
57
40
54
33
80
13
53
76
47
27
29
20
25
90
73
85
19
24
80
88
99
12
51
 4
90
79
72
25
85
76
56
 6
 5
46
89
42
42
35
45
80
13
54
29
12
77
79
 1
37
27
15
64
51
 8
64
39
58
83
75
16
38
 2
78
23
88
72
97
90
69
12
44
46
56
68
80
23
50
92
58
18
36
