1500
 5
77
95
62
44
85
57
41
 9
47
46
38
48
58
85
32
59
64
77
27
31
60
18
76
49
 3
12
50
73
43
 2
 8
28
60
30
40
42
96
18
62
77
13
10
26
62
16
55
20
89
10
59
40
84
15
98
84
16
96
28
68
32
68
72
 4
18
81
16
39
43
98
 3
22
97
38
62
47
93
97
46
78
17
47
26
12
15
85
14
36
 6
71
56
86
90
 5
82
47
57
74
37
82
51
56
89
62
10
69
41
56
42
71
27
72
19
12
48
12
94
18
 4
91
 9
28
70
54
73
52
13
72
23
78
51
80
15
96
78
62
57
59
58
96
57
63
90
 2
72
48
66
85
48
18
27
46
14
75
18
 5
52
67
67
44
90
42
83
23
33
 2
87
36
74
73
97
94
36
62
48
98
54
10
94
72
46
48
65
31
 7
32
19
58
47
67
70
64
34
24
33
89
47
19
61
28
95
85
13
60
20
14
39
32
33
61
17
89
 7
33
22
 8
70
25
62
17
24
28
68
69
21
92
74
40
50
49
64
22
52
76
31
89
99
23
17
 5
74
73
90
41
91
56
23
77
83
92
11
67
96
83
30
27
16
26
46
21
75
57
82
31
72
40
50
61
12
57
65
54
45
30
47
16
13
60
17
71
23
84
99
82
25
32
44
41
84
10
66
62
13
63
24
 9
79
77
42
39
39
39
82
50
 6
20
83
84
27
46
70
59
60
52
35
17
15
26
26
52
83
38
21
79
87
51
19
37
95
98
47
71
12
52
91
99
16
46
76
 7
40
75
75
40
66
64
95
13
21
77
 7
31
71
20
68
71
82
60
20
36
39
27
80
91
 9
42
39
42
27
19
67
20
 4
71
46
50
 6
93
29
92
45
62
43
86
 1
69
38
21
21
91
99
57
24
87
28
16
52
11
91
52
93
56
74
53
14
10
16
63
45
27
61
67
32
11
14
59
23
 9
35
95
72
 5
56
91
62
22
47
45
14
20
36
38
63
88
84
14
19
33
43
79
43
57
82
30
79
16
17
25
83
74
31
47
58
18
 5
59
64
79
69
66
12
90
85
43
81
52
59
97
 9
39
 5
43
56
86
61
58
26
29
76
94
28
 6
73
14
42
12
85
16
35
16
94
49
11
 4
71
45
92
96
31
82
22
85
 1
24
41
29
32
15
61
59
33
14
94
57
81
15
39
24
60
54
76
99
95
48
22
 1
47
55
34
77
 3
33
46
91
56
30
46
 4
 6
46
19
77
54
59
25
90
43
56
 5
49
12
96
89
 6
20
 1
 4
78
90
21
41
63
50
94
14
33
14
 6
21
45
65
83
82
13
26
45
51
77
20
28
48
46
46
 6
69
23
83
32
62
99
98
23
49
27
22
 1
 3
45
38
28
11
92
62
41
79
54
57
21
 5
96
47
 3
22
29
90
73
 9
44
75
48
48
79
92
74
88
54
38
65
41
25
20
 6
55
94
22
21
87
49
80
67
15
39
29
40
25
76
92
29
 1
73
58
42
63
97
14
26
83
42
86
91
 1
28
66
85
94
13
41
 5
26
 5
46
 2
 8
 3
44
82
 4
20
24
35
27
28
63
89
50
89
25
60
59
92
36
62
 4
67
12
47
63
15
89
62
66
89
31
74
 3
97
40
57
52
54
76
88
77
29
94
52
 5
53
14
98
36
18
18
49
15
18
 7
 6
94
78
 6
46
26
27
30
70
22
42
41
74
12
35
65
20
28
 9
31
74
64
44
84
90
32
42
40
 5
50
12
30
 9
17
91
 5
94
64
 6
63
11
79
61
37
32
69
72
27
95
59
11
20
85
17
76
69
23
60
97
82
65
69
43
76
40
56
51
69
29
94
66
70
48
88
93
94
 9
58
40
19
17
44
86
81
99
95
25
19
19
33
25
95
56
81
61
65
15
36
63
56
54
74
18
12
71
58
84
49
70
60
70
23
17
55
95
 9
14
80
25
 7
33
58
75
 2
81
39
81
39
87
76
44
94
60
 4
22
73
 5
95
89
12
65
 5
52
40
65
59
10
63
13
 1
68
27
54
40
 8
94
35
44
70
61
43
91
18
84
25
37
 1
61
 3
 5
73
60
27
65
37
93
64
23
 8
85
63
27
10
95
 9
81
92
43
90
45
59
15
 2
98
19
96
 4
69
38
 4
59
83
11
48
73
63
34
30
52
 8
78
80
15
83
59
54
55
79
10
83
 8
39
39
 7
20
 7
91
74
43
46
73
48
99
32
84
99
 6
67
14
16
 3
71
22
28
 4
35
89
60
85
32
45
27
33
65
57
66
84
23
88
35
69
59
10
67
83
42
88
12
11
94
 4
43
20
70
44
79
51
98
29
97
28
30
98
56
93
13
22
44
20
49
71
66
94
45
10
56
 6
 7
25
52
60
 6
91
21
45
58
63
60
61
36
72
70
45
63
75
23
 2
20
 1
12
86
90
14
26
17
89
88
28
97
12
 4
60
 9
10
25
83
54
83
 5
64
22
53
64
 7
31
17
93
56
57
68
22
64
72
43
95
47
17
26
29
21
18
42
48
47
95
63
12
85
56
90
 6
58
 7
 8
18
51
19
76
78
51
39
85
70
17
 8
 1
 8
31
58
31
67
91
69
80
87
98
46
71
15
 5
95
28
12
83
74
 1
98
77
71
20
64
77
16
50
92
 8
52
55
51
54
92
32
 4
25
80
 4
62
68
68
81
62
39
50
30
75
48
66
83
36
74
90
23
95
78
36
85
91
97
 2
96
33
64
54
99
94
22
21
88
21
84
53
90
38
10
33
38
62
38
 7
49
16
58
 8
62
27
66
37
61
34
67
84
11
74
77
60
55
56
 8
89
 6
23
46
79
42
84
60
89
83
46
 6
10
42
85
62
92
 8
22
26
36
93
43
20
67
77
 3
87
14
64
66
27
21
26
34
25
 9
28
 9
54
 4
98
 9
77
68
50
50
46
46
25
52
15
37
48
 3
83
47
77
54
55
 4
39
58
49
87
14
35
63
86
85
69
78
89
10
43
55
62
13
75
86
 8
79
 1
63
30
34
53
 2
57
86
77
14
98
41
29
66
91
32
10
76
42
96
92
41
98
41
50
 6
56
12
85
87
45
33
58
69
84
11
 1
46
66
77
27
72
58
75
31
87
72
40
56
51
91
95
58
71
14
15
41
72
97
78
64
71
67
43
25
 9
59
81
 1
 8
74
21
71
 8
22
98
78
51
 3
96
78
47
33
56
 6
22
54
50
35
70
19
88
55
82
13
64
12
24
94
97
78
97
19
82
81
70
12
10
46
 9
87
52
91
91
50
 9
38
67
75
60
65
83
38
67
63
87
56
49
39
32
18
59
13
54
68
26
44
81
41
55
64
40
72
59
20
90
12
21
15
 4
62
59
66
72
56
85
46
76
 6
45
34
21
36
 9
41
31
29
12
53
36
99
32
26
44
30
63
97
17
68
13
53
47
38
53
89
64
57
61
29
59
 6
99
35
52
45
40
65
 7
40
97
10
98
67
