2000
 1
92
23
45
79
86
67
 4
42
74
 2
 4
31
41
11
33
26
70
 9
99
85
76
32
 7
22
13
 4
88
79
72
14
 5
24
62
96
55
98
58
37
96
68
30
89
10
91
45
57
19
53
34
92
15
85
16
73
62
34
98
35
57
72
29
81
15
20
89
72
50
98
74
17
35
44
80
58
82
32
71
81
64
28
65
29
93
18
82
65
78
33
 6
59
93
25
93
44
68
 3
12
 9
22
82
 3
78
72
81
66
60
36
89
72
85
34
37
82
42
45
33
97
15
 4
54
 2
40
80
76
29
90
71
29
25
89
95
47
20
68
48
40
86
71
15
 1
17
47
74
14
63
75
13
79
93
 4
66
81
18
64
29
62
 8
85
12
 7
87
22
31
91
10
 2
84
23
 2
91
 1
98
81
13
17
38
42
94
70
 2
10
87
85
40
41
41
86
13
10
59
65
88
14
31
22
10
70
71
91
83
28
40
 8
13
48
 3
76
33
16
87
31
41
96
88
59
 9
21
 2
37
55
23
19
89
74
80
66
95
87
 5
35
59
20
44
58
87
71
16
 8
56
76
40
64
40
37
13
 5
70
 8
65
98
96
16
50
40
28
11
22
99
16
16
28
27
63
80
87
10
20
96
84
91
40
85
29
57
77
24
29
 5
89
 8
39
 8
16
17
97
76
 7
90
31
22
79
76
61
52
67
56
55
80
27
11
70
89
97
29
55
18
56
35
21
30
69
26
69
25
78
77
81
44
37
55
64
48
18
51
40
85
13
87
 1
79
58
29
93
 9
82
19
52
25
27
99
77
91
46
23
41
66
 7
15
33
40
16
92
31
14
96
18
 6
78
32
61
42
33
 3
67
88
28
31
18
14
73
71
43
95
74
42
11
 1
76
54
39
87
27
22
36
 6
80
17
50
 9
49
37
 9
51
94
80
36
93
97
68
32
90
82
 7
88
81
38
62
46
51
15
 8
61
89
42
22
67
20
25
12
19
12
90
28
13
65
37
48
45
62
41
99
18
95
93
84
55
49
 6
99
32
55
66
92
87
95
93
64
14
63
51
51
93
83
66
85
99
73
54
94
97
53
53
17
75
96
70
91
59
27
79
26
20
38
37
63
23
70
64
81
50
86
81
38
39
 5
13
77
43
32
65
45
94
37
99
94
52
26
97
48
17
45
32
 3
 7
81
53
14
65
88
 4
91
98
 1
62
10
16
63
39
55
65
51
 7
58
37
91
21
93
46
73
82
10
36
49
 7
71
37
26
65
68
13
33
38
97
28
73
62
38
85
59
23
54
33
 3
40
26
20
 7
24
58
96
85
51
65
25
94
19
61
 2
74
46
87
59
97
62
83
54
34
70
31
 3
97
17
94
61
19
47
77
34
77
91
17
93
73
57
38
88
39
57
83
40
85
88
68
95
82
45
24
39
70
97
29
18
99
44
80
12
87
34
73
71
12
80
82
74
 2
69
84
27
59
79
37
36
80
 7
36
11
 4
26
71
91
31
76
 5
84
87
 1
 2
92
60
25
12
16
27
14
52
19
98
85
99
37
33
19
 1
22
39
39
57
86
77
18
65
67
19
64
71
45
 1
53
31
60
45
69
22
51
49
90
 9
58
52
20
 9
16
52
76
41
77
98
44
28
 9
37
 3
31
70
 3
35
70
45
83
42
25
15
 9
37
68
59
12
79
18
69
 5
10
73
54
17
29
 7
26
57
 3
81
51
21
38
77
51
 7
91
81
25
88
76
27
 8
82
19
50
14
61
23
30
75
62
17
89
40
36
23
33
42
72
19
83
92
79
48
95
 5
18
51
15
20
81
41
64
34
51
30
 3
89
50
33
80
44
91
23
85
58
28
77
38
45
62
15
35
 4
69
36
64
75
76
58
21
64
36
88
44
36
61
 5
94
59
41
96
88
95
15
29
27
92
23
81
25
99
 2
39
72
53
61
70
43
54
89
77
79
88
35
46
64
 3
20
 3
27
86
 9
70
56
92
14
63
12
22
55
99
79
21
26
60
64
 7
31
96
79
78
18
93
 5
23
70
15
 5
73
90
 1
36
39
33
81
73
45
34
71
73
23
74
65
76
67
30
66
16
29
64
27
 3
31
85
18
50
88
43
62
27
29
98
 1
94
76
 7
33
14
13
75
23
78
66
35
85
69
46
69
73
64
78
59
49
28
45
72
76
97
10
65
31
81
 3
29
27
 8
57
29
97
31
99
99
10
30
24
 3
38
97
13
57
12
83
11
19
22
55
97
20
24
67
 3
55
36
98
67
23
23
15
37
13
19
68
55
27
43
63
61
53
73
89
65
66
39
78
79
61
76
65
14
29
35
13
82
44
63
96
50
84
57
90
65
74
13
51
79
39
60
48
43
71
14
51
53
28
33
94
37
 9
14
27
64
58
 3
21
61
70
69
77
23
76
17
45
92
46
69
87
18
72
16
90
28
50
51
78
69
35
93
 4
28
93
10
94
68
28
47
13
49
83
85
27
 1
18
14
20
65
63
47
74
62
28
89
29
75
92
52
48
56
39
41
19
97
61
10
 2
93
17
 7
47
50
40
15
13
50
92
79
93
24
74
79
88
50
65
81
38
38
12
56
22
 2
50
19
84
86
62
32
71
48
61
42
14
68
 8
26
91
82
38
69
77
 9
37
70
94
69
98
13
25
67
28
70
46
42
37
95
79
32
58
65
 7
94
59
40
37
 3
62
68
 2
55
56
58
17
55
18
94
39
51
 7
31
32
12
74
77
54
57
31
55
17
70
23
74
98
38
69
99
78
49
90
59
66
75
 5
47
93
98
90
 1
54
75
26
98
35
16
90
29
59
76
19
 6
43
31
33
89
21
32
 4
54
30
 1
88
85
92
93
 2
52
23
67
43
 8
55
68
52
 6
48
20
26
51
62
74
50
82
43
44
80
18
33
75
40
49
21
49
58
 9
73
10
25
17
54
86
66
 8
43
 5
39
62
14
64
41
42
46
76
32
34
32
34
64
37
75
16
12
55
13
79
17
63
85
70
13
 6
70
82
68
64
 3
 4
 3
98
14
83
 5
67
80
49
31
37
61
23
92
95
76
46
16
65
 4
77
85
53
87
67
60
 4
90
75
59
12
 5
33
16
68
59
10
93
70
18
11
72
87
16
30
84
16
48
 8
 3
95
26
22
98
55
26
41
24
18
65
81
64
58
 2
 5
12
49
 4
74
96
64
95
24
43
 5
16
71
65
88
85
86
86
81
43
91
96
17
30
76
19
79
84
17
13
82
31
81
82
35
26
99
10
31
35
97
87
29
14
58
73
81
69
18
40
79
56
60
32
59
14
 9
19
37
66
90
48
34
17
69
81
48
46
11
39
28
44
89
10
21
 2
 3
54
30
63
84
93
73
 1
 1
66
74
74
19
60
66
68
13
20
36
64
25
19
28
14
28
 2
84
10
 5
71
65
97
10
63
41
19
11
39
61
45
79
69
27
96
32
33
59
81
87
88
85
65
49
65
37
16
66
21
98
10
92
99
69
62
83
65
99
66
74
27
70
92
62
20
53
45
24
91
36
27
16
24
45
95
89
53
62
73
41
32
44
 2
49
74
58
86
23
35
54
25
96
66
44
79
13
 8
60
73
14
49
33
66
96
 4
57
15
40
68
 9
40
61
77
64
30
21
38
84
95
27
54
30
97
44
27
51
79
86
32
28
15
71
75
12
91
28
18
29
66
46
62
 6
 7
36
13
73
22
98
91
19
50
87
19
24
68
36
36
81
99
42
98
 8
90
11
 3
55
31
98
63
43
82
94
40
 4
95
66
97
61
90
21
94
53
45
98
29
 5
11
31
83
46
78
31
27
24
 7
92
19
67
45
 2
47
55
71
21
73
74
65
55
 6
85
31
72
68
 5
 9
44
96
10
78
40
14
77
93
 2
41
70
49
28
75
73
31
19
85
88
33
 8
86
12
 8
 3
18
78
25
84
91
10
 6
12
42
53
12
20
36
31
52
 2
79
17
92
68
81
22
19
37
 4
44
50
86
65
32
51
98
24
43
40
37
 4
27
33
82
98
18
34
72
17
85
99
75
86
99
95
19
 4
84
74
36
38
87
86
32
58
74
54
39
26
54
22
54
 2
38
24
33
 3
59
55
48
78
37
15
61
15
33
98
27
72
52
97
89
32
64
94
68
67
97
14
11
31
59
 9
10
42
46
43
40
 7
 5
65
43
 8
10
 8
96
32
95
29
90
72
36
21
74
41
83
10
65
59
84
60
99
57
77
16
23
44
74
92
76
67
52
44
 2
48
42
28
15
 9
46
95
51
51
76
13
60
26
35
49
40
56
38
56
87
36
97
49
59
82
70
 9
 9
51
76
51
15
 4
 3
57
48
29
10
96
98
14
27
75
13
60
72
17
55
42
82
 3
53
 3
84
92
33
92
 3
60
 5
38
17
34
18
37
74
 9
23
84
84
 9
70
26
70
47
98
28
27
 2
24
58
66
31
73
 4
71
20
 4
70
61
50
28
15
90
22
97
69
68
36
63
77
42
96
48
13
 5
97
78
18
97
77
 3
 9
58
 7
22
96
64
87
77
68
58
19
35
75
83
29
83
83
13
20
91
17
22
 9
62
58
53
32
11
32
58
98
96
54
50
35
66
46
43
35
10
 2
28
37
86
27
53
56
54
21
62
82
26
27
40
78
92
 4
64
93
49
79
54
 8
