400
23
16
98
31
33
52
 9
69
30
77
29
86
56
24
39
60
89
85
10
58
25
20
93
10
59
29
55
54
39
57
77
56
78
63
22
58
15
97
89
39
 4
54
59
47
20
17
28
91
61
69
66
48
22
 6
81
63
61
91
22
27
91
13
 9
79
23
81
13
27
19
18
 3
45
65
75
37
30
11
49
50
80
 4
16
 9
67
65
40
69
91
20
27
37
60
46
14
40
90
33
18
11
98
41
11
24
38
41
37
44
68
 6
61
59
34
68
49
34
96
93
77
66
38
86
59
93
51
81
 5
15
40
32
75
76
69
67
88
98
51
 3
95
83
28
79
 1
83
45
51
53
65
48
45
81
55
29
55
80
 5
35
68
38
45
63
90
20
91
68
84
68
47
 4
70
71
81
11
 7
26
23
89
94
75
46
67
55
26
92
74
70
34
 7
80
81
79
16
78
24
74
58
60
74
78
59
97
11
37
82
51
53
 7
47
32
91
15
38
37
51
92
 3
69
19
27
54
89
85
99
86
89
98
23
 4
44
16
56
99
19
35
30
54
19
86
19
99
17
78
39
28
73
63
74
86
93
41
25
30
97
46
81
82
85
24
 7
73
51
84
49
99
43
 6
44
88
18
70
49
95
73
38
66
26
24
14
72
12
12
19
51
33
79
23
16
 7
38
59
29
38
49
55
13
67
23
29
34
98
87
63
94
23
17
 4
79
60
77
26
98
23
70
82
89
88
37
76
 4
31
 4
 6
51
87
42
95
12
81
 1
57
14
17
99
21
59
38
46
52
21
84
50
18
72
34
 4
 9
84
40
11
59
56
 2
25
17
93
35
63
73
25
91
99
93
56
98
61
97
59
73
46
 8
89
71
94
 4
24
30
27
21
38
53
77
24
91
33
26
92
34
18
84
53
32
19
31
82
92
24
16
44
19
30
81
