1500
73
75
37
90
47
 4
64
16
42
14
27
14
90
61
59
47
34
69
81
28
93
70
85
68
95
45
86
92
23
19
38
 9
92
57
22
80
33
 1
39
99
34
 1
79
10
86
87
10
70
63
36
74
12
42
47
20
85
54
31
48
39
37
95
30
26
81
31
48
 3
56
90
25
89
88
65
 4
60
95
52
26
52
39
95
86
32
 2
33
97
46
52
98
57
54
 4
24
38
91
30
90
 2
74
37
85
58
54
72
82
56
80
49
32
51
45
78
76
15
74
90
47
43
59
31
 4
28
71
 5
35
38
53
79
94
89
47
94
 6
45
47
99
84
11
18
74
16
94
87
41
62
76
57
25
17
48
23
76
58
96
55
18
71
79
38
17
56
43
10
41
87
65
 7
29
64
65
55
99
99
45
99
40
 1
14
36
19
77
76
17
24
33
24
 8
18
84
81
61
73
52
11
81
88
70
68
56
70
73
39
11
47
89
54
89
32
93
86
97
79
74
67
 5
54
62
85
60
75
37
37
21
32
15
66
20
46
 5
78
 1
77
26
73
35
37
 2
53
46
20
 5
80
66
16
65
26
35
95
35
87
84
57
96
11
99
18
37
 6
15
18
50
89
33
52
87
30
16
85
61
41
44
55
58
 1
98
29
15
37
43
22
 2
52
82
31
46
38
63
 7
72
46
89
 5
77
68
27
42
92
94
72
 6
 3
89
44
34
36
75
86
21
95
50
46
55
71
25
91
57
70
26
65
19
35
25
 3
 8
64
53
44
43
29
73
59
 9
68
43
87
 3
79
55
55
88
93
89
45
65
16
74
86
96
71
55
40
23
91
 3
48
21
99
54
29
97
44
96
67
 3
12
19
 4
50
90
10
65
27
98
53
28
66
62
88
69
 2
56
77
 8
32
77
63
54
36
81
53
 9
92
48
13
19
89
96
 2
 6
18
29
33
13
23
15
 9
64
23
97
81
84
28
40
16
72
 8
80
11
80
43
17
 5
97
67
 8
94
72
72
93
52
88
87
15
41
25
68
53
93
11
42
70
83
 6
23
52
67
24
61
51
69
26
30
21
34
92
 2
51
37
20
49
85
 1
33
92
28
71
66
48
36
23
 6
79
86
50
42
34
28
97
35
45
97
89
19
77
20
39
74
25
63
56
88
13
61
52
 5
12
 7
81
34
40
92
78
73
40
11
61
38
 5
10
45
62
62
87
42
26
65
50
89
12
16
89
89
38
56
22
80
56
70
48
53
61
25
63
16
23
72
70
14
72
74
55
22
50
62
51
17
45
72
56
28
53
95
35
96
66
67
74
33
18
42
11
89
13
79
96
63
46
73
51
27
58
80
28
11
23
40
74
26
11
71
88
66
33
36
65
59
 1
33
41
29
10
45
13
15
91
72
52
19
21
87
93
46
41
56
 2
67
91
41
 4
10
92
33
15
89
73
52
 4
81
 8
34
47
58
36
45
26
75
32
74
97
56
 8
 5
 5
35
 3
34
57
17
52
51
44
22
90
25
 6
55
76
10
33
88
84
50
32
83
82
57
90
41
 4
53
 9
15
53
62
45
79
59
40
88
58
82
11
61
42
43
11
41
92
29
20
97
29
64
57
42
39
20
41
98
99
11
67
75
13
88
44
38
86
60
98
96
61
48
 1
80
74
22
51
17
 3
 5
39
95
69
15
29
32
33
 6
 2
 5
65
92
80
90
35
27
82
64
89
91
31
92
70
96
52
84
39
31
 6
30
58
61
71
91
 3
38
34
69
42
80
94
24
71
20
47
61
40
67
54
65
38
71
56
95
97
60
42
17
82
11
29
92
 4
39
70
 5
41
69
41
29
15
68
20
29
74
 3
22
 2
60
93
84
42
 8
53
89
38
30
57
95
81
70
36
72
24
54
62
32
17
20
78
10
93
76
79
25
50
52
80
52
37
96
74
45
54
92
24
43
56
24
86
83
40
93
16
85
52
 1
43
 4
64
97
72
 5
58
18
 6
 4
81
 3
29
89
99
23
59
56
20
11
 6
24
98
12
35
21
13
60
93
13
16
 1
74
75
49
49
88
80
26
 6
27
99
73
49
60
74
33
87
87
80
19
 3
56
40
25
92
73
76
82
 4
46
97
63
88
35
86
27
76
 2
93
 9
79
 3
98
36
35
18
49
89
 6
78
33
87
28
65
92
 1
41
56
60
86
78
84
77
50
68
88
25
18
 3
19
92
29
46
82
37
39
25
81
51
30
69
38
70
24
72
58
81
 5
 3
22
30
28
61
56
91
44
13
82
21
95
72
84
27
18
88
96
96
13
 7
64
15
27
40
56
 1
85
39
94
 3
20
94
93
91
63
50
43
70
21
72
48
54
98
50
71
40
15
58
59
 5
45
88
13
73
60
51
 5
76
86
56
68
50
42
 6
79
96
12
64
57
45
64
66
 2
52
24
24
94
75
71
82
71
38
85
 3
12
53
19
 8
44
97
 3
71
 8
15
78
96
70
46
50
46
49
43
70
86
44
88
23
 6
97
71
46
56
16
20
39
 1
75
79
 4
87
17
10
71
57
75
81
41
 2
42
83
17
60
 5
86
41
95
61
82
13
25
60
61
 8
50
62
19
73
57
56
76
23
39
50
 8
82
 6
68
35
53
25
57
 4
 8
91
38
96
91
28
20
 3
66
35
97
79
35
 2
63
50
16
69
39
61
91
85
54
33
92
30
19
57
48
42
61
44
78
46
 6
91
45
91
74
60
17
15
58
55
14
28
57
79
50
56
43
50
41
19
26
71
13
67
91
23
67
 3
81
94
45
54
92
84
30
66
65
18
57
57
25
14
43
10
64
15
23
57
23
57
 6
 3
47
56
17
76
86
11
63
27
33
85
81
68
20
87
91
 2
13
83
39
84
14
76
28
 5
91
14
38
33
68
89
33
76
79
71
35
37
39
87
96
 7
13
 1
21
61
43
 8
78
21
23
11
73
35
77
67
83
42
28
80
58
70
98
56
76
46
72
43
59
52
18
25
37
 6
 6
63
58
27
53
52
52
18
89
 2
32
75
 4
98
36
20
49
65
 6
74
74
58
 3
94
61
46
40
45
27
86
66
62
77
50
44
81
73
20
80
61
86
 4
43
87
11
87
18
12
16
65
65
73
86
98
84
72
63
 4
86
59
 3
34
70
82
79
80
93
67
63
12
43
87
73
13
96
80
54
41
76
60
68
25
77
16
59
72
 7
 5
78
81
68
66
17
28
50
45
46
24
75
41
17
23
30
 7
96
71
44
80
24
68
60
82
36
36
44
72
54
73
62
87
95
98
13
54
77
23
12
 4
 1
93
23
87
58
45
36
 2
82
69
89
39
42
74
35
64
32
36
24
40
66
94
52
89
84
15
 9
33
25
70
73
80
44
52
23
 9
54
67
69
26
45
38
 4
27
67
59
71
66
52
12
39
31
25
22
89
49
 2
41
 3
37
33
22
61
72
67
 8
28
34
97
77
46
 7
81
65
13
42
92
20
51
21
78
92
68
82
91
42
93
80
84
32
 3
22
13
