1000
66
18
32
11
97
60
59
72
25
83
60
 7
58
24
74
95
 5
48
77
20
23
39
20
 7
61
 2
75
97
52
24
67
22
69
47
30
35
 2
83
61
18
56
33
32
65
50
51
 3
97
 9
 4
13
92
 4
66
10
88
80
 3
52
58
88
87
79
79
73
 2
78
46
37
50
25
95
23
71
53
33
55
48
 6
12
55
97
43
59
83
71
43
97
38
21
83
53
36
64
28
12
22
22
22
89
37
33
 8
19
68
45
60
73
42
78
71
57
59
53
70
80
43
84
12
38
99
32
12
22
61
23
80
78
 6
14
22
46
33
15
34
79
82
58
 9
92
78
15
54
39
87
53
22
59
62
41
76
96
80
70
 7
32
31
39
83
27
61
39
65
35
51
89
 3
60
 2
77
80
25
29
39
85
43
49
41
42
25
17
89
73
45
39
33
61
87
 7
 1
49
87
74
22
62
 3
17
57
84
21
 9
27
75
44
54
43
64
43
 3
20
 4
46
80
84
 8
39
82
72
83
27
51
 4
65
73
75
42
41
35
51
28
22
14
33
90
17
54
13
27
65
96
52
48
94
27
22
93
58
19
65
 3
12
24
19
53
91
83
42
40
55
51
73
24
29
69
55
12
50
94
59
 2
30
43
48
48
30
98
10
89
73
10
87
97
98
83
63
63
58
 4
99
18
77
 5
97
73
91
 5
95
94
42
43
45
86
78
 9
90
99
44
36
 5
59
78
22
95
88
24
50
35
60
65
99
20
35
 4
82
36
18
67
22
28
99
81
 4
20
 9
96
 4
24
43
93
41
69
94
64
47
87
68
84
97
80
75
90
24
20
10
52
 7
97
 2
87
 6
68
48
77
22
29
 9
45
22
40
74
56
55
61
98
98
63
 1
87
 7
38
45
54
77
13
68
21
61
34
87
85
51
27
82
21
65
75
15
34
57
43
78
55
34
51
32
85
18
34
25
56
29
16
68
45
46
87
74
 6
94
56
 9
36
33
40
81
60
95
77
16
40
34
30
24
 2
49
35
35
76
31
 5
94
45
20
 8
88
14
83
53
98
63
33
96
61
30
79
82
25
62
49
71
70
93
56
29
11
90
44
52
18
99
20
 8
92
82
65
30
41
29
54
99
48
48
82
16
41
52
 7
79
17
88
21
39
 9
72
66
72
17
58
85
78
24
 1
39
57
47
59
74
29
55
72
92
 2
74
78
70
 7
42
98
 4
38
 9
57
31
95
64
58
87
76
69
99
63
24
96
26
12
52
35
20
78
87
61
32
 2
15
78
27
46
99
53
74
33
49
 3
45
23
91
59
49
10
42
42
71
85
36
73
36
35
80
75
74
30
21
84
10
58
84
 6
30
78
56
61
92
25
90
41
89
59
 8
22
46
97
55
54
86
83
91
91
99
78
 6
41
89
 4
81
47
12
15
37
51
82
62
72
51
76
85
22
20
87
27
65
69
64
83
82
74
20
13
 8
80
94
83
85
48
90
96
55
67
57
90
84
55
36
11
81
 4
60
92
88
75
93
31
15
22
26
78
78
16
 4
47
32
71
 9
60
54
58
63
27
60
61
73
79
22
 5
 6
61
47
95
85
92
21
97
25
 2
45
92
62
58
82
38
31
83
47
88
39
94
33
81
51
34
51
42
96
45
30
33
61
71
71
 2
 5
 8
31
19
54
91
75
91
14
75
17
49
54
43
69
58
91
44
30
76
61
81
16
19
73
25
71
24
35
22
87
94
76
30
18
19
16
73
62
29
34
51
86
 6
83
66
53
96
81
35
35
45
56
52
78
97
58
28
98
 3
19
14
65
40
71
22
65
25
 4
42
95
 8
82
82
84
 7
90
14
82
23
34
68
22
39
57
52
95
83
17
35
43
44
63
71
 8
 6
70
20
38
12
71
13
99
32
27
34
85
 3
 6
74
79
48
83
17
51
55
49
11
58
75
23
96
23
73
77
41
53
51
62
34
89
 1
29
28
34
97
47
44
50
86
17
52
97
84
73
22
64
39
72
76
92
71
60
39
40
54
30
90
72
37
46
42
54
57
49
44
90
 3
32
24
23
 2
74
75
26
40
58
 1
91
80
29
21
59
65
22
58
80
 8
50
 8
73
19
28
95
53
98
62
45
97
38
77
55
31
38
84
96
88
18
98
41
44
18
77
37
53
47
11
22
16
90
25
 5
95
48
27
19
89
85
59
36
17
93
92
92
88
29
18
86
45
19
67
 3
19
37
40
41
 3
 5
38
69
 2
16
 3
17
14
75
66
 8
53
27
87
44
44
57
92
60
93
58
98
39
85
40
46
17
95
70
94
70
72
24
23
13
76
39
88
96
39
47
86
27
17
