5000
15
71
66
64
24
 4
91
 9
84
 2
87
68
 8
90
33
90
45
91
24
74
22
18
65
 4
 8
40
75
 6
38
37
 3
13
25
13
73
74
97
 1
79
19
 3
 5
 4
18
 4
47
17
44
 1
34
19
63
25
15
77
78
23
75
32
38
76
92
 6
51
90
35
 8
 8
83
13
59
41
10
58
32
58
50
72
24
32
19
74
71
21
94
10
18
92
32
79
27
18
84
96
85
 7
59
64
62
61
60
82
73
29
27
65
31
86
37
76
 2
91
71
68
86
13
 4
52
15
41
33
37
81
57
 2
11
24
 6
30
86
50
72
 1
67
35
14
27
91
82
31
49
76
70
42
76
36
87
40
24
99
68
 1
67
93
37
 4
61
10
75
62
44
49
 6
 7
75
27
28
19
25
60
89
56
69
 2
19
84
 2
51
20
40
26
22
48
32
27
50
59
39
93
76
68
69
90
57
89
68
52
37
12
45
86
53
79
60
76
89
11
 7
60
50
54
79
74
95
97
81
49
72
34
77
26
 3
98
 6
 8
77
77
93
94
77
14
81
22
15
98
78
46
85
80
79
12
28
78
64
33
 8
32
79
18
81
70
71
82
91
40
36
76
33
73
54
65
41
35
 1
88
47
15
75
52
48
34
61
63
39
 8
32
61
53
39
40
64
57
97
 4
85
50
32
 9
29
 8
99
55
20
27
47
58
89
11
22
54
63
41
49
90
68
96
73
56
14
39
76
62
66
44
67
94
53
 3
88
56
43
47
 1
35
17
47
96
96
79
26
30
51
48
40
76
91
28
73
33
44
46
78
73
29
48
40
54
96
 1
76
97
96
41
51
44
70
 5
19
99
41
55
72
76
36
67
31
38
75
88
 3
63
36
 9
96
35
10
83
 5
54
97
39
12
17
29
94
83
18
70
34
72
44
 2
60
92
16
15
83
 5
28
34
46
74
65
 9
47
27
34
55
89
58
85
18
79
56
74
40
23
66
33
76
49
46
90
72
88
80
28
24
54
65
11
47
41
42
58
73
 7
12
17
 3
31
78
85
17
25
67
73
99
88
77
23
67
94
87
69
32
79
98
14
40
32
26
25
75
61
16
89
74
28
 5
99
71
23
 4
17
83
78
15
87
63
 4
60
41
53
 7
53
87
44
17
62
93
71
68
 8
80
65
44
63
20
90
48
67
76
69
23
31
64
44
41
72
60
68
28
14
62
82
25
11
18
55
35
49
14
57
13
43
57
48
67
17
39
35
 3
69
 6
84
36
17
30
57
 9
26
11
40
66
94
87
35
79
34
12
97
15
94
39
76
 7
72
10
40
63
63
55
54
22
91
23
90
17
77
43
17
73
72
28
84
69
24
35
26
 2
10
84
87
78
94
58
39
95
44
61
41
 6
50
 1
34
36
25
32
45
64
89
53
52
27
16
71
93
39
77
47
 4
20
31
31
26
 3
 6
81
92
16
18
11
33
19
86
27
87
68
68
12
92
26
84
28
24
54
69
75
44
19
93
87
52
54
 4
12
97
 7
41
39
16
 4
64
27
87
70
38
 9
67
42
28
12
61
94
59
62
31
41
58
44
95
 3
68
42
90
28
38
65
70
58
74
85
21
91
59
49
55
77
31
43
59
76
26
51
59
13
66
71
 5
66
14
53
95
29
57
17
71
58
60
96
99
69
39
96
59
 7
91
90
75
 3
51
49
81
86
86
24
85
65
19
89
10
11
78
54
72
86
76
44
80
57
 1
84
23
 3
28
68
13
77
58
36
68
56
44
65
87
85
46
95
19
87
87
76
47
45
 4
65
39
 8
98
72
39
40
99
80
63
65
93
22
98
26
64
42
40
95
12
55
69
83
53
 4
23
60
 7
13
51
44
51
78
93
72
60
76
 4
12
10
 8
26
12
45
96
70
72
26
36
81
24
20
 3
46
86
62
55
48
12
65
98
91
73
90
58
20
 8
53
49
65
78
89
60
 4
43
54
55
11
33
69
17
66
92
91
13
78
98
37
31
28
18
15
58
70
98
 2
41
85
89
30
10
45
41
10
 5
70
 9
52
85
42
20
27
59
55
98
 9
14
54
19
52
84
79
97
65
39
26
82
72
35
40
38
 3
96
 5
99
48
78
88
 4
28
90
21
47
43
 6
89
86
12
57
 2
45
92
39
 6
23
83
 8
29
84
 4
19
20
19
44
68
37
47
93
92
 1
68
28
 1
34
18
71
72
99
47
 5
12
80
70
50
90
91
 7
 1
54
87
58
 1
45
45
50
82
11
67
79
44
30
35
93
64
66
 6
40
73
46
96
19
45
72
85
87
27
 7
 9
13
 3
88
43
58
83
37
19
91
12
25
60
85
 7
44
 6
15
 2
60
93
12
23
85
77
88
54
54
45
83
34
30
14
50
38
45
68
33
74
90
33
51
78
39
11
49
96
59
10
14
67
75
90
32
97
24
24
84
12
93
25
41
95
69
45
75
13
79
74
30
14
72
58
85
92
 1
48
54
40
75
29
20
49
29
24
95
92
63
99
87
55
51
20
45
38
10
26
89
93
68
 7
90
45
20
53
96
22
80
40
81
73
61
30
12
91
58
53
94
 5
80
55
25
84
 7
64
72
 4
 7
65
45
 6
10
40
56
22
47
59
33
95
69
84
 8
39
58
63
11
99
23
75
18
44
20
25
65
55
63
24
96
40
88
56
37
32
26
88
62
 9
35
 4
90
99
80
16
 7
93
79
63
87
38
 7
19
49
30
 2
28
31
84
46
99
92
 8
53
75
 9
18
58
99
46
79
40
96
13
79
52
 2
48
97
10
49
59
31
11
50
72
88
16
65
89
49
 1
27
28
73
70
85
52
68
71
55
35
18
86
32
89
43
38
44
98
25
 8
26
90
60
61
64
66
60
27
26
49
84
96
75
68
14
86
31
 5
44
51
70
59
15
74
92
55
54
22
81
26
58
 2
79
90
69
 6
98
 7
89
66
81
74
84
23
49
78
18
14
44
48
69
 9
95
40
72
74
38
97
38
 2
82
88
87
91
83
19
60
13
18
66
33
43
87
71
 5
92
86
15
79
41
36
17
24
71
15
 3
 2
28
20
43
78
 1
56
45
15
51
95
77
94
75
24
16
58
33
83
91
58
40
61
36
 6
26
 8
87
50
92
48
61
22
50
69
71
20
65
40
51
49
25
56
21
92
 4
53
21
37
88
96
38
17
20
80
94
10
98
44
84
46
45
48
34
63
26
 3
 5
62
63
10
57
10
29
90
46
35
35
75
46
56
31
33
57
15
12
83
42
17
63
11
78
73
24
 2
33
64
13
23
14
69
80
73
14
27
52
 9
97
59
25
97
50
10
52
89
45
44
13
49
24
59
91
60
91
52
50
31
64
75
41
15
19
64
29
73
63
38
54
 5
68
67
52
56
91
97
20
41
40
54
48
85
86
82
31
30
85
58
60
94
36
52
15
48
83
24
41
89
52
91
66
57
96
14
18
27
26
37
71
51
32
56
58
39
67
37
99
39
76
32
18
80
50
63
 3
78
19
92
70
31
18
44
95
31
69
19
43
17
 2
45
17
66
56
21
 9
87
 8
84
87
94
21
70
 4
17
 6
83
54
43
83
67
95
46
97
61
15
72
17
59
72
69
67
56
35
19
94
77
88
45
40
95
56
85
25
27
24
59
99
 1
85
67
82
 7
13
15
22
20
73
13
22
69
71
58
69
10
81
22
74
13
 5
60
96
53
40
85
42
21
 6
 6
26
10
84
56
69
32
44
52
23
 3
89
67
 9
46
31
98
48
54
79
75
73
76
90
13
 5
44
43
52
73
26
99
82
72
13
14
 4
41
18
27
 7
27
 9
56
39
51
46
56
33
41
52
29
67
13
76
95
22
90
69
44
30
63
79
73
51
29
28
 5
85
46
 3
30
63
57
37
34
12
69
80
83
43
85
71
94
60
62
76
97
37
77
37
92
45
 8
71
22
11
76
76
63
62
75
83
36
40
35
 4
62
55
32
26
64
42
14
88
21
13
38
 7
90
44
81
65
 8
10
46
59
59
92
97
90
66
79
70
15
53
88
77
32
45
21
50
14
73
78
54
91
19
58
 4
50
95
62
23
81
84
20
66
52
21
60
70
14
61
65
16
13
11
96
98
50
63
49
86
38
 9
35
33
78
72
20
68
52
51
47
10
21
87
54
 2
26
67
17
67
95
68
36
46
51
60
86
12
 4
66
62
47
49
89
31
73
54
38
 4
90
17
20
85
54
32
52
79
35
10
75
95
60
99
80
86
41
64
75
11
21
42
77
66
89
59
57
16
93
34
45
99
72
 9
85
 1
62
68
89
42
91
95
49
65
20
95
62
 3
29
47
50
61
35
24
91
53
12
40
75
76
13
45
92
82
65
50
54
50
38
95
77
77
49
33
12
30
 8
61
50
48
83
49
 2
63
53
21
74
97
64
20
27
35
43
20
51
13
67
24
54
25
81
87
71
 3
27
33
11
26
88
86
49
78
24
85
69
74
76
10
64
60
42
87
20
44
94
 3
68
31
22
71
35
52
88
28
93
20
95
64
12
26
20
71
43
26
21
26
13
87
97
80
72
85
87
95
82
92
75
46
56
68
21
93
67
90
53
 9
40
16
70
55
 5
37
58
21
79
12
87
 1
15
31
11
31
80
 2
87
48
65
 7
89
13
 5
36
 2
51
46
35
69
34
78
60
13
92
 2
97
55
55
85
41
85
 3
78
67
 7
66
43
22
80
14
42
41
38
76
72
30
49
64
85
17
21
16
51
11
32
25
36
86
60
97
53
 1
24
79
34
89
69
 4
84
43
47
21
 4
91
19
15
90
31
97
12
23
96
95
73
67
 6
84
60
62
12
22
86
52
66
57
39
25
33
81
70
 3
46
18
55
69
82
27
22
61
 6
24
33
17
74
73
37
12
68
73
61
57
16
80
67
21
93
88
52
24
59
25
98
68
 1
69
60
75
76
53
95
61
 4
52
26
50
79
33
49
40
 7
49
54
21
78
78
91
71
26
66
45
22
68
75
36
23
55
25
44
82
67
87
45
37
58
59
47
24
82
48
56
80
15
 8
26
73
11
51
28
84
89
86
 5
34
94
 6
34
79
43
53
70
71
85
14
89
 8
88
60
14
64
80
94
17
31
70
92
18
56
63
33
46
16
93
92
78
94
 6
89
57
22
86
72
62
46
96
15
59
63
97
24
 3
16
11
38
 2
62
33
94
35
36
14
55
31
92
35
72
72
60
 5
91
78
11
87
48
 3
33
98
70
88
66
72
63
48
47
44
46
85
19
50
51
41
97
79
43
73
13
91
65
50
12
28
76
78
70
34
88
34
78
23
56
25
53
83
37
45
50
82
80
55
15
52
47
57
50
12
25
75
47
29
53
37
50
47
 7
49
 6
98
53
60
51
38
45
27
27
88
52
50
36
65
 2
 9
37
51
13
63
24
93
20
48
38
93
68
17
99
67
40
91
86
40
46
41
44
46
 7
57
68
28
65
74
40
65
66
49
45
49
26
 4
69
42
47
12
98
20
83
35
 3
30
30
16
59
97
18
96
69
83
 8
92
27
26
73
91
17
88
26
92
67
28
12
76
62
15
20
95
15
24
27
91
28
 8
30
41
39
95
66
 8
60
19
12
16
23
91
26
33
44
78
33
63
10
55
42
43
97
97
51
39
46
 6
69
48
64
10
86
96
17
47
39
14
74
59
79
23
53
19
17
92
21
11
34
94
43
84
35
21
92
12
51
90
21
52
26
30
21
80
48
21
50
43
27
14
91
42
68
15
80
84
87
21
71
94
73
30
15
50
58
88
88
14
24
 8
42
34
63
14
31
94
56
61
70
65
68
66
12
42
33
 6
44
52
27
28
37
75
90
21
43
75
22
84
45
93
72
58
82
 6
93
42
48
68
49
73
84
75
50
86
57
67
23
15
53
68
67
84
82
32
24
29
18
63
85
 7
45
79
97
17
86
 6
73
14
51
44
63
26
67
21
 4
55
70
59
86
76
87
63
94
18
97
78
10
26
 1
 5
55
11
95
29
93
71
72
56
10
87
36
 4
33
93
66
34
 9
 6
21
95
69
29
 4
53
34
18
89
61
76
91
26
74
84
13
23
36
54
18
30
66
53
82
23
62
88
61
99
29
92
35
92
86
13
25
24
38
63
32
88
64
56
17
97
28
73
88
74
28
71
57
19
27
 6
76
54
69
53
24
61
 9
29
95
98
78
55
21
46
99
 5
70
49
 5
71
98
95
11
68
71
22
70
30
 8
73
15
10
 5
93
 9
54
84
13
58
37
 7
68
49
32
86
39
10
27
95
45
30
44
48
67
49
62
58
60
57
14
90
96
90
60
66
27
98
13
58
90
46
84
38
57
16
75
 1
44
19
47
37
73
28
95
82
34
54
97
99
 1
21
 5
38
65
99
97
15
61
91
42
66
 1
24
85
25
40
25
15
50
71
66
28
78
52
18
41
28
88
23
59
11
80
29
80
94
31
71
 6
66
25
74
60
41
23
33
99
59
15
61
76
32
 9
72
79
66
21
54
90
22
96
35
83
63
59
78
15
10
10
20
20
95
71
67
76
23
 8
94
34
92
98
41
82
52
11
43
58
 2
43
25
57
12
95
53
51
86
16
 7
79
45
96
41
21
37
72
27
 1
63
78
15
46
37
34
16
53
26
 5
69
69
52
 3
53
46
50
92
30
88
74
52
81
42
70
55
21
36
83
23
44
37
23
29
85
35
61
84
72
 7
79
91
26
62
39
 5
95
60
 5
68
95
72
76
93
 5
68
66
20
26
37
87
40
42
85
71
25
82
51
98
34
30
53
46
44
70
34
44
78
44
 1
48
77
69
24
 2
84
17
21
21
 2
 5
47
61
63
79
47
87
 7
65
86
36
90
45
 6
70
 5
50
30
11
72
25
64
63
41
53
11
20
93
88
58
34
77
94
34
75
52
50
17
58
83
78
85
24
80
 6
72
 4
91
88
41
38
58
98
44
45
57
34
51
59
 9
26
35
12
 1
18
11
63
89
80
87
82
37
50
37
68
55
36
54
11
89
 1
 7
87
29
58
33
94
92
81
 4
 8
44
70
 4
71
94
74
41
11
79
34
48
66
23
93
75
38
88
93
54
63
57
82
11
79
 2
35
17
24
89
52
80
13
30
95
16
41
54
58
32
72
49
 6
83
27
64
 8
85
60
73
71
70
40
30
15
84
92
11
91
81
53
58
84
36
80
23
14
15
55
46
37
40
54
46
27
78
89
61
71
94
22
25
95
96
34
 8
63
 8
66
19
25
 9
15
81
 4
74
76
99
66
48
59
10
73
66
24
40
62
13
90
82
54
81
67
82
28
26
44
67
78
 5
97
 4
68
75
46
17
17
46
28
60
33
51
 9
57
 6
59
12
23
11
62
72
69
 4
67
 2
 6
63
45
79
55
92
50
44
69
87
58
98
90
18
45
18
23
26
64
67
70
62
18
 4
 9
 8
 2
90
36
56
23
89
76
33
41
60
89
26
62
24
40
83
29
29
 2
83
19
92
33
92
20
 9
 5
54
81
45
33
20
 3
 7
65
31
66
56
97
97
95
13
60
79
 8
11
63
93
56
 7
22
74
54
52
53
13
49
14
85
74
43
43
54
50
29
95
19
32
60
82
94
60
88
75
33
43
99
42
 8
85
 6
 9
94
38
90
62
71
 6
80
77
13
 4
36
63
50
35
48
38
21
46
17
12
17
51
93
95
39
86
96
12
62
63
41
21
33
 4
12
43
94
18
36
98
56
 7
46
28
22
46
21
26
74
47
92
46
31
38
86
29
85
66
 8
75
39
65
21
40
27
85
49
78
53
37
39
90
58
31
 3
25
94
89
 5
59
53
91
92
48
28
24
36
41
52
23
85
45
73
65
 4
71
32
83
81
 8
99
79
 8
72
33
 9
83
93
12
 4
54
48
99
20
67
37
24
42
 9
 6
88
81
31
95
21
70
40
30
80
80
31
32
 8
98
56
74
67
56
12
38
40
65
22
13
31
58
17
92
50
67
67
10
16
50
91
56
59
22
82
39
74
45
72
10
73
83
97
34
17
76
59
21
68
82
56
81
37
17
85
54
65
99
73
44
27
25
61
22
87
94
76
33
87
28
23
62
15
57
39
 1
13
54
44
63
 8
96
 4
92
76
89
64
23
48
82
84
15
89
79
82
43
29
 1
68
55
67
66
47
66
69
73
88
34
57
59
30
47
91
86
 5
94
80
55
93
54
97
86
54
32
40
80
43
29
25
84
95
56
29
80
58
61
99
24
47
97
24
48
29
10
72
65
 1
43
55
76
59
67
36
21
33
19
88
71
77
52
41
25
98
 1
66
76
17
43
89
34
15
70
55
56
99
54
28
76
26
 7
76
 2
93
38
10
28
70
 6
16
84
67
38
65
35
13
57
38
44
28
68
44
64
87
39
72
10
47
37
55
 3
16
58
89
61
75
 3
83
85
 9
34
75
36
41
77
 7
62
66
 7
79
57
44
53
90
 7
59
95
62
14
24
76
74
58
98
84
17
72
33
58
45
 3
91
53
92
24
77
19
95
89
90
40
96
73
66
73
76
90
20
47
86
63
30
52
28
93
 1
79
48
36
37
59
 5
26
58
23
63
35
95
70
86
33
10
55
65
36
40
64
74
79
56
 8
77
33
10
99
79
90
48
48
47
37
10
19
94
35
41
11
57
34
66
95
52
44
45
61
35
72
60
19
75
69
52
 1
41
83
56
17
14
68
59
 3
49
43
18
13
66
44
75
96
15
77
 5
23
89
 9
17
76
28
93
65
91
94
91
88
57
53
58
10
58
40
79
52
66
62
 9
74
72
98
 2
89
67
50
 1
76
38
17
45
41
28
36
95
45
92
68
12
42
22
61
91
56
39
86
11
41
70
63
73
41
91
85
90
10
19
44
25
89
84
74
 9
30
50
25
58
33
98
55
31
89
44
87
91
30
34
 4
83
38
56
 5
58
27
22
48
30
56
58
56
58
 1
68
27
86
92
93
31
47
 9
38
35
83
99
85
24
60
12
78
66
54
51
75
10
69
82
75
27
69
52
 1
14
89
14
51
54
 2
37
10
64
12
 3
 3
10
37
42
17
34
79
27
63
67
12
83
87
72
99
13
21
84
95
14
72
17
93
80
58
65
14
65
66
 3
83
87
42
 4
96
81
18
53
15
51
43
26
80
39
62
57
23
65
88
 8
29
54
 7
36
31
98
70
86
11
77
36
 2
81
87
68
63
98
79
76
90
19
 6
30
79
20
14
78
 5
 2
34
70
 1
25
82
46
18
42
12
30
68
21
72
 2
82
 7
68
48
53
17
96
92
26
28
56
92
88
22
 7
25
25
77
63
13
93
71
 7
45
75
58
12
38
82
 4
43
59
44
47
48
12
67
56
86
73
11
61
20
66
37
15
 9
97
 1
80
40
25
36
93
33
67
97
91
35
54
22
54
79
 7
51
71
86
45
14
57
 3
35
67
23
57
38
27
61
10
 6
83
23
 1
73
 1
49
59
82
44
36
68
99
 1
 2
70
59
48
38
95
97
26
95
95
 6
92
 2
75
58
86
56
93
64
 1
 4
28
86
82
30
85
73
46
73
43
53
59
 9
 1
37
42
83
30
75
61
81
11
21
51
71
33
36
64
31
45
98
50
 3
52
50
95
62
 6
30
 5
70
39
54
53
73
51
68
20
34
93
42
95
57
90
24
85
89
29
39
28
50
46
45
 2
88
47
 9
80
 9
13
51
97
77
80
99
66
29
 2
96
37
97
34
26
26
 3
76
72
 7
98
15
96
70
15
70
47
96
 9
39
69
94
63
92
48
71
26
40
46
98
41
25
68
19
65
50
11
75
31
 5
29
94
25
85
94
 6
56
92
60
48
99
97
94
22
57
33
38
44
37
37
13
76
11
95
44
67
17
86
39
87
87
10
66
 5
77
82
79
69
44
84
46
40
81
39
10
64
53
16
50
 8
13
40
74
47
73
81
89
50
11
31
18
23
54
21
68
66
53
98
58
20
79
12
77
33
57
28
97
48
50
19
22
22
39
58
66
77
98
48
83
14
95
22
 6
72
47
67
27
75
30
67
93
34
 2
40
37
52
15
74
99
21
82
21
99
25
89
54
83
59
90
58
13
70
99
45
29
42
17
73
44
 4
73
73
13
16
80
29
16
 1
26
36
20
50
17
93
39
20
19
36
81
 2
88
72
72
10
39
29
66
61
46
60
29
92
31
48
98
86
22
39
15
50
50
19
17
29
54
 5
 7
87
69
54
72
42
63
48
69
88
13
53
59
82
56
44
 4
56
35
68
94
91
64
24
44
45
25
72
13
68
30
23
78
75
62
12
30
36
25
36
17
36
 3
42
10
81
98
44
98
80
 2
57
 2
98
83
35
23
 4
78
96
87
 6
18
12
36
 7
11
55
85
60
12
88
40
58
78
69
76
52
62
69
50
25
34
85
85
95
89
21
80
13
20
36
82
95
20
32
74
77
 6
80
33
14
 2
51
72
26
90
50
78
13
68
29
 8
17
18
72
64
93
23
28
54
33
42
82
92
18
75
39
98
49
26
27
21
20
 5
69
56
87
76
53
94
 3
73
29
31
59
22
81
22
25
63
98
92
95
26
74
79
72
59
89
17
61
33
83
62
22
66
83
45
59
55
87
61
83
69
72
83
26
 2
25
94
44
22
72
53
 7
35
99
59
81
78
32
56
25
74
84
25
83
64
31
99
34
35
16
77
39
79
59
46
62
94
62
86
26
44
84
 1
41
14
88
 7
89
75
17
43
18
81
14
39
92
13
48
90
69
 3
42
99
71
65
84
 1
83
25
96
53
71
12
68
13
45
96
22
62
62
29
87
21
97
69
97
93
58
59
63
99
 3
35
21
43
12
19
41
45
82
 1
81
13
97
39
55
72
39
97
26
20
87
47
85
39
85
37
15
36
13
86
 7
16
38
88
50
83
 8
69
20
83
17
14
15
46
49
75
69
75
16
20
74
33
76
77
49
57
80
69
83
74
 7
11
 6
39
53
 6
78
55
29
80
10
29
20
38
44
87
87
 7
36
26
37
46
86
19
60
98
15
42
50
34
77
75
17
82
78
76
97
15
98
53
68
47
91
 7
98
38
62
35
98
47
76
37
40
47
30
49
91
25
15
75
37
85
12
64
38
86
46
47
90
27
50
30
41
 3
48
47
27
56
 8
43
91
52
 8
31
29
75
19
57
46
 7
78
41
52
59
47
27
90
45
24
78
27
38
22
99
83
12
56
94
56
23
68
28
93
 8
43
39
85
70
14
36
22
25
30
38
80
79
95
 9
13
10
27
 7
71
28
48
34
53
74
89
98
 4
52
76
64
57
36
94
 5
58
53
23
38
37
97
94
73
78
49
14
15
67
70
61
78
61
61
 9
62
32
26
20
22
64
42
13
86
56
90
70
76
72
31
98
74
35
75
90
59
73
60
 7
 6
40
49
36
48
 4
88
33
79
20
35
17
34
 1
74
 5
85
83
63
75
17
21
95
45
15
75
47
35
23
65
88
24
 8
35
 4
52
81
80
40
95
34
41
 5
44
15
48
18
27
16
58
78
12
92
70
21
10
91
46
31
42
98
28
89
62
 2
78
24
13
51
44
37
18
35
43
73
65
53
18
23
98
90
17
93
76
84
59
69
