400
11
63
72
23
69
77
17
37
34
98
97
12
10
22
28
54
73
63
87
97
79
57
11
54
70
83
14
96
29
27
68
51
99
69
40
37
21
19
90
85
97
35
60
43
51
14
36
86
76
53
19
78
54
62
95
69
26
57
25
99
 1
93
49
73
97
72
43
78
78
77
 4
36
87
88
89
30
60
 8
28
 8
94
66
93
 4
64
31
64
95
73
87
68
99
 2
17
35
58
75
38
52
19
99
52
38
25
71
28
46
64
31
89
15
59
67
49
40
67
18
19
32
59
 4
76
16
57
24
88
23
92
48
96
53
66
42
51
42
73
65
86
14
73
59
58
77
73
85
12
 7
89
19
89
84
73
56
82
60
65
61
13
80
46
77
35
62
58
58
90
40
83
29
52
96
20
33
22
70
62
85
19
69
28
68
12
84
35
16
27
18
55
99
98
48
75
72
 3
 8
74
96
98
28
47
72
76
19
 1
39
93
20
22
48
 2
20
77
64
69
59
24
13
89
25
89
23
70
35
18
90
 3
47
21
 4
10
74
35
49
68
31
45
58
 2
23
36
 4
43
73
63
 1
52
16
 7
27
 9
40
66
14
56
28
99
35
 3
57
42
24
68
16
 7
63
93
 2
19
71
82
50
69
28
89
70
46
70
58
28
33
83
80
45
17
51
97
80
29
54
28
37
17
96
32
65
 2
62
82
24
21
57
76
42
72
46
46
70
23
61
99
41
36
56
64
44
10
 9
41
22
97
45
64
 8
58
58
63
 5
48
44
22
 9
84
87
41
13
82
28
78
53
22
58
94
76
35
64
77
58
44
60
48
48
81
51
54
11
14
43
35
89
58
49
58
96
78
33
39
46
16
88
 9
24
 9
44
70
24
33
71
93
37
55
74
85
35
46
65
 3
12
62
82
30
45
23
70
96
40
 7
61
41
 2
76
