2000
33
72
 2
93
68
59
91
 3
28
79
78
62
97
85
29
40
32
96
 3
90
24
22
32
57
76
97
35
58
38
10
14
52
 8
11
 7
 8
82
30
27
18
31
64
91
59
92
61
54
27
56
72
40
72
35
88
10
53
14
52
29
34
24
36
12
38
81
89
71
94
27
53
56
85
77
30
36
30
64
24
66
 4
48
16
41
53
87
20
35
79
49
54
43
57
50
93
53
83
 6
31
 8
90
70
 6
31
30
65
52
67
79
66
87
96
56
35
31
78
88
94
45
92
50
 9
 9
45
 2
70
 2
54
14
79
15
50
65
75
72
70
60
44
60
66
51
47
78
47
49
87
74
47
62
68
 6
44
69
61
76
21
75
33
89
 4
39
46
80
56
25
 3
44
70
69
 8
48
30
20
57
28
91
36
24
67
66
97
19
48
16
20
26
78
82
23
81
94
61
54
99
26
 5
 9
 9
26
95
36
96
65
79
96
37
82
78
54
10
87
75
53
52
29
11
73
67
94
63
21
60
65
61
37
79
11
95
89
49
32
84
21
98
23
60
25
30
89
23
24
59
72
35
18
68
19
 2
84
96
67
18
80
 8
57
 6
50
68
51
51
75
74
79
46
73
50
91
37
85
73
15
16
49
28
19
29
17
70
91
35
91
72
94
20
50
61
38
70
42
 2
25
16
10
32
 5
61
23
34
99
95
89
 1
27
21
22
27
84
62
11
51
34
27
18
 1
37
69
 8
52
84
 3
44
57
68
55
67
67
45
84
84
76
37
48
87
45
 8
69
14
 4
85
61
92
 7
41
68
71
33
12
86
72
12
79
24
72
63
76
59
61
21
51
39
59
54
50
23
59
34
47
67
85
62
96
76
91
26
18
18
44
68
96
12
88
67
19
25
28
92
 6
34
35
33
82
23
29
89
46
72
24
91
43
93
77
48
52
77
68
94
77
10
11
53
29
11
44
41
 5
69
94
63
67
15
71
38
 9
 5
65
53
94
72
31
43
 6
94
18
53
47
57
21
99
45
49
34
80
 5
68
54
54
53
90
43
46
39
54
82
67
 7
26
19
59
18
20
64
 5
51
94
19
22
34
30
82
19
52
11
59
89
80
91
73
25
85
97
27
51
53
26
16
52
64
97
27
73
 5
32
46
92
 9
84
75
38
28
33
17
31
40
45
14
67
70
10
87
66
33
68
83
43
99
29
56
18
78
 7
14
 5
98
51
30
22
14
30
67
36
98
24
25
11
62
72
14
46
49
74
19
90
37
54
34
26
33
83
22
86
55
 7
82
 9
 4
37
 3
98
12
68
61
99
77
81
41
30
80
83
55
 7
52
59
21
 4
50
78
88
57
63
29
62
78
10
27
24
90
84
74
88
33
60
 7
 4
55
58
10
34
55
61
44
22
78
71
59
85
14
31
34
35
36
61
28
64
10
69
67
15
 1
62
70
44
25
22
29
31
76
88
33
 8
53
86
88
81
33
61
89
37
21
49
88
51
13
58
66
50
95
65
 1
11
36
22
52
62
77
72
83
57
86
80
95
98
85
45
28
84
91
31
90
34
25
83
81
96
81
42
51
71
45
42
69
59
42
 2
69
67
86
94
96
87
54
 1
65
79
10
36
38
65
23
55
23
68
20
24
21
14
83
63
10
21
66
55
91
86
 9
 6
92
21
46
82
64
 7
95
79
32
58
83
66
72
47
42
61
68
69
98
65
89
34
 9
28
93
19
62
63
51
 4
74
95
18
16
48
36
54
87
71
 4
 7
73
59
53
54
32
 9
43
31
97
50
17
43
69
93
 5
75
25
35
42
10
10
27
87
57
82
78
70
 7
81
92
21
24
 2
84
23
80
10
34
46
38
51
62
92
 5
16
21
20
47
32
81
68
99
83
94
62
50
85
24
 3
34
33
13
38
37
50
 8
13
17
52
70
83
37
59
17
22
74
57
18
62
28
66
97
38
23
91
57
59
53
21
63
67
19
63
37
21
25
66
72
66
 1
19
23
22
97
86
93
36
20
59
63
74
53
88
75
47
54
84
41
76
51
21
78
 1
18
80
15
95
85
25
16
40
46
51
38
88
13
33
70
82
83
71
79
62
84
95
 2
 6
41
93
19
70
44
54
42
54
57
78
43
45
39
41
77
94
35
74
13
70
96
32
21
14
78
30
36
91
 2
15
63
34
 2
40
10
58
57
19
27
84
35
33
64
15
28
61
90
 8
22
 1
91
15
83
52
14
93
91
53
51
84
11
13
42
58
27
26
78
17
38
51
 2
61
27
 8
71
 8
19
67
86
59
33
25
62
27
30
96
19
93
76
46
88
25
35
86
17
17
80
38
41
80
52
21
33
62
71
47
98
87
96
74
91
43
68
25
61
72
17
 1
99
96
65
95
59
54
24
70
63
57
95
49
55
44
93
34
84
72
85
81
33
74
68
32
30
59
96
66
73
75
46
36
16
94
58
75
21
76
45
30
56
34
79
15
29
64
71
26
14
87
56
25
 4
53
67
26
24
21
61
97
28
20
39
10
27
86
28
40
76
52
89
68
64
14
 9
74
16
50
23
72
77
15
40
77
89
62
43
74
93
45
75
49
 3
49
42
61
88
83
18
32
79
 2
71
22
54
71
36
54
16
79
 2
77
31
69
71
23
16
 4
70
32
50
63
27
40
22
67
21
63
52
 6
45
77
28
 5
24
59
88
91
81
63
77
82
85
85
22
74
49
27
53
35
45
83
 9
15
70
71
56
34
66
26
66
82
98
85
65
 1
 6
88
29
68
38
93
93
51
73
71
99
62
49
43
21
77
83
54
77
48
38
28
23
73
86
92
75
50
38
51
86
90
93
45
33
 4
73
24
 9
36
90
44
 8
77
18
 8
84
 9
28
98
61
20
32
80
87
63
16
40
23
57
95
52
28
29
89
 6
53
11
24
18
 8
49
76
50
87
71
72
43
57
66
37
 7
62
99
24
82
61
47
 7
81
48
60
75
51
76
36
15
76
42
11
99
21
27
58
97
68
74
 7
 2
51
96
48
95
 8
82
60
59
74
 4
21
37
61
87
27
53
98
64
88
14
 1
48
36
82
63
49
94
42
12
 5
55
71
24
10
11
 8
56
16
90
58
78
18
47
 4
61
74
32
76
22
73
21
53
55
14
27
24
62
 2
46
19
28
11
94
11
36
49
69
 3
49
56
84
 6
 2
58
42
28
96
37
60
65
42
26
31
21
50
82
31
51
15
59
60
57
 1
19
17
28
44
16
 1
26
14
94
47
65
37
23
84
51
16
 4
 8
12
56
97
72
25
32
92
12
59
 9
48
45
13
44
56
20
99
90
55
37
51
13
17
92
70
61
57
11
37
 4
98
76
78
49
 9
60
98
78
79
35
17
 9
34
68
57
11
44
15
74
 4
61
75
69
44
 8
44
24
34
55
17
71
77
41
80
98
91
27
68
96
 7
75
79
66
71
35
53
88
86
 3
17
76
95
75
68
96
37
47
35
 4
99
56
59
61
89
49
43
83
38
65
30
92
64
10
33
20
31
14
88
26
89
45
53
94
61
83
28
66
60
13
 7
57
90
47
54
36
28
36
95
 9
24
83
37
85
34
 7
92
60
11
80
16
 7
75
85
62
95
80
21
27
41
12
79
12
 6
17
60
74
47
13
16
79
27
73
90
42
92
33
92
63
46
16
91
43
97
31
36
89
17
19
68
96
96
28
20
10
42
80
77
54
68
 1
92
46
60
93
42
57
54
13
84
62
 5
39
52
32
79
79
99
90
66
24
54
29
39
76
99
72
29
62
24
87
93
81
75
54
 3
74
37
50
37
61
 1
15
36
51
11
 6
58
78
81
30
25
32
53
72
89
59
85
77
 4
28
76
28
40
79
62
73
21
93
26
54
23
96
54
52
11
15
68
46
63
20
81
81
45
57
85
39
94
17
39
16
72
30
54
85
47
52
56
84
55
 8
 3
57
21
74
54
21
75
72
65
95
44
29
96
29
50
 4
23
97
22
20
20
84
17
 6
26
34
75
94
48
73
13
64
10
 8
57
84
 9
73
43
51
95
55
70
66
21
67
38
57
78
74
60
73
81
92
87
72
 6
 2
 5
33
34
40
77
89
35
15
82
50
23
72
 4
64
95
85
37
28
46
94
75
89
16
59
24
21
79
56
 9
36
54
80
44
29
 1
88
 4
98
17
45
71
28
97
89
15
 8
52
 7
60
40
58
26
 2
56
43
99
42
36
61
 2
74
85
81
19
16
80
37
39
17
88
36
27
16
14
30
 5
 9
61
95
97
75
69
44
81
31
95
17
 1
73
29
74
67
52
93
43
28
70
17
23
14
13
40
22
46
33
31
14
11
88
93
 6
96
42
11
83
91
45
32
41
29
91
42
60
95
82
18
41
73
76
 4
41
51
64
19
52
47
60
42
44
 7
28
52
 9
 2
41
98
55
95
99
73
64
11
98
56
61
41
76
 1
22
84
26
39
67
91
11
77
50
36
57
42
 7
 2
76
72
76
72
76
97
36
44
23
14
83
30
14
82
13
70
16
68
85
48
34
58
75
92
65
50
83
76
 8
61
87
14
51
71
27
22
71
11
94
94
13
29
43
30
79
67
50
55
54
31
71
11
35
30
35
15
16
55
72
93
12
64
69
72
43
52
28
29
72
72
 4
15
42
82
