5000
65
91
93
 1
17
86
67
67
57
40
21
71
52
30
25
11
25
93
20
94
10
91
71
10
46
66
10
44
80
86
74
89
65
64
59
38
45
54
89
94
11
18
15
38
96
81
45
41
21
30
31
79
45
96
 4
32
35
82
75
39
12
70
21
78
83
59
31
40
17
77
82
80
70
28
78
98
41
86
38
45
31
44
71
 1
93
83
16
26
83
98
93
23
45
40
27
15
70
99
11
86
71
14
57
70
83
95
 6
53
63
91
46
71
76
39
 1
55
44
65
54
24
65
71
64
62
55
48
20
94
22
70
17
87
45
26
95
87
46
11
10
34
36
48
80
54
27
80
 1
72
81
58
38
45
 1
21
15
58
14
52
98
93
82
18
92
92
73
88
54
45
 1
19
26
12
29
23
28
15
 1
90
74
17
88
91
58
91
54
20
90
47
89
20
36
72
43
44
 4
82
84
82
57
35
38
24
10
85
11
85
46
56
61
54
50
86
44
 1
77
53
40
 5
61
98
49
29
73
78
39
12
34
71
10
 1
 6
40
94
93
43
94
46
19
62
65
21
13
70
15
25
35
28
99
19
71
15
14
56
66
26
41
56
44
94
13
70
45
68
22
53
52
27
10
94
14
79
16
35
69
 8
69
 4
49
19
86
95
72
65
35
68
26
81
74
25
21
14
87
89
27
87
31
43
81
84
36
15
72
68
65
10
84
53
51
49
 9
28
54
25
23
47
34
43
17
96
79
25
85
43
17
85
65
78
97
44
27
59
15
63
 5
75
51
95
78
18
97
28
90
 4
29
10
95
14
17
34
51
 4
38
78
36
58
54
71
90
26
39
79
89
19
19
89
29
15
 5
91
32
39
78
 6
77
69
19
94
22
44
25
89
54
 5
18
59
34
54
85
60
43
89
57
19
34
53
57
45
75
76
31
42
85
70
97
41
62
19
19
74
94
40
36
60
59
73
71
83
97
49
33
62
69
96
38
81
79
72
74
73
81
20
27
40
35
93
95
91
50
17
 5
92
64
21
59
87
10
56
35
21
 6
81
56
82
28
51
51
32
 8
 6
46
17
94
78
69
24
42
 7
45
12
51
 2
40
34
42
30
39
14
56
72
30
79
95
13
41
22
84
25
52
80
58
13
85
15
71
55
24
79
21
33
55
53
89
82
71
37
97
34
56
75
61
10
61
21
64
28
18
82
18
65
77
87
32
67
38
 6
80
25
36
40
50
18
67
62
95
40
29
80
59
19
22
 8
98
32
18
51
69
29
41
59
13
86
53
57
86
66
85
20
95
37
38
84
67
26
58
85
10
30
30
94
17
94
85
43
44
71
74
22
27
46
 9
45
64
80
84
42
41
31
42
87
 2
12
45
38
65
45
41
63
82
74
71
56
19
90
27
 8
91
34
89
35
12
28
47
30
78
 7
64
42
72
 4
56
37
94
38
60
77
 1
85
57
35
72
71
41
85
71
62
67
29
37
96
 6
36
59
42
19
 3
68
98
70
99
18
48
13
91
77
81
66
21
88
80
90
35
47
90
 3
55
41
81
53
28
91
10
51
18
62
84
22
46
56
61
60
14
75
49
31
71
63
76
33
34
 2
80
53
96
87
71
15
77
55
46
71
24
72
94
35
23
75
68
87
40
77
69
81
18
99
14
61
94
75
30
15
33
74
63
93
50
80
27
11
17
99
75
42
33
 5
42
54
38
11
31
80
63
71
74
64
 3
 5
72
91
74
46
21
48
77
97
26
95
18
21
42
13
85
17
 8
19
67
29
20
89
95
41
29
 3
89
91
95
19
99
68
76
44
22
16
99
58
75
25
86
77
27
18
72
27
39
14
 8
90
37
88
63
 6
79
97
44
86
90
98
24
48
90
21
98
72
46
36
90
48
82
65
87
88
93
83
47
45
79
53
56
79
49
39
80
51
15
72
77
 3
35
61
25
31
 2
57
34
67
52
65
86
13
97
91
90
16
37
46
65
41
60
56
62
43
 6
46
53
59
79
15
54
54
86
61
35
35
 7
30
97
54
41
75
56
25
72
33
82
81
70
37
98
74
77
 8
52
73
 9
84
33
48
93
35
18
78
10
87
59
13
29
53
31
90
13
43
35
46
98
79
67
37
 3
 3
92
86
75
49
76
96
54
36
45
19
25
 1
37
46
60
37
80
99
32
94
94
70
61
58
35
21
20
79
75
76
42
94
61
 9
46
81
 5
71
35
94
85
59
90
42
 4
66
96
19
50
15
35
88
69
20
80
18
38
76
27
41
57
19
93
76
92
51
27
64
33
92
44
64
22
40
51
47
25
77
70
48
89
64
97
22
60
 3
58
29
97
26
52
32
83
24
57
18
46
11
 4
18
74
90
69
53
92
16
19
62
37
57
29
54
96
36
27
47
94
14
82
 9
41
69
80
78
51
84
31
 3
53
67
 8
24
67
30
94
84
13
26
47
93
94
12
23
70
37
 3
80
72
18
85
34
80
63
84
41
68
74
27
11
19
18
89
18
17
71
 6
99
88
63
94
40
 8
75
87
92
44
50
22
60
65
 2
80
94
82
37
42
11
46
91
12
87
69
14
25
60
96
66
51
65
 5
 2
32
47
31
75
63
78
30
47
37
15
53
39
99
41
57
 3
88
12
17
62
36
48
61
88
 7
 6
22
54
34
67
83
53
29
66
47
19
48
18
89
11
74
39
24
42
76
46
60
72
60
15
45
69
28
80
15
61
56
76
 7
62
53
75
81
19
63
40
99
46
93
44
98
95
42
77
24
46
78
81
51
32
77
38
55
16
52
66
56
22
75
37
31
35
45
60
67
69
95
58
93
23
78
89
39
30
38
19
60
11
10
14
 8
39
44
42
29
25
 8
83
25
34
48
 1
26
41
79
86
20
47
72
59
90
34
19
80
 4
10
41
 1
96
14
 6
 7
 9
24
46
42
11
47
28
 9
66
30
51
27
89
72
60
19
24
68
24
27
13
89
66
41
92
 7
14
 6
57
56
37
23
46
83
57
92
 2
50
78
16
37
20
38
25
74
38
27
15
75
19
65
93
43
19
 4
92
19
63
 5
65
27
61
11
20
20
94
35
99
62
26
62
74
 4
79
49
46
95
75
50
33
81
57
95
35
22
75
49
54
 1
92
48
56
49
75
67
52
42
 1
19
15
14
85
17
50
40
57
10
91
26
38
38
24
55
14
97
78
48
31
59
41
68
82
59
 1
27
63
80
72
30
16
36
35
38
67
10
 7
31
78
29
10
96
 6
34
41
22
92
39
94
83
81
19
64
62
88
41
71
20
16
57
30
15
32
95
 7
71
24
48
 6
70
34
99
94
 1
76
12
30
15
66
71
 2
47
46
52
34
29
43
76
86
52
42
44
67
33
 7
91
21
15
37
69
 4
60
91
99
87
88
72
82
35
76
81
32
64
16
62
13
55
26
46
38
10
 4
75
16
31
32
73
 3
18
25
 5
48
54
15
88
92
76
70
38
89
96
59
57
42
96
29
94
92
30
24
70
80
53
16
69
85
56
71
36
93
83
21
52
93
10
55
34
24
95
17
37
14
53
27
81
 6
58
83
24
19
58
95
62
40
76
85
 1
99
82
15
69
10
48
79
20
46
18
11
10
26
28
56
57
68
38
47
18
14
54
36
55
49
37
28
40
43
81
74
68
37
42
39
22
84
93
35
77
83
21
25
67
12
 3
78
 8
 1
84
 3
98
39
38
 1
16
77
58
17
91
95
25
99
90
16
63
30
15
33
46
85
11
17
64
46
34
84
93
32
18
92
20
82
30
42
 8
55
56
32
14
67
77
89
 3
38
10
82
75
79
35
56
77
84
31
90
83
34
 6
25
26
23
43
62
69
86
89
63
13
35
45
75
89
91
32
99
61
27
91
23
99
95
51
38
11
47
68
85
17
57
50
 4
67
18
58
58
56
22
26
30
46
31
75
 7
68
15
59
89
94
65
18
54
58
88
96
49
10
47
78
16
94
94
10
72
33
43
57
68
98
 8
61
55
47
98
63
55
32
68
36
 4
43
 7
 1
28
68
80
76
43
90
18
34
29
46
33
96
69
89
85
59
10
12
72
87
34
 4
51
44
86
58
96
10
70
90
67
66
33
44
 6
71
57
13
51
35
10
96
69
94
16
44
87
 7
39
 9
50
70
45
51
60
76
 2
22
50
 3
 5
72
20
66
88
98
 4
33
16
85
99
98
75
71
10
60
18
54
56
59
43
 1
87
47
56
67
57
39
36
94
87
 6
 4
68
 1
74
52
36
27
82
22
61
73
68
76
88
70
23
65
24
54
 3
45
92
41
26
15
84
33
35
57
43
81
82
50
 6
 1
84
13
64
34
15
70
44
46
 5
99
66
74
81
35
 5
 3
42
 2
88
75
85
53
75
39
89
68
33
12
71
13
59
76
16
95
84
95
97
35
80
44
93
64
16
58
 8
82
91
85
 6
 6
88
64
80
90
62
84
46
 8
27
67
78
40
48
35
 5
59
95
89
68
76
64
59
41
28
49
64
46
56
32
46
42
81
89
92
35
28
13
38
74
48
83
44
83
69
43
51
14
95
90
 5
37
39
41
40
76
76
74
47
12
79
15
82
25
91
85
51
44
53
43
28
61
93
58
53
38
22
56
56
24
33
66
38
86
51
98
93
51
36
93
67
92
66
80
58
45
29
68
43
77
36
16
43
21
88
 4
11
66
99
49
38
40
33
10
98
68
25
70
87
35
63
 9
99
48
14
12
91
19
23
25
80
74
33
40
30
84
 4
69
42
64
93
33
47
88
92
 8
 1
13
60
41
51
24
53
18
22
11
 3
42
61
84
38
40
85
45
81
71
96
 9
52
 2
83
96
74
61
93
18
43
42
69
14
35
42
67
35
28
16
26
80
97
49
 6
 1
70
95
85
75
 7
15
 7
70
76
44
82
 6
 3
36
44
96
47
93
43
42
20
45
83
 4
52
94
13
35
50
59
25
47
53
68
23
19
19
17
86
67
55
37
91
99
18
 7
28
18
 6
39
62
40
63
77
 5
91
20
42
90
23
92
45
75
29
52
36
45
 5
 8
76
22
23
 2
16
73
63
48
68
29
95
52
52
84
20
98
 8
95
78
61
43
78
58
44
26
73
68
69
69
13
31
52
38
55
76
61
18
 5
51
 3
66
97
64
56
 4
71
67
48
53
79
70
41
82
 5
35
 8
67
95
13
41
38
93
70
13
89
91
93
16
69
66
89
78
86
38
83
18
60
94
39
14
78
40
91
58
36
 7
16
71
84
76
31
34
 6
61
64
37
70
92
61
83
 1
51
76
54
69
17
30
74
87
37
65
84
92
19
89
44
82
31
33
 5
35
13
12
55
39
 8
28
52
65
81
87
11
36
60
83
92
96
56
 7
99
47
90
45
31
54
19
33
66
92
34
95
66
27
57
70
40
94
26
49
76
 3
39
 4
85
97
 6
51
43
97
41
36
96
94
56
52
12
69
 2
14
27
39
81
79
94
15
24
39
64
30
22
85
 7
63
 7
59
25
 1
 6
95
37
52
14
62
 5
87
43
32
67
87
86
45
63
86
48
36
16
97
86
72
34
97
10
68
26
70
85
30
81
62
91
 1
93
82
80
55
 1
75
70
99
25
 8
54
61
45
98
19
86
38
24
77
51
89
50
16
98
 4
96
34
12
44
95
 1
26
12
60
98
99
93
10
68
43
91
75
44
18
76
35
86
26
55
86
86
72
 9
32
71
52
90
60
71
21
36
 7
84
 1
79
 2
92
10
24
32
73
24
63
81
55
95
97
54
54
18
45
30
67
59
 2
89
20
74
24
26
77
97
11
 4
97
27
64
73
43
16
70
88
36
74
19
66
46
93
81
12
36
 2
71
40
29
55
12
61
16
84
23
 7
87
 4
61
89
 9
77
22
87
90
72
46
18
11
97
21
16
32
35
36
55
52
87
78
52
41
24
20
87
18
71
95
63
 2
22
12
61
93
98
92
99
32
56
94
55
64
69
17
61
93
63
 4
35
34
53
97
49
34
54
38
 1
97
96
29
99
74
58
23
17
39
 6
96
18
30
66
 1
34
73
37
39
83
65
45
62
95
24
56
46
58
95
53
14
34
38
93
98
70
24
39
86
49
40
90
44
92
99
21
75
84
22
23
 2
 8
42
68
21
78
68
19
21
55
75
55
31
15
26
69
63
73
24
13
33
48
 2
12
26
25
21
63
69
33
 6
14
 9
 9
78
42
27
22
30
39
 9
64
79
10
 5
67
62
 1
64
57
 9
50
25
 1
36
 4
19
59
30
55
67
 4
28
77
42
 6
91
97
58
61
76
84
78
53
74
92
86
16
55
35
30
16
73
46
57
91
69
71
83
88
23
85
86
16
 2
47
72
65
53
91
32
30
85
98
80
39
86
 2
62
78
22
96
70
87
71
12
63
 1
32
88
63
52
57
58
79
88
50
29
54
 3
96
95
93
55
44
90
54
85
 2
53
51
72
90
76
82
61
16
85
 9
 7
67
 9
91
39
46
 6
33
36
 4
 4
24
78
16
10
28
65
51
47
19
 1
63
89
 6
 8
97
40
46
72
78
26
92
81
28
47
77
79
65
77
68
70
 7
22
 5
99
61
52
52
81
11
24
83
43
78
71
18
96
89
25
26
98
89
12
51
99
73
99
23
56
48
47
42
95
 8
 6
 3
21
44
64
18
24
39
49
37
17
10
82
 7
43
21
38
72
71
43
46
52
27
73
29
10
94
87
 8
44
22
67
49
11
45
36
 9
11
 9
62
23
53
70
79
31
33
54
57
61
17
63
87
52
98
30
 8
71
 3
71
38
80
97
47
55
22
 3
18
67
69
52
51
13
16
93
 5
68
42
85
27
73
46
78
97
34
77
28
70
66
34
55
 5
11
 1
61
71
50
58
39
37
26
55
95
61
35
74
99
61
22
67
91
58
51
18
57
43
49
87
15
 7
48
96
 4
63
76
29
30
91
41
70
64
42
61
94
31
44
83
13
99
32
40
78
11
44
83
72
42
13
63
72
62
95
59
14
66
63
66
50
30
97
25
40
 8
24
82
35
82
 7
19
18
 8
56
81
66
38
75
74
77
 3
71
64
44
14
87
19
 5
48
63
71
66
24
81
 8
21
80
19
56
51
 9
49
14
51
18
18
68
48
 3
39
36
73
94
28
97
36
42
35
50
67
38
74
40
 5
 7
27
 7
40
82
 7
 9
38
99
68
49
41
12
48
78
61
68
19
86
71
56
38
72
 2
59
82
93
69
10
51
82
14
10
20
49
94
92
21
28
10
83
60
16
94
56
28
51
65
32
98
59
55
14
 5
53
20
 7
72
91
47
20
96
66
63
98
37
67
53
80
34
58
 5
22
16
15
83
99
82
83
39
27
55
91
80
74
77
66
88
64
47
97
15
12
58
20
44
72
56
 9
58
93
72
 6
84
 8
24
53
55
77
82
35
87
19
63
36
75
31
55
95
29
45
42
78
53
11
33
29
70
64
52
24
24
69
 5
34
29
75
70
52
31
 7
49
20
33
10
96
46
38
61
78
85
84
94
91
 7
19
28
63
40
79
43
96
79
33
25
48
67
41
85
37
36
98
90
47
16
25
34
23
94
40
25
40
39
18
95
26
65
37
58
40
61
27
11
53
46
44
64
67
88
48
37
 3
46
22
18
91
58
30
61
 9
57
25
70
74
20
17
63
73
46
 6
80
98
55
93
 6
89
 7
88
78
72
40
97
63
44
30
35
59
41
42
37
95
17
20
 7
25
70
49
88
48
58
50
95
60
23
47
78
96
65
51
61
36
21
24
57
33
35
39
46
70
 3
21
62
76
 7
78
73
 6
55
10
65
33
 3
88
51
44
42
22
 6
90
40
81
41
96
18
 3
18
46
43
43
31
91
31
 8
36
75
35
39
83
12
 8
42
96
40
23
82
84
65
35
22
22
28
67
 9
69
97
15
95
94
39
35
15
39
48
26
78
17
 1
54
17
65
25
55
46
57
19
36
60
81
40
25
51
92
82
98
50
63
70
10
82
20
84
77
39
95
49
35
62
80
93
17
36
24
13
66
82
44
60
52
61
 1
71
83
70
 6
64
83
37
11
20
48
 4
53
83
28
12
91
87
53
53
27
29
67
31
32
29
61
69
74
85
82
36
72
44
28
 2
73
14
67
 6
73
42
22
58
70
79
44
33
94
42
22
 2
79
19
52
42
37
 9
 5
85
85
50
31
39
96
27
23
26
28
11
92
 4
81
16
69
 3
73
42
81
17
40
74
28
18
79
 8
10
23
56
73
10
70
41
45
99
40
48
77
80
82
22
66
99
88
40
 5
77
56
83
81
89
83
39
32
 8
71
93
73
79
35
80
29
35
19
24
95
90
13
70
31
59
71
34
26
23
29
25
55
78
95
47
39
17
66
72
45
42
92
 9
29
96
51
69
63
86
88
39
62
97
46
84
13
64
52
60
72
95
96
83
99
52
55
28
93
 9
 6
93
30
61
69
35
25
89
50
58
52
20
95
14
37
16
35
76
31
47
44
23
20
50
78
37
53
24
34
15
54
 7
49
29
85
40
50
 1
42
90
22
53
54
31
16
96
50
34
81
 9
75
 8
22
61
16
10
70
72
18
68
84
18
66
48
59
72
95
99
41
60
95
24
64
30
10
69
82
59
63
39
 2
13
25
91
25
42
46
 1
75
58
77
 5
23
68
11
70
 4
94
29
12
11
87
38
 9
89
38
48
27
89
92
74
17
20
93
38
92
49
48
28
44
 5
28
 3
 1
21
20
 2
 5
59
36
39
92
84
80
53
68
13
 1
79
46
93
13
14
45
66
30
62
49
50
88
16
54
83
87
47
69
13
48
87
79
14
10
64
 4
48
57
64
17
61
 9
 1
12
 4
55
47
 5
85
68
24
48
43
91
92
48
43
17
46
72
91
50
50
21
65
98
24
55
45
57
21
64
72
29
90
60
94
78
75
67
27
30
39
23
 3
10
83
36
25
66
26
19
 9
46
 8
54
20
61
26
 6
81
42
15
25
92
95
16
71
97
62
32
 6
53
 7
 5
55
62
15
42
26
79
60
90
60
76
75
13
96
91
24
58
57
21
97
67
 3
77
20
25
74
 3
11
87
87
35
61
 6
70
17
 4
58
24
66
90
32
99
63
 3
51
65
 7
87
98
61
85
29
36
 2
90
80
50
44
60
45
44
78
49
32
 7
44
19
90
58
30
56
26
26
84
 1
13
42
75
 1
25
 4
16
58
63
12
21
 8
30
10
 1
81
12
40
41
87
27
59
96
78
17
99
44
27
 4
33
12
78
11
42
35
14
77
20
64
79
52
23
60
11
94
 6
15
34
78
48
33
47
24
99
94
69
42
74
61
67
34
96
22
44
26
39
54
 4
62
72
98
51
65
27
11
93
68
25
99
47
37
72
10
36
75
48
54
20
48
12
74
74
 1
45
 5
 8
10
58
34
28
67
73
56
36
96
19
65
59
21
38
20
 8
95
55
25
72
 6
 9
38
23
39
74
73
55
54
92
95
34
33
56
77
62
52
22
22
51
61
30
10
18
91
99
82
64
88
71
28
80
10
70
52
26
43
54
42
29
25
36
77
53
91
25
82
85
48
97
30
76
97
21
31
90
90
50
46
24
72
32
63
98
53
 8
53
40
 7
87
66
17
 7
56
79
50
99
92
43
90
57
65
56
51
62
91
10
10
 4
15
13
50
22
77
77
70
77
76
43
31
 1
36
25
57
70
23
77
70
96
19
51
75
54
75
29
72
39
73
23
14
85
99
32
69
37
89
 8
51
92
19
72
29
17
99
93
92
58
81
96
17
42
 1
94
49
89
63
18
99
29
33
48
52
64
98
99
68
39
79
93
 5
81
61
34
20
68
12
48
79
83
70
 7
58
18
66
61
32
77
46
45
46
58
71
56
82
38
89
61
88
70
94
66
 6
98
15
73
50
91
41
59
77
30
 9
23
15
27
81
31
52
11
26
75
92
71
24
16
73
78
32
 6
35
94
16
59
35
70
74
78
25
43
89
91
62
56
98
12
72
95
44
83
45
53
91
22
69
36
59
93
 4
29
72
71
69
99
59
98
86
97
20
87
11
 3
95
12
15
91
30
81
71
70
86
95
60
38
14
45
75
47
84
53
58
 5
42
42
16
93
75
 8
60
47
15
83
31
71
29
79
27
35
72
91
16
21
78
39
52
70
49
51
64
12
34
51
34
91
55
49
54
 5
47
 9
67
64
 8
96
70
73
95
55
98
60
86
46
65
38
19
84
87
30
38
95
47
68
84
48
35
49
11
70
25
86
96
22
29
61
30
 3
72
53
36
91
40
14
11
96
40
34
45
99
40
67
 5
78
99
69
40
93
77
 7
92
31
31
13
74
60
75
24
 1
28
40
76
25
41
70
 8
72
42
23
46
27
45
93
 3
59
45
53
93
44
41
85
67
67
 3
30
79
68
36
43
13
19
43
35
34
68
53
20
35
79
26
49
28
70
83
45
32
94
93
 1
41
72
35
91
 6
86
 4
42
 5
 2
58
83
54
71
65
78
34
14
72
26
52
27
41
21
60
14
73
93
19
88
61
91
35
34
21
40
67
89
99
45
26
30
32
51
52
29
58
50
12
36
42
36
94
94
28
96
43
32
65
54
 3
 5
40
37
15
74
40
82
71
93
 4
76
 6
45
62
16
79
44
35
92
18
46
 2
 8
64
45
69
91
97
31
13
48
91
87
61
 7
49
72
29
81
 8
 7
73
35
29
70
45
53
81
59
54
 4
33
92
85
 7
37
25
 1
83
70
55
63
 8
67
68
10
30
25
43
24
 7
36
18
17
75
98
67
80
49
75
93
20
43
52
54
29
10
61
66
99
 9
26
79
61
70
82
63
14
97
50
32
54
40
91
 1
85
17
42
30
58
98
50
56
86
30
96
48
61
 1
57
86
94
64
52
16
48
89
62
73
47
54
55
24
50
69
79
14
80
31
10
84
71
 8
66
39
51
41
 8
22
 8
75
13
84
57
 3
58
10
64
23
 5
80
35
 8
94
33
37
95
78
99
47
54
70
93
 5
88
58
19
60
13
50
60
94
37
96
45
 9
41
78
41
43
39
78
55
45
28
42
11
35
26
35
85
80
80
18
56
43
66
30
58
 7
42
 9
80
42
98
41
40
16
51
63
25
18
16
24
49
93
38
93
43
65
80
73
82
20
63
66
 4
67
71
57
97
31
85
89
36
64
82
52
21
90
66
90
 9
17
42
53
 1
45
25
69
49
42
84
85
87
54
17
52
 1
54
48
90
70
18
57
25
13
79
22
11
26
97
80
56
75
67
14
51
29
 9
32
 8
83
79
75
35
79
16
11
33
48
79
48
49
88
 3
33
64
34
97
57
67
78
41
44
79
42
90
37
73
42
41
65
72
35
86
98
60
25
87
78
91
79
14
31
25
51
64
45
80
52
27
39
45
84
78
69
 3
62
 8
28
49
31
47
87
46
25
69
11
70
71
94
11
27
65
25
66
81
40
32
88
70
59
71
29
37
36
 9
26
87
20
37
11
78
68
75
23
36
12
32
76
43
52
17
57
64
 8
79
37
57
23
77
17
48
79
33
95
12
 7
81
46
20
37
88
22
32
16
25
51
69
87
73
69
33
85
70
29
49
44
37
29
57
50
