800
90
63
 8
68
89
 2
24
77
28
63
78
87
18
24
48
87
77
15
32
68
15
12
54
52
36
43
36
16
48
26
61
24
49
20
30
 8
94
88
36
84
 8
77
33
69
37
 1
53
81
34
30
42
74
40
89
40
 7
62
47
22
90
28
 6
95
 8
98
73
72
61
34
46
18
35
76
57
92
25
54
21
99
30
89
50
28
63
73
55
27
52
24
18
 3
 7
85
32
54
36
67
 9
51
55
 3
63
75
95
13
41
19
51
53
16
69
60
47
42
65
82
57
55
54
47
23
21
50
32
 1
38
 7
74
31
72
 5
50
92
41
82
16
42
26
91
80
11
27
20
78
53
33
55
10
31
44
34
33
 8
84
55
64
50
70
92
76
13
68
92
43
91
87
86
30
39
71
14
79
 3
 1
77
77
 9
 8
17
55
33
85
48
36
75
95
33
38
 9
81
28
74
83
62
96
61
86
23
 6
56
21
91
10
50
 1
97
42
35
56
 9
94
69
96
53
52
67
69
 2
18
21
46
37
95
87
61
77
19
72
58
74
32
98
53
64
28
28
75
84
83
12
84
40
51
32
52
29
73
23
77
 7
66
16
29
 7
53
21
 8
96
87
71
85
80
27
43
52
24
34
80
90
40
45
54
33
64
74
59
28
 7
 7
79
37
76
58
59
23
73
30
61
35
63
48
94
47
86
25
60
75
67
21
13
11
48
43
92
85
 5
71
 1
48
86
27
 5
32
37
96
22
88
30
28
83
99
79
70
 8
13
49
33
 9
31
47
98
64
93
 8
64
42
71
43
72
41
33
79
73
43
92
70
 4
11
85
76
18
41
 8
 5
46
12
54
34
28
29
72
77
 3
 8
97
24
66
 1
70
18
31
99
 4
 7
62
30
95
22
25
66
66
22
45
77
11
61
85
44
38
16
62
43
99
31
87
49
74
10
79
52
 7
32
19
30
72
96
78
81
65
92
25
60
84
86
27
17
 6
30
27
74
27
81
56
62
61
41
31
30
76
91
 8
64
54
44
33
19
53
90
78
97
74
45
94
 5
86
98
50
70
39
47
25
 9
81
21
 3
78
50
97
36
28
48
 2
24
89
28
74
91
88
52
34
95
65
36
 2
45
39
22
98
76
32
 2
14
59
84
59
40
69
71
10
54
21
52
37
83
74
62
95
99
33
96
77
87
28
54
20
41
 6
44
29
32
38
80
34
89
30
77
15
49
92
 3
27
20
29
47
79
88
76
 8
69
59
18
31
32
16
51
21
35
 6
34
30
50
56
36
78
21
89
58
94
98
72
83
20
37
64
27
92
18
79
23
27
 8
49
32
21
14
96
10
 1
42
93
 6
44
19
37
50
73
94
89
90
77
58
39
22
51
22
17
 2
 1
84
27
72
11
18
28
79
23
20
15
21
20
43
65
18
66
71
52
26
97
35
30
90
 3
40
90
59
14
10
68
62
22
11
11
60
35
53
 9
86
32
43
68
74
84
92
38
90
12
36
84
83
66
69
 4
47
83
82
77
25
 9
76
63
39
36
24
23
92
56
11
69
 4
76
73
59
31
86
89
89
66
29
38
31
15
80
70
66
71
63
29
57
13
18
46
11
86
59
53
59
45
17
40
44
99
18
98
 4
23
 2
79
57
 9
 4
 3
92
82
26
57
32
94
23
11
 1
92
12
85
78
77
45
17
32
68
45
34
26
67
55
 3
21
56
91
55
37
 3
52
52
84
22
70
98
74
68
76
62
85
 4
42
13
90
 9
76
35
55
81
52
32
68
23
19
65
49
 8
 3
56
85
57
28
 1
30
40
70
 8
28
71
72
12
97
62
46
90
35
99
73
26
60
80
33
24
86
 3
73
65
27
23
62
69
18
 1
18
65
59
16
60
