2000
33
16
60
92
 3
78
21
85
72
77
85
55
16
34
16
97
78
70
98
49
31
14
14
 4
92
28
50
51
27
82
53
17
90
49
44
76
98
33
12
 8
22
15
66
70
78
29
96
65
15
48
12
49
49
86
 1
96
79
15
92
53
28
85
60
66
 1
53
38
65
62
19
 1
65
 7
46
79
49
88
93
58
30
38
30
24
30
94
47
 7
86
98
44
13
16
67
18
51
42
93
10
72
46
16
48
27
 5
54
55
46
95
 1
27
74
48
51
76
24
95
41
58
13
15
 1
26
44
12
98
85
83
44
48
57
97
37
75
42
 5
58
43
86
14
49
72
39
88
62
 9
 8
26
81
51
95
66
 5
88
38
44
48
77
 4
89
57
87
99
90
91
58
28
21
43
96
43
46
84
53
50
18
97
 6
 7
63
58
90
45
91
67
 8
11
87
66
55
96
70
48
85
94
45
96
76
46
35
61
86
85
33
12
94
89
49
63
90
 9
95
30
20
 1
81
94
55
35
77
43
76
97
99
68
59
61
79
76
37
45
73
98
31
36
86
72
38
94
45
54
53
15
99
37
94
64
 2
65
69
62
35
88
86
50
25
56
75
78
33
84
47
82
40
24
94
75
38
45
31
14
36
49
32
84
74
51
71
49
89
40
40
 5
 1
48
26
 6
64
30
47
84
66
14
 9
25
 8
93
87
44
43
41
 9
 4
27
10
15
33
44
81
99
75
55
68
 2
30
43
99
33
27
 7
96
31
75
64
87
22
49
23
44
70
40
76
 8
10
30
92
86
34
38
53
71
27
76
78
79
37
69
47
57
41
84
15
46
35
10
32
67
81
43
 1
 1
46
25
35
25
65
68
81
 8
67
36
66
95
99
90
15
88
73
11
24
67
83
58
21
51
12
 2
95
46
83
99
32
69
69
16
42
 7
 7
 7
13
92
42
22
72
67
59
70
87
96
88
 2
 3
14
87
39
32
70
61
27
 3
52
15
23
77
44
37
89
37
 4
60
36
79
39
33
52
81
31
42
73
93
86
 3
49
37
13
78
25
26
48
29
22
27
49
65
29
69
97
96
84
85
98
51
62
43
35
59
40
25
65
85
69
 4
28
87
22
 1
15
79
25
49
10
11
78
59
32
17
40
13
94
41
96
70
10
96
98
39
47
87
60
55
86
23
36
57
73
58
43
91
 7
 8
58
26
67
46
51
15
34
52
89
83
79
 9
81
 3
91
17
65
75
29
32
45
50
41
80
61
65
59
76
 2
28
 6
80
51
47
16
22
52
29
21
47
20
33
79
88
55
 9
29
26
97
31
22
54
87
 6
15
86
40
16
 9
54
41
48
67
 9
40
79
38
72
55
61
90
76
81
78
10
11
90
42
44
36
36
55
44
60
39
41
23
63
80
61
27
49
63
18
80
 6
69
59
95
79
89
91
80
11
36
14
68
57
24
74
91
52
30
72
 6
 6
12
97
18
31
97
33
 4
62
35
18
66
74
98
93
38
70
48
21
58
21
53
 2
39
57
47
 1
63
81
41
76
95
92
75
37
85
 5
17
28
15
46
79
56
85
21
89
65
 1
21
81
74
27
69
15
79
87
81
13
38
81
25
37
35
91
69
61
46
46
99
72
22
19
97
76
59
25
43
17
25
 1
52
98
96
25
20
 7
55
65
52
33
25
 5
81
98
83
52
28
57
31
55
26
 8
55
60
62
69
76
14
39
66
97
39
32
68
56
24
29
29
 8
 8
39
80
23
30
46
13
36
21
15
15
20
 2
90
75
47
66
31
59
82
11
 4
28
80
 3
78
20
43
30
55
89
89
35
54
84
15
79
14
78
71
28
17
38
63
 9
97
39
81
49
40
 7
66
12
27
 5
40
62
51
40
67
84
51
 5
23
53
60
36
 4
20
71
 2
45
85
69
97
33
36
48
70
19
 5
75
31
47
45
95
 9
16
74
61
76
63
62
63
 3
 5
49
66
85
15
44
 6
98
83
91
56
21
25
73
41
48
91
16
71
13
59
75
96
62
22
77
63
37
85
73
40
18
 2
97
27
39
99
84
99
96
83
29
 6
90
53
49
70
67
 4
47
 4
88
64
98
10
93
39
94
61
86
12
60
25
94
52
55
44
68
26
 5
33
29
15
61
96
56
57
25
27
25
28
47
98
58
41
48
15
44
26
36
 6
50
40
 3
57
89
68
64
67
99
85
 7
84
41
19
40
50
21
96
93
 1
29
12
52
30
78
92
89
85
62
 8
94
91
13
90
14
74
67
32
50
92
19
92
21
25
85
 9
 2
36
50
52
88
76
 2
75
79
17
65
45
26
95
 7
83
44
63
20
 9
39
11
98
98
24
63
74
81
18
27
28
71
64
72
66
28
71
35
70
 8
31
25
97
43
90
13
46
27
51
13
72
55
60
95
68
94
82
67
71
13
98
56
40
61
31
24
53
50
41
59
70
72
95
66
 7
57
54
 3
56
78
57
74
36
20
93
57
68
19
 4
43
74
63
 2
79
 2
 9
91
99
53
65
32
22
51
 4
45
 4
91
76
19
30
25
53
95
35
31
10
89
22
99
40
51
74
10
35
96
56
 7
15
17
59
69
43
11
97
67
 9
34
41
 4
12
26
53
48
40
78
26
39
54
32
 7
72
 3
73
90
59
50
89
45
56
52
64
 6
61
73
78
55
85
64
 5
35
58
99
47
28
31
95
 6
23
 2
 6
40
35
 9
21
 5
67
67
55
22
 1
58
66
75
91
52
70
70
61
78
22
80
84
27
94
90
 8
89
51
62
52
20
38
67
18
38
79
59
31
37
17
66
75
34
71
74
14
19
69
60
81
33
 2
71
38
43
75
94
45
46
10
14
85
53
48
 1
69
97
36
40
53
29
23
33
18
11
56
72
19
 4
26
50
73
41
98
70
88
98
41
39
84
35
44
14
41
20
53
63
97
37
21
33
49
67
84
63
72
29
83
64
97
 3
19
80
96
 8
78
55
77
44
13
32
72
99
 2
97
85
97
90
12
 9
15
36
 8
85
29
34
36
82
35
82
28
90
76
49
25
 3
44
78
88
95
90
35
19
47
92
 1
87
29
27
26
35
 5
96
55
17
74
58
26
62
89
85
59
25
82
41
39
90
45
72
 9
17
74
 8
72
78
48
73
29
87
33
 3
38
59
86
60
22
 3
71
52
36
89
26
47
87
 6
 6
74
32
20
70
24
49
70
98
26
12
23
11
16
52
87
 3
82
34
45
49
91
56
86
84
70
63
97
27
96
17
99
41
12
94
90
25
38
54
66
95
31
62
 4
64
98
99
62
90
82
41
84
85
83
44
75
66
31
27
 1
21
17
66
26
14
49
15
13
48
67
49
 4
40
72
56
99
39
13
80
68
97
79
 9
 8
87
44
49
62
13
13
70
49
38
 5
28
80
97
43
 3
33
80
69
30
66
57
58
45
29
58
56
69
51
70
 5
 6
76
41
85
 4
24
72
52
55
27
97
62
64
52
14
 6
89
30
56
13
65
23
15
55
 4
41
45
39
17
34
 3
55
27
86
29
32
13
20
37
44
67
53
24
 5
10
 9
28
12
30
19
 9
76
96
27
28
88
29
23
20
77
45
33
33
82
85
71
33
15
52
95
48
47
16
77
31
54
73
 4
54
95
97
48
66
46
37
14
63
45
38
93
97
99
44
40
51
 1
19
96
31
78
69
82
89
74
29
89
37
40
33
76
53
48
91
99
54
21
69
 7
27
69
74
 8
89
43
82
39
90
81
83
61
97
72
86
89
97
 1
58
 9
50
 7
40
47
34
22
30
91
97
 6
50
12
78
63
95
53
 8
52
94
91
32
57
62
99
 4
58
95
21
49
61
76
91
80
 4
16
24
50
28
54
75
15
17
10
20
21
93
90
52
57
83
89
47
 5
18
55
82
17
 7
61
55
75
49
78
28
32
92
56
98
 3
37
27
39
23
78
46
 4
 5
82
62
63
42
 2
49
41
81
15
85
11
 5
97
19
60
47
15
82
42
 7
40
29
47
41
79
34
99
35
26
33
24
27
12
39
77
62
81
24
88
85
57
 2
25
26
19
74
87
87
73
25
93
 2
28
69
27
59
45
81
15
61
 3
11
24
32
24
69
20
15
 5
39
93
85
13
69
94
41
69
12
73
63
94
69
74
16
43
89
84
99
81
97
72
11
60
98
32
13
19
28
52
93
66
90
42
95
13
77
28
 7
57
79
38
89
10
95
13
39
82
71
47
52
98
33
96
85
64
82
59
 7
58
 6
68
89
67
47
 5
79
45
39
64
73
99
 2
84
28
10
10
70
62
54
68
30
51
62
61
46
88
83
23
 3
98
61
18
97
91
20
48
36
46
54
87
79
92
23
74
 3
86
43
37
43
69
73
 8
28
81
99
74
12
17
 1
51
45
20
 8
 4
 3
82
45
 6
78
52
48
76
83
 9
63
63
65
21
19
27
62
45
68
84
24
69
97
89
21
63
 7
68
50
49
36
21
83
45
73
 3
52
98
92
84
19
66
65
 9
30
34
 6
47
92
70
71
71
84
94
 3
46
35
23
99
51
67
13
45
49
69
57
44
95
67
39
14
 9
65
 5
84
23
39
72
31
91
34
20
29
 8
60
79
18
 1
49
82
91
47
31
83
90
93
29
94
 8
11
19
66
95
72
36
62
84
86
20
36
82
72
19
69
93
 8
84
