1000
56
60
22
41
25
25
21
51
26
73
40
17
 6
86
40
97
14
27
44
47
69
91
60
 4
27
38
79
13
17
10
24
51
70
 2
88
99
73
33
57
67
73
55
30
25
95
50
36
13
74
72
88
13
63
60
36
32
23
95
77
98
64
24
84
17
45
11
20
68
68
59
76
25
19
55
24
44
74
67
 1
28
13
65
41
98
65
92
45
95
35
53
19
15
35
32
79
26
53
40
32
75
10
73
43
 3
11
 5
 6
97
57
71
10
98
27
88
29
96
77
64
38
 9
86
21
51
98
89
24
19
27
16
98
65
77
98
54
99
59
45
90
84
36
54
 7
 4
71
61
82
 3
32
96
57
39
74
45
68
40
22
86
98
79
57
 1
62
78
66
28
89
52
38
64
63
87
53
72
28
 2
71
 7
52
33
65
16
64
45
80
27
24
75
93
82
61
14
38
23
58
55
73
91
77
82
69
55
30
65
69
15
94
87
13
 2
55
15
90
27
89
23
97
94
75
69
50
30
32
47
71
44
79
99
56
78
24
49
66
56
59
90
43
85
80
21
91
32
12
60
38
18
44
13
78
56
70
55
71
77
35
72
48
72
72
39
15
75
46
74
24
48
76
57
67
79
66
36
90
29
 2
10
70
72
47
29
66
68
14
88
62
73
 8
59
39
62
49
19
77
64
70
56
27
62
69
82
69
93
43
35
72
70
63
20
85
72
32
51
82
33
73
45
71
59
94
44
 5
18
76
12
10
26
31
64
40
73
84
 2
10
18
11
91
88
82
94
74
16
96
36
37
36
 2
75
25
73
75
51
40
86
87
82
 9
12
38
73
41
14
 6
25
77
83
41
77
53
71
38
53
73
29
20
11
15
20
71
 2
47
81
59
40
29
 8
65
54
24
16
72
49
98
83
29
55
88
20
50
64
40
42
57
55
44
24
15
12
81
11
83
98
56
44
45
36
66
82
97
38
91
90
99
25
25
68
59
99
42
85
26
96
40
 2
 5
78
31
36
49
10
11
72
31
68
16
43
62
21
78
 6
71
40
70
40
89
71
73
72
63
42
60
77
48
14
20
38
95
56
 3
37
90
80
43
48
50
75
13
91
40
87
64
55
25
24
39
99
 5
70
75
83
49
24
92
28
92
61
10
22
88
85
50
29
 1
12
95
68
25
39
54
43
 1
37
92
95
40
17
99
41
 7
13
31
74
77
48
 8
 6
32
96
19
12
90
19
85
51
40
97
53
48
86
44
71
78
67
81
 7
75
48
 1
74
69
52
 1
13
99
49
75
96
12
37
84
24
45
56
70
43
77
64
46
75
86
14
31
17
20
58
39
22
26
27
20
10
25
98
44
66
 4
18
27
73
82
74
 1
76
49
84
14
78
13
27
70
94
68
31
98
63
20
88
41
23
66
98
77
70
82
96
61
 6
10
82
82
70
88
 6
29
96
32
25
81
68
 1
78
96
11
59
 9
 8
 7
65
68
25
67
95
37
33
47
50
95
84
22
30
86
80
45
34
93
64
79
85
70
64
14
17
65
55
97
12
68
76
64
78
10
42
85
 1
57
12
49
72
40
47
74
56
23
22
77
58
94
 8
89
90
63
14
37
70
34
91
 5
63
72
84
77
15
16
47
79
52
25
91
10
25
72
99
95
69
31
62
67
37
62
73
66
 9
90
40
79
 6
23
56
47
34
36
69
 6
66
89
 9
23
 4
52
15
81
21
32
98
88
30
94
22
37
75
49
81
17
84
88
15
 8
 4
69
12
15
28
17
28
33
58
31
 3
58
93
97
78
44
 7
56
12
29
88
49
75
30
17
 2
64
25
50
39
65
 9
78
10
31
71
38
21
17
65
50
37
17
 7
46
66
44
92
61
77
12
65
73
73
60
14
39
65
63
42
23
70
81
91
74
75
90
49
36
 2
53
29
35
99
44
55
68
10
29
48
 2
25
85
17
 4
91
72
75
51
81
26
94
99
57
10
86
76
93
84
54
80
59
12
71
43
11
89
65
53
28
10
53
76
27
29
75
79
80
65
24
 1
88
15
77
67
24
59
49
 1
90
 8
64
14
39
25
66
34
55
68
70
75
66
26
70
68
 7
44
 5
83
57
56
91
65
23
96
60
91
38
96
50
97
88
73
27
63
36
89
 4
 9
18
 4
74
97
18
71
86
97
83
43
39
87
91
16
34
61
16
49
85
28
17
46
88
53
 6
95
66
41
91
60
98
94
80
28
55
62
22
 4
 8
15
76
51
86
45
95
79
24
36
97
61
64
12
25
95
81
86
58
 3
72
43
90
47
88
59
18
82
59
 2
65
37
64
 9
97
99
25
92
