1000
 7
37
 1
72
19
95
82
36
95
 7
95
69
63
61
91
87
10
23
61
36
23
34
97
25
39
30
43
35
31
75
59
55
85
13
87
15
89
15
60
 2
58
40
33
21
59
 5
56
73
39
30
 7
32
20
12
90
75
57
61
92
50
40
46
29
61
33
19
84
14
12
23
47
24
19
80
49
49
84
65
36
 9
27
35
49
73
90
49
69
88
39
42
73
18
47
74
80
57
14
31
41
 3
53
86
12
62
69
30
 8
35
72
27
56
90
60
44
44
60
 2
17
87
70
48
56
13
36
29
97
77
27
42
83
26
53
81
85
99
64
45
51
96
97
49
80
19
97
78
21
72
32
18
98
76
 8
93
47
58
36
64
63
53
43
76
73
28
70
58
 6
22
60
32
67
23
83
41
28
91
93
63
92
33
58
 1
86
37
72
36
15
78
85
24
27
15
62
25
54
60
89
42
42
67
64
61
59
16
80
67
80
17
28
45
41
50
45
 9
80
40
21
76
23
63
87
78
54
39
25
42
38
56
85
92
 2
95
74
10
69
29
 4
48
57
10
32
 3
11
70
34
95
89
32
95
69
90
29
78
93
22
78
55
28
 1
72
65
60
97
37
76
 3
95
35
 9
96
89
55
23
59
 6
59
97
13
35
29
22
13
97
 8
27
35
11
53
63
28
72
86
70
96
55
92
36
12
98
32
83
26
17
14
 3
85
84
 5
45
11
44
18
10
50
83
57
39
61
17
56
42
39
46
97
77
49
 8
37
 6
56
98
35
50
45
85
11
55
98
71
18
19
34
57
60
52
74
48
55
54
30
44
55
69
 3
72
28
95
60
97
17
23
 1
73
84
63
58
54
52
52
64
46
32
98
26
20
88
29
25
49
 4
45
95
 3
87
 7
 5
61
20
69
73
79
50
 8
59
62
42
15
70
90
 9
49
94
49
 2
93
26
90
 6
 5
85
 4
23
20
10
17
61
 3
83
84
40
78
24
12
27
65
89
59
90
30
79
70
27
82
46
79
 1
52
67
34
88
24
92
89
59
22
19
16
59
86
18
69
75
37
48
66
 8
86
97
23
36
69
82
79
24
77
26
97
30
53
86
27
84
20
23
42
76
27
70
41
33
74
38
 6
35
91
76
26
30
44
37
69
 6
24
72
15
87
41
85
21
 9
13
13
55
12
 9
 3
57
64
46
 3
42
 9
67
18
41
50
26
37
77
94
95
 9
73
46
25
38
78
80
64
25
26
78
81
72
13
64
91
 8
90
33
26
56
79
83
46
83
82
71
55
57
23
80
84
57
70
31
35
69
86
36
23
89
52
 3
40
88
 3
 5
52
55
56
13
45
67
20
26
82
 1
97
76
31
56
68
38
40
77
54
51
48
48
62
57
80
71
93
67
10
83
40
66
60
15
27
57
18
64
43
77
28
88
12
59
38
56
33
87
70
10
78
21
98
55
37
22
80
11
 8
80
40
72
45
58
69
98
38
43
93
82
37
49
21
 9
11
40
95
70
44
24
74
42
54
78
52
69
54
77
51
94
10
71
21
71
51
59
18
68
80
67
54
42
96
26
81
70
39
59
60
13
38
 9
31
 7
57
79
 7
63
64
46
 9
56
73
89
72
90
 1
19
29
31
 7
48
19
69
30
64
16
32
 3
77
18
93
61
79
 4
87
17
 7
99
 9
30
18
50
76
33
 9
49
39
43
61
 8
42
28
28
38
82
51
92
16
98
64
79
92
17
67
48
42
11
24
60
97
75
20
58
58
80
81
27
41
22
38
80
46
 3
15
68
97
99
85
11
55
17
45
71
41
89
25
92
81
52
28
65
 5
28
14
 4
99
45
73
56
74
39
55
43
20
60
96
56
19
34
68
90
92
87
30
81
54
 9
 5
64
37
32
42
67
59
28
 2
60
26
89
18
40
 8
90
75
87
89
11
65
95
55
94
43
76
72
54
59
59
60
72
91
89
13
20
32
33
33
33
81
11
72
82
88
36
32
73
84
24
99
96
66
17
97
89
61
83
23
 8
35
74
18
77
78
63
93
32
29
54
31
 1
61
 4
60
38
16
27
76
77
81
34
76
 7
11
70
69
25
87
99
54
86
18
24
21
11
68
55
51
30
18
40
95
83
57
63
92
18
89
18
 3
92
72
72
36
76
63
27
28
98
91
84
66
77
27
20
99
62
71
 3
41
24
48
24
 2
29
97
85
60
31
59
35
 7
 7
74
64
72
88
54
83
65
10
57
67
38
 8
41
 1
19
15
11
20
 4
68
27
62
59
86
16
39
34
32
35
26
20
 2
14
10
70
72
67
54
 9
54
72
55
35
61
99
26
73
52
14
89
61
