1500
92
96
94
77
45
13
73
97
78
26
39
28
27
15
 6
82
19
38
65
73
96
69
14
67
42
80
42
65
 7
87
46
77
 1
16
38
55
57
43
98
58
29
47
33
39
34
17
91
89
87
79
24
52
59
75
 7
45
95
34
18
86
15
 6
25
82
54
79
12
56
52
58
53
79
49
 9
55
98
95
57
34
97
48
62
 9
 8
35
27
38
89
82
72
83
12
92
61
54
43
20
58
73
84
96
41
64
60
17
51
68
92
28
75
 1
76
66
64
61
85
57
83
94
21
31
87
36
23
74
20
12
97
63
36
52
27
 1
34
77
33
 9
22
 8
91
88
63
82
31
 5
72
96
18
13
69
86
83
65
81
45
81
46
 7
 1
16
44
 3
48
57
21
40
61
65
96
73
81
53
84
76
90
96
25
79
 4
17
32
65
42
66
 8
63
55
38
36
 7
43
 5
22
59
35
30
64
19
 9
58
52
73
62
19
70
29
59
50
80
94
38
81
91
13
15
86
73
57
79
23
24
61
83
 5
50
18
58
89
79
91
31
50
41
96
 6
11
46
93
45
94
27
31
33
95
20
13
78
96
81
87
 5
55
32
73
90
88
83
95
31
58
68
38
65
 9
26
27
32
39
60
 2
25
75
14
14
88
29
84
24
28
86
41
97
85
35
31
 7
51
65
67
23
44
49
71
99
66
40
69
59
34
97
 7
45
 1
66
87
76
80
31
 7
65
81
76
62
35
56
48
41
80
76
78
49
36
58
53
84
72
14
84
26
95
78
64
26
75
90
78
92
60
55
40
52
16
78
24
51
55
16
64
25
78
99
 6
70
84
 4
52
46
17
 7
14
52
49
 2
 2
 8
 6
41
55
71
18
30
76
32
14
80
19
 9
28
38
39
93
37
74
59
70
25
86
 8
40
49
69
36
98
41
15
55
86
 2
16
77
60
13
94
44
 5
56
70
85
35
28
67
12
 8
59
76
84
86
24
80
67
 1
46
44
94
12
 4
98
56
42
94
 3
57
92
16
12
35
79
98
53
86
28
43
24
 3
70
 2
 6
62
51
55
34
63
 7
45
97
66
39
76
 6
21
 6
72
 9
43
 3
 5
14
22
 6
59
56
13
80
68
93
23
36
83
80
 8
94
 7
67
11
85
42
19
61
19
 9
62
49
53
84
68
18
17
73
 8
62
85
11
29
93
80
 6
40
62
 2
83
43
71
43
71
72
12
10
89
17
26
92
62
63
25
 7
37
32
97
61
17
70
99
65
89
42
93
17
72
94
96
15
37
58
35
21
54
11
51
99
 5
24
40
93
 5
78
17
34
97
75
32
58
47
50
62
38
90
86
 7
72
89
63
88
67
42
10
19
47
66
20
95
23
60
92
17
55
13
49
76
53
92
94
 8
27
80
69
59
46
64
79
65
30
92
22
82
99
53
 7
73
42
33
 5
 1
91
88
98
 5
 7
75
88
42
27
 5
 7
44
81
43
21
89
74
27
55
36
64
21
18
 8
98
86
77
86
18
85
44
 6
69
83
40
89
75
88
78
36
65
82
55
95
37
74
69
31
58
49
73
18
51
27
72
77
95
16
73
80
85
63
91
32
61
96
36
85
81
59
77
63
24
29
98
50
 2
19
51
49
79
62
13
48
62
72
80
90
74
76
68
 9
54
20
67
84
24
39
27
46
46
 4
14
16
 8
 7
25
31
82
33
75
92
64
58
76
92
66
28
 2
30
58
59
56
61
28
13
66
58
57
80
75
56
85
44
86
65
68
40
37
94
81
79
23
94
88
86
87
54
27
70
74
63
25
19
55
65
11
13
57
25
10
54
67
37
14
19
68
74
 2
12
63
34
 2
34
46
73
74
57
93
73
 7
91
 7
40
93
68
 4
77
98
99
75
47
78
46
 9
44
41
68
 3
83
53
61
53
74
38
80
68
31
90
39
60
22
64
89
77
96
32
76
61
90
88
60
33
69
 3
 7
29
65
74
47
 5
23
14
92
80
74
85
11
87
54
52
61
77
 4
56
71
39
53
55
75
11
34
72
92
11
18
72
43
77
25
20
17
62
 4
22
63
36
31
34
29
70
13
23
11
56
61
36
54
15
14
26
55
58
67
40
 4
63
 8
25
25
28
80
75
51
36
24
61
95
36
72
74
44
56
63
 9
36
32
69
50
64
 1
69
49
66
27
89
77
11
18
35
41
75
73
25
41
29
56
63
65
68
19
63
86
79
59
46
69
42
58
39
47
39
61
90
84
17
68
29
67
38
70
82
51
85
30
84
12
42
25
86
13
21
42
98
55
65
60
82
 5
97
12
11
69
23
40
35
31
74
50
51
89
22
90
16
32
97
37
22
78
90
20
45
29
48
85
14
58
39
17
81
66
25
91
66
57
69
44
46
40
68
64
56
23
 6
21
86
 6
19
52
30
28
83
85
72
84
11
55
74
70
53
55
37
51
11
20
17
48
44
58
51
 6
84
26
77
39
45
74
28
44
12
59
41
49
39
43
87
 3
24
73
79
63
65
74
27
 3
98
37
10
75
20
36
58
72
70
68
82
 9
 2
35
61
62
 1
60
18
22
86
81
91
47
64
87
66
 7
41
48
11
11
90
10
26
70
79
 7
62
29
31
52
75
99
49
61
89
26
69
81
58
27
62
64
74
31
68
66
 4
68
61
16
35
14
52
23
81
59
15
66
47
12
32
54
91
76
69
81
99
45
60
69
96
39
15
24
 6
15
28
98
97
 8
10
95
31
94
 4
85
27
69
28
85
70
 5
96
77
 2
 1
52
97
65
78
74
94
 2
31
97
69
42
 7
 1
98
83
86
84
72
12
86
28
28
46
19
30
 7
86
39
12
43
13
29
 1
81
42
28
73
48
71
74
80
77
24
58
98
98
37
60
89
 5
77
65
65
 1
58
28
41
45
23
90
18
96
64
17
23
77
73
47
80
42
44
33
33
98
77
71
95
55
62
82
41
25
10
56
16
79
17
10
89
85
99
83
19
 8
33
19
40
 3
82
35
71
11
92
73
43
54
 9
93
23
46
 4
 5
62
33
79
32
40
59
 9
78
16
86
17
89
77
61
23
78
80
44
80
35
88
11
17
54
 5
39
14
19
73
72
36
72
86
 5
36
11
56
57
58
43
69
77
60
26
13
69
81
46
81
64
60
40
30
23
59
34
19
18
70
89
97
53
70
30
57
86
17
57
43
15
19
 8
 5
60
 1
58
 9
65
82
61
91
93
 3
89
53
46
93
65
 1
29
39
91
 6
33
50
19
27
96
42
86
39
90
83
74
92
 8
91
96
 3
 4
42
64
68
37
70
67
77
 4
26
 1
68
81
68
62
67
78
55
76
58
23
19
54
41
69
76
46
 6
66
72
 1
96
58
 4
91
76
68
 9
 8
78
38
99
86
56
56
88
82
14
74
99
38
20
29
36
69
 5
57
57
16
34
52
67
76
49
30
47
76
92
38
52
91
91
17
92
69
 4
 8
15
81
31
32
29
34
94
48
66
82
48
80
20
77
69
56
81
