2000
92
 9
38
92
28
99
73
61
80
89
77
63
29
21
48
79
27
82
16
76
72
38
55
81
64
 6
27
16
88
30
57
79
53
98
60
31
41
52
23
59
69
20
48
 6
30
53
79
14
 9
78
 5
68
65
30
56
19
49
 8
11
28
43
 9
12
46
23
72
92
61
 1
85
56
13
65
17
73
28
62
81
47
66
51
45
25
28
68
50
86
13
26
53
 7
92
99
14
 2
74
15
70
83
18
83
49
 9
93
26
72
43
34
89
92
65
69
38
 7
84
 5
 6
 1
19
27
78
65
12
79
19
36
27
36
85
95
 2
68
63
96
86
58
58
44
71
60
71
81
23
35
99
43
14
84
 1
92
92
 8
36
30
51
95
59
74
61
86
39
 9
39
13
 9
94
67
46
18
44
89
82
64
55
75
62
15
95
67
84
69
47
25
89
78
90
69
80
74
42
49
69
28
31
 7
88
87
20
 3
82
 5
45
56
 5
21
27
57
36
 8
64
16
59
28
92
98
88
28
48
35
 9
17
57
 6
 8
50
44
40
66
61
53
12
77
65
81
47
71
92
23
67
25
52
10
54
97
89
70
74
 7
55
65
34
87
36
48
20
14
51
83
96
50
91
90
91
22
94
43
64
57
27
75
81
78
64
51
 4
18
59
25
80
30
79
65
78
63
76
54
52
81
23
52
54
78
36
35
 7
96
35
81
26
72
66
27
47
35
11
65
 3
79
47
18
19
28
64
26
 1
12
81
21
35
88
 3
 5
15
27
48
98
93
61
73
 7
77
61
52
30
80
14
 3
92
11
73
54
14
63
54
21
90
55
43
89
 7
72
97
79
61
98
 3
80
 4
63
65
46
90
86
 4
22
47
70
22
 2
29
13
23
78
91
59
49
10
57
18
 6
37
79
39
57
83
96
51
48
78
79
94
38
33
61
35
13
13
50
82
48
12
31
14
88
18
34
23
35
35
83
87
79
57
13
84
99
94
49
39
39
87
70
44
95
65
 6
36
37
52
17
47
66
87
14
40
65
66
40
45
19
47
90
84
79
81
91
26
40
40
14
48
87
51
23
35
37
16
73
20
57
71
39
71
35
27
54
42
79
11
12
85
94
49
54
49
56
33
13
57
78
91
45
90
40
 8
98
64
47
10
73
38
91
95
15
32
97
78
87
87
94
42
63
77
38
83
12
45
92
39
78
41
 2
72
58
95
73
90
63
 2
93
15
69
65
90
45
54
77
78
36
 5
72
 8
41
19
26
 8
45
60
60
 6
20
 2
12
77
47
27
20
 5
33
98
86
30
48
90
99
38
40
74
32
93
38
63
10
50
91
12
 7
51
71
54
99
49
90
 6
77
59
30
83
36
82
64
89
32
93
72
19
59
55
97
 1
84
34
73
72
37
88
68
82
69
96
52
11
95
10
67
23
17
86
82
21
42
87
12
35
23
 7
98
 3
83
95
28
73
 4
84
76
 7
11
22
46
83
34
59
19
 4
95
 9
61
93
80
81
13
90
59
39
95
40
16
73
81
44
35
48
43
37
24
 7
27
98
12
84
97
76
92
35
52
66
74
 2
79
68
90
50
72
 6
27
87
39
19
37
85
27
 8
96
36
47
46
54
50
54
35
42
47
90
30
 9
 9
78
93
28
79
28
10
42
83
66
36
 9
21
55
98
88
18
84
17
76
15
46
66
76
49
33
70
26
12
90
26
20
46
73
35
73
64
 8
84
 4
59
43
10
87
57
59
13
42
29
54
53
 2
77
38
71
41
22
85
13
 9
17
58
52
33
98
57
 6
47
17
18
72
11
35
93
19
72
53
62
 7
40
64
76
58
22
49
23
45
73
67
79
32
59
32
54
 6
27
 2
97
77
12
30
55
61
74
55
64
12
90
98
70
30
 2
48
45
33
 7
91
90
81
70
75
30
56
65
66
33
96
55
76
10
78
48
31
10
50
77
49
42
94
93
15
88
48
10
95
96
40
53
97
36
82
98
16
99
72
39
60
47
40
41
28
55
 1
62
80
72
45
71
30
63
37
53
60
18
31
27
 3
19
96
74
96
44
57
98
43
98
29
15
88
47
65
79
42
42
93
80
76
28
64
86
95
10
66
63
29
55
62
83
50
40
83
 7
54
 1
30
83
98
82
32
45
60
77
 5
37
95
26
65
49
50
62
30
17
27
14
65
42
46
97
29
83
 4
42
38
11
65
87
30
34
 4
55
48
10
21
83
 7
53
44
 9
85
39
64
53
79
34
90
48
84
24
73
34
35
 1
13
50
61
66
63
82
96
 9
68
63
 1
 7
46
 5
25
39
29
39
80
43
20
77
56
78
37
38
26
70
 8
54
87
82
13
35
 8
77
16
60
79
33
87
 8
77
55
50
77
23
77
77
15
39
74
49
 9
17
63
 1
53
54
63
75
43
 5
48
19
17
94
69
22
94
38
 6
33
31
21
99
79
36
73
24
 1
77
 6
68
23
20
21
74
 2
12
93
 8
44
84
17
87
38
63
98
86
19
54
38
 1
71
22
33
 5
18
11
61
 5
93
17
86
81
42
74
43
69
43
76
28
26
10
56
59
64
56
85
55
97
75
 4
59
59
45
19
80
56
77
30
77
18
34
68
48
95
42
40
65
75
14
59
98
67
 8
36
79
12
43
45
59
94
95
 7
86
95
86
 7
82
62
12
17
23
33
88
19
15
10
97
76
79
95
86
16
 8
 2
 5
94
34
37
57
48
65
88
17
22
18
98
10
15
21
53
 3
95
 9
94
 3
94
69
48
11
43
84
 2
16
52
18
19
 2
 2
88
19
38
48
86
14
14
 9
56
24
13
24
38
80
70
81
56
15
12
75
56
55
24
93
91
38
45
20
48
32
35
26
18
 7
10
47
94
26
92
17
18
 6
79
56
33
19
68
90
94
81
31
84
77
97
10
79
20
21
98
17
79
76
75
30
 7
22
82
90
25
 4
95
98
27
44
79
85
66
64
83
35
63
50
62
93
94
66
79
49
99
39
87
88
51
 8
28
73
48
59
49
75
67
44
96
 1
17
13
62
29
57
33
38
24
10
53
89
20
32
69
73
50
67
52
 6
27
61
 7
30
14
46
82
87
41
73
73
 9
67
31
60
65
53
83
66
88
62
92
89
86
28
66
39
71
24
71
93
31
70
69
70
58
 8
12
32
61
76
54
30
76
39
21
 4
10
68
83
25
27
53
78
35
 4
29
41
31
83
11
69
67
26
 6
91
24
19
 3
68
16
16
15
79
82
77
54
49
31
 1
37
54
91
77
96
44
33
83
83
54
22
57
44
26
47
41
64
 6
12
54
49
45
16
80
41
76
18
25
47
85
 7
28
63
52
71
98
88
74
 4
46
95
64
 9
72
59
19
82
 6
27
49
97
41
90
84
83
74
82
36
44
68
48
13
63
65
 1
93
92
85
21
66
32
 2
16
91
13
45
86
33
91
36
20
15
71
92
69
37
47
95
15
 6
91
88
87
17
 6
70
48
54
 3
66
85
25
82
41
45
13
74
24
50
60
68
33
17
58
42
50
23
59
99
27
59
93
15
 2
90
 2
13
86
54
67
73
 4
69
62
87
39
30
64
58
91
77
 8
74
82
36
96
42
96
88
23
13
39
87
64
86
60
77
71
33
42
12
30
96
93
56
 3
50
59
62
43
50
68
86
88
45
53
46
 2
24
46
96
 5
26
84
16
46
 6
50
68
47
87
47
59
91
88
70
25
77
49
44
82
 5
56
 6
95
22
88
97
61
 7
64
46
78
92
53
98
 5
24
89
88
79
55
69
97
87
69
82
96
55
33
31
25
75
65
 8
90
18
44
81
55
41
 5
60
79
57
82
76
 6
66
42
76
32
24
32
43
74
29
31
40
73
21
17
17
15
76
98
54
44
66
93
76
48
95
47
30
65
58
81
54
10
58
 5
32
66
11
23
46
42
64
13
38
36
92
90
 1
13
64
39
70
22
49
22
96
82
75
45
15
54
 1
 5
14
 3
81
77
38
17
45
84
86
48
22
 3
82
53
40
25
43
 1
68
80
50
15
69
89
35
51
86
70
79
31
99
77
56
58
89
80
 2
38
33
82
47
28
77
51
94
29
28
 1
82
45
60
73
10
46
30
66
59
28
73
52
 6
19
72
34
52
36
78
98
50
25
72
88
76
98
52
69
20
98
18
 6
28
97
62
32
90
75
30
30
 8
74
34
79
 4
70
26
18
46
78
93
72
33
 1
62
89
 2
61
15
26
27
35
68
38
56
94
43
28
50
95
64
70
89
32
 9
 3
 1
76
68
82
53
15
25
 4
22
27
95
74
18
 4
80
48
 6
47
35
 6
20
55
17
90
73
33
25
83
88
32
86
28
45
60
 5
89
61
57
11
51
11
98
64
48
93
96
11
25
67
72
72
27
44
84
43
10
62
51
 4
77
57
87
 5
25
12
78
35
12
31
 2
37
37
14
44
54
22
68
94
18
 4
44
88
28
28
23
71
34
38
45
46
82
67
22
94
45
18
94
24
58
31
91
31
36
39
69
27
51
17
54
38
55
90
92
 3
48
43
23
89
41
80
68
47
49
80
80
36
36
95
 9
26
68
36
47
 8
84
96
35
45
37
63
34
50
27
51
87
62
77
19
83
94
69
 8
 4
21
80
51
 3
77
55
 4
92
42
58
28
73
84
10
 9
93
31
89
 2
65
39
