500
67
77
75
76
98
41
90
55
46
 8
28
69
25
15
46
61
 6
11
97
41
99
 6
46
89
12
81
26
97
35
18
64
46
82
51
77
55
38
52
34
30
 1
32
21
 7
28
55
85
56
31
86
99
17
42
20
39
32
 8
51
79
65
17
21
23
57
22
86
91
15
68
80
41
71
85
66
66
29
55
86
56
27
99
 5
47
19
29
31
49
21
82
25
93
29
74
93
64
37
20
55
73
66
35
73
46
48
74
77
48
56
23
34
64
41
91
98
29
49
28
12
21
91
 6
71
38
51
99
42
51
65
10
39
52
 4
26
35
 7
61
30
35
25
91
95
80
33
95
89
 3
 8
95
52
 2
22
15
42
67
58
77
30
29
70
59
15
31
23
 7
79
31
 4
50
20
23
24
22
84
68
11
23
67
64
21
28
62
91
46
93
57
98
68
38
48
75
30
68
62
33
59
41
77
86
37
84
 4
30
47
21
47
99
66
90
97
41
71
 5
63
39
 2
66
 8
64
54
46
86
62
61
78
75
55
 1
52
52
84
31
70
41
59
67
46
87
37
91
 2
51
95
38
66
11
57
25
 7
50
67
76
 3
23
34
15
 5
68
19
62
74
78
71
29
48
85
21
28
37
57
97
98
90
93
 6
72
35
 6
18
71
21
40
23
62
90
81
87
64
 6
58
52
30
25
82
45
98
90
89
33
47
20
54
65
22
29
90
53
94
23
92
53
19
51
27
55
18
77
36
84
 8
65
57
94
63
 4
35
71
30
 8
 1
26
13
 5
26
77
19
22
99
35
 1
21
70
56
65
73
56
98
15
15
 2
43
60
 7
73
96
88
96
52
70
32
44
67
38
84
85
61
33
68
 8
80
51
55
 9
75
77
36
97
75
96
 1
41
48
42
63
86
13
13
11
75
 1
23
37
73
29
15
94
41
 1
90
71
60
86
17
94
47
 1
28
71
68
21
98
91
73
84
19
76
94
78
13
 2
93
91
70
99
12
27
15
47
35
30
67
49
88
68
51
30
84
77
77
37
65
35
69
81
21
71
71
84
59
70
71
 8
88
81
11
97
 4
94
 4
19
15
81
42
45
33
73
87
41
52
89
54
22
 2
49
78
27
71
14
56
92
36
82
75
45
86
78
 2
27
28
69
58
56
11
36
48
27
72
48
64
82
63
