5000
99
14
36
78
86
14
49
25
24
59
55
27
81
 3
65
15
43
 1
24
52
74
59
74
87
32
26
50
16
88
73
42
27
65
13
 6
94
51
 1
71
 7
 1
67
15
78
79
22
40
53
63
92
48
19
50
25
32
65
 2
 1
87
 6
55
34
55
64
43
57
96
89
48
81
41
73
33
63
60
34
77
 5
43
52
58
81
23
12
 4
85
11
49
61
91
13
34
 9
32
59
11
44
88
50
18
92
91
22
10
53
17
50
95
49
 2
94
27
60
40
 1
54
46
85
60
58
20
49
44
17
72
74
13
70
26
14
27
67
91
76
53
76
45
61
63
94
66
74
87
75
51
 3
55
98
84
75
 5
 2
32
84
22
 8
65
76
42
34
89
94
14
61
52
91
41
25
35
88
 5
 4
95
93
85
80
59
63
79
36
26
14
37
69
98
70
11
90
 5
64
49
78
88
55
14
55
78
 3
65
86
97
46
94
24
 5
38
24
 9
56
75
92
91
69
71
25
38
70
35
94
87
 5
69
 3
59
20
76
55
43
71
82
81
82
56
46
80
92
52
96
12
12
64
49
32
24
16
26
 6
66
38
68
82
53
73
37
51
25
28
 3
87
50
27
16
12
11
77
57
31
82
 1
69
29
25
50
57
57
26
60
67
90
98
47
19
99
77
20
22
 6
98
 4
33
84
35
39
94
52
60
77
 7
35
 1
 4
61
26
68
30
31
54
25
94
92
61
64
86
95
98
81
49
83
56
94
84
28
37
94
99
23
72
 2
19
83
 3
87
14
92
27
48
65
60
24
82
 9
 8
71
76
89
66
50
25
60
95
63
10
55
10
61
56
95
12
12
89
12
34
68
18
81
87
27
50
62
93
93
95
88
30
47
32
41
55
50
 1
51
39
54
25
50
54
95
85
12
80
79
64
11
66
87
 2
53
83
93
51
79
41
13
95
18
85
86
13
69
53
14
35
18
 5
37
 6
46
 2
97
77
30
60
63
50
19
45
36
82
70
25
65
 6
18
70
49
46
76
 8
58
85
52
 2
78
87
53
91
83
 1
70
50
48
67
28
93
16
53
88
96
14
39
75
66
54
57
26
10
96
46
39
43
 6
99
13
 9
 6
56
44
11
42
46
92
58
52
20
81
27
66
69
14
 5
42
82
 3
72
43
31
 1
46
68
32
82
44
40
91
20
36
76
69
74
77
31
57
35
41
31
35
63
18
13
72
39
15
61
61
89
16
86
38
83
24
97
68
74
75
47
79
92
10
92
91
29
24
41
41
63
75
34
50
41
37
26
28
54
29
38
58
63
80
11
75
64
54
46
61
85
 9
85
68
91
12
82
21
85
86
35
82
88
95
28
34
81
61
50
77
98
11
59
85
53
58
14
20
81
96
90
44
77
26
81
44
32
84
92
91
22
11
47
53
73
98
 3
91
46
75
 1
55
54
82
31
96
84
49
68
37
17
78
32
91
13
18
38
81
68
31
90
70
 9
54
83
 9
25
36
73
60
96
77
63
72
53
25
84
74
77
66
14
74
 3
83
95
 7
49
87
27
36
 7
12
68
58
19
81
23
91
93
25
71
14
88
72
96
30
74
80
71
38
49
29
64
64
13
54
23
30
42
42
93
49
96
49
39
92
15
67
15
25
83
36
53
58
75
74
31
11
41
49
66
42
17
66
 9
25
75
94
84
37
42
 4
53
46
39
20
39
43
63
96
81
19
40
 3
97
36
 8
 9
69
83
26
88
65
72
92
18
 3
56
57
66
67
35
97
99
96
38
77
65
22
15
24
64
16
65
60
15
 3
22
32
 9
87
98
47
21
85
51
84
32
77
43
79
89
82
68
57
70
80
18
 5
84
69
46
53
71
86
43
82
26
90
28
91
16
28
93
70
23
65
36
97
66
32
59
 6
47
61
15
60
60
39
64
58
35
79
13
 7
32
28
16
95
46
 6
97
30
83
13
88
 9
34
67
17
34
89
43
55
46
77
60
85
47
27
77
41
26
36
75
21
34
65
50
28
35
44
14
11
82
73
29
90
20
49
74
20
94
75
54
73
61
81
53
26
55
39
68
95
40
62
 2
14
83
 7
35
12
83
49
99
81
83
57
39
87
12
27
92
 2
76
12
82
34
56
18
40
18
16
70
63
59
78
50
24
66
 2
93
37
81
69
52
72
55
67
15
77
54
36
81
48
60
71
93
19
45
82
 4
40
75
59
 7
78
50
70
96
31
93
28
77
78
39
66
98
65
16
60
36
49
48
92
89
90
22
69
25
23
99
39
19
94
50
14
43
 7
64
85
56
32
36
 1
17
58
66
 1
96
30
79
86
19
32
14
29
85
89
48
59
21
27
73
72
98
68
23
 2
83
11
92
48
44
58
77
57
80
44
34
38
14
40
97
71
73
74
75
40
63
38
38
22
 4
36
29
75
40
47
14
43
38
28
99
21
33
64
31
29
47
78
93
96
74
94
56
32
18
97
48
62
77
51
23
41
 7
28
 8
88
99
37
74
57
34
63
40
22
55
25
43
45
 5
71
82
41
67
10
72
83
78
95
24
86
39
65
66
92
72
51
42
96
91
69
92
57
 1
96
54
10
 6
38
 1
32
48
 9
21
78
33
28
 3
40
92
33
86
47
22
37
71
51
52
25
45
33
90
94
87
54
79
78
62
92
35
22
18
13
84
48
18
66
79
 9
34
12
 6
46
98
22
57
50
70
88
 7
42
15
79
31
83
17
56
22
32
71
25
54
19
48
 6
30
16
63
10
69
38
90
 3
73
45
 9
42
36
 3
34
72
 7
66
34
63
 6
35
71
68
87
50
73
 8
36
90
75
28
10
12
29
58
25
21
29
18
61
 8
52
81
 7
21
64
69
31
33
69
58
69
64
72
94
46
 3
44
90
 7
23
24
94
58
10
77
10
28
85
40
58
43
87
46
63
82
51
99
40
68
53
72
84
31
 9
81
29
78
25
42
67
59
22
45
15
17
51
50
10
22
82
50
20
 2
12
90
53
30
57
11
42
20
 3
79
11
64
30
90
71
69
28
13
80
40
17
30
95
42
53
76
47
 8
82
20
96
30
71
75
68
78
34
 6
34
89
36
 9
51
97
12
27
13
18
94
84
20
59
58
 2
42
93
 4
67
63
45
77
45
79
33
38
69
70
16
88
24
67
97
75
67
68
25
57
52
42
32
77
70
20
83
17
17
55
45
62
21
39
55
85
53
58
19
52
28
70
88
57
43
90
68
16
41
69
92
92
64
45
27
 5
68
64
39
88
70
32
76
59
17
11
16
42
 8
15
10
22
91
23
 6
92
69
50
39
25
 7
11
11
65
92
 7
29
71
59
82
14
88
87
68
79
97
21
53
65
 6
 7
32
38
34
82
32
30
73
48
91
54
43
19
93
48
48
 2
 5
73
48
 9
50
51
55
30
55
53
54
83
94
 3
59
83
88
40
43
11
45
88
97
58
53
70
80
21
68
33
30
92
19
 4
77
70
90
58
49
92
80
 7
73
38
 8
86
 5
 3
57
68
77
69
62
66
87
12
71
49
19
39
29
50
25
97
20
74
72
75
75
98
51
 5
32
60
76
 4
10
31
65
66
14
80
35
33
26
 7
83
57
81
65
15
83
22
48
70
85
78
49
17
45
21
95
64
33
88
41
51
82
69
14
89
11
24
42
87
66
24
14
51
72
14
 2
92
49
33
31
22
58
65
 1
69
83
90
34
15
73
34
86
64
62
98
70
46
 4
57
34
77
12
97
49
77
76
93
49
53
18
 1
65
59
54
41
10
58
77
95
54
50
60
39
43
46
15
57
95
23
49
73
41
21
 4
31
37
70
19
50
11
66
50
 8
75
86
43
68
69
83
 1
92
61
39
59
80
67
 6
95
52
44
34
88
33
59
 4
54
51
58
59
84
 1
95
73
95
84
45
22
31
 6
79
19
 9
88
13
73
74
27
27
21
46
38
27
14
91
92
94
85
61
40
52
97
89
65
26
88
87
10
18
15
57
 7
49
10
44
33
32
64
42
44
92
40
90
15
21
17
67
 7
61
94
11
21
22
58
90
58
32
99
41
 7
97
29
97
26
99
70
30
24
96
49
30
97
52
87
36
30
56
21
56
24
83
36
69
66
25
36
74
92
50
62
60
46
43
55
60
10
59
92
79
 9
49
82
45
46
97
55
80
77
26
27
34
90
95
83
88
94
81
51
62
76
30
 7
29
45
79
 3
88
 4
66
33
85
77
86
44
26
48
33
 9
97
 1
79
56
12
53
40
81
 6
70
70
40
11
16
30
36
18
69
84
 6
59
51
67
25
26
69
67
34
46
56
69
87
52
85
28
51
35
52
69
50
41
 6
29
68
11
12
16
22
80
30
 2
16
84
90
21
73
63
72
 9
75
15
23
32
99
89
68
42
78
81
24
45
78
 1
62
53
15
88
67
66
12
57
85
27
12
11
59
93
53
47
16
87
11
72
95
48
27
42
30
51
24
65
 3
38
28
74
45
 2
87
 3
75
66
22
70
42
22
90
20
90
59
13
 9
80
41
 7
97
20
59
22
24
 1
43
97
33
23
29
33
34
 7
90
12
47
31
 9
40
27
51
 4
73
25
12
 5
71
64
94
64
53
99
36
18
10
35
54
65
31
68
11
 9
98
40
46
93
38
49
24
 2
28
20
12
51
 1
75
53
23
20
13
29
13
58
25
82
80
88
60
14
27
74
86
91
75
 3
34
12
46
35
74
41
58
20
26
70
99
36
57
36
20
22
42
 6
 1
53
53
96
17
26
67
50
93
 5
41
88
36
94
45
96
43
97
16
65
 1
20
 4
20
47
67
85
82
 8
14
19
89
 1
93
98
10
 6
63
10
78
91
18
15
20
12
93
82
41
36
40
 8
78
63
 5
 1
98
48
98
15
 9
 8
 1
96
96
47
52
10
50
33
13
25
62
 7
33
28
 2
28
94
43
32
40
97
16
58
86
21
45
94
19
62
32
30
54
63
15
87
32
29
70
44
97
59
34
11
83
89
34
46
20
62
 8
 6
27
29
39
79
24
91
51
41
34
 8
57
57
87
52
96
70
 9
41
96
15
 4
58
43
80
26
49
24
64
37
34
39
41
26
14
14
13
34
 8
17
19
27
10
47
98
58
89
47
96
86
31
41
83
67
38
42
78
99
96
17
60
33
18
87
66
32
54
 7
26
89
33
25
53
91
62
90
57
27
70
59
70
37
61
90
65
15
 1
 6
50
25
38
74
40
72
92
86
58
92
75
22
85
69
 6
43
21
80
81
14
38
62
60
 7
41
90
16
63
73
80
15
95
98
85
 2
84
 3
30
13
53
37
18
23
96
52
61
30
21
41
 5
 8
73
38
44
98
50
 2
36
 3
16
19
 6
27
53
64
23
37
73
45
90
 5
90
70
77
63
 6
85
64
89
95
82
37
99
65
53
60
95
34
94
24
49
36
11
45
52
 6
40
38
14
 4
62
44
58
84
76
99
85
51
41
88
34
85
59
 8
42
13
76
 9
33
86
 9
59
 8
50
49
62
77
67
64
93
28
68
43
94
48
 6
15
72
 3
77
71
47
86
97
32
 7
37
82
94
96
65
22
81
13
49
14
39
26
62
33
22
 7
92
96
77
53
11
10
96
43
48
58
26
69
42
20
11
84
13
67
97
39
17
36
92
 8
67
20
76
22
37
84
42
57
47
52
50
43
58
37
77
18
75
 3
51
91
70
24
51
49
16
99
66
62
86
12
74
35
80
94
56
37
 9
88
 8
84
48
34
41
91
74
10
60
63
63
55
89
56
 8
70
55
69
17
43
80
 3
44
15
 2
37
24
 1
70
71
48
92
43
85
78
72
30
40
15
37
94
 5
 9
94
81
20
67
97
70
73
 9
98
18
 4
31
96
98
20
59
32
 7
37
 4
32
21
20
40
34
91
38
 8
12
77
26
35
33
65
47
31
34
94
47
 4
98
52
19
61
90
35
48
66
21
52
50
94
24
58
 1
59
21
96
44
51
12
53
73
82
17
74
11
53
90
69
38
38
13
53
13
17
18
29
44
51
27
88
40
13
74
24
 9
79
67
17
25
17
97
12
47
17
28
39
92
62
61
86
51
69
42
89
56
59
81
43
93
37
54
94
44
18
68
31
75
72
44
17
58
48
16
89
13
24
84
86
86
54
27
78
52
76
24
24
34
15
68
88
37
73
32
45
 9
46
76
38
97
26
55
58
32
59
97
73
90
12
32
41
92
 2
50
34
65
61
30
19
34
85
52
22
76
28
28
16
90
 4
57
53
30
53
39
 2
41
38
54
90
64
13
59
25
22
46
79
79
75
46
65
32
60
42
88
50
74
92
46
74
54
68
50
29
84
89
67
 5
91
42
87
23
73
75
82
56
95
99
47
93
25
77
70
19
20
32
20
23
52
80
20
88
77
91
79
68
36
88
48
20
98
 2
79
92
19
76
56
50
43
52
72
99
18
20
19
30
35
69
71
39
86
24
21
21
40
92
55
16
16
29
23
96
84
22
99
73
60
11
67
19
 3
59
53
69
14
65
21
16
33
45
53
45
20
82
54
34
40
68
69
69
16
11
69
82
84
73
97
82
17
94
39
69
24
50
76
22
37
21
18
21
52
17
58
31
50
34
60
82
78
82
 2
67
87
55
94
22
41
 5
12
86
66
69
27
10
64
27
15
19
65
20
88
86
40
17
68
36
35
79
10
22
67
72
15
98
41
 6
44
56
 8
32
62
95
48
95
23
42
89
64
19
74
42
19
44
54
55
51
43
47
93
40
13
 3
31
49
52
98
46
28
99
23
44
47
55
72
57
57
50
65
78
 8
30
46
64
93
32
59
62
93
31
95
 1
59
11
72
96
92
47
49
32
 9
70
55
22
11
79
20
52
59
69
75
16
71
69
39
93
39
31
34
38
94
65
62
94
 7
81
76
10
57
16
78
89
57
 9
86
22
57
 9
93
48
29
74
66
95
48
47
 6
46
78
59
10
67
70
60
73
68
66
35
58
16
67
56
64
63
 4
92
45
34
91
 2
91
22
13
93
28
25
97
53
44
 1
53
61
13
44
14
19
 2
79
50
17
54
77
19
53
26
62
 4
42
54
58
91
 1
61
 6
84
89
48
17
51
64
 3
93
27
25
66
72
88
24
67
42
88
 7
99
61
83
76
34
54
28
 6
39
 2
 7
34
95
95
37
59
 9
93
16
42
74
21
84
67
91
66
30
44
37
29
38
21
28
46
98
77
 8
63
75
70
16
81
57
12
37
45
82
35
93
90
66
32
94
40
33
40
 6
47
44
35
27
74
70
 5
67
20
78
92
 5
77
64
54
 2
28
37
32
71
65
57
81
75
47
54
61
54
65
 3
31
24
48
11
34
94
69
84
43
45
79
 8
46
40
38
34
14
10
75
11
73
32
30
22
98
35
16
96
46
85
70
44
61
55
10
81
63
51
67
 1
54
82
30
43
42
69
53
49
35
48
71
15
99
 2
70
55
21
38
58
86
83
67
90
32
86
 9
84
78
30
49
79
58
88
 1
88
12
72
93
84
89
42
26
70
58
60
 8
77
59
19
56
44
89
54
29
19
60
95
91
30
95
26
89
75
22
32
16
78
13
10
66
55
65
91
44
37
22
89
27
 1
58
94
53
53
39
30
44
10
46
14
 3
17
99
26
21
85
73
 6
42
34
21
15
84
48
 2
75
 5
46
58
 6
77
52
97
85
91
75
46
57
33
71
27
 1
42
25
29
88
40
 1
23
64
88
 2
77
31
92
 5
50
20
 3
80
90
10
31
98
46
65
30
 7
88
75
63
78
65
48
 6
41
94
61
87
67
97
96
63
32
98
86
81
25
79
84
35
34
16
87
 1
69
90
38
24
58
18
 2
51
59
42
84
84
64
78
70
52
96
48
27
71
88
74
91
89
71
85
63
89
 8
 1
12
51
53
46
46
26
43
59
43
56
 7
63
71
68
99
33
29
71
52
47
13
12
42
61
46
 1
63
83
87
56
16
88
36
89
96
43
64
86
92
 6
86
89
68
54
 5
45
64
85
36
26
64
86
47
84
75
91
29
49
79
10
20
19
76
87
 2
73
 6
38
 3
51
38
26
 6
 4
55
62
17
95
86
33
71
46
19
86
55
83
78
68
 6
12
58
25
56
58
22
82
31
 6
46
 6
 4
63
28
60
59
 2
33
58
69
 1
96
46
 3
 8
60
81
 1
99
49
67
27
15
98
 8
32
54
91
30
33
36
44
49
46
63
16
17
87
35
32
35
64
38
44
65
80
36
92
33
76
23
 1
35
26
31
58
61
13
82
35
56
 1
61
85
85
44
87
66
80
19
96
37
 5
35
79
78
 6
38
99
82
23
14
37
49
89
22
79
52
12
97
13
 9
61
11
24
13
59
44
69
51
 6
61
30
95
 3
49
97
66
49
96
17
54
53
77
26
24
22
17
28
58
 5
22
16
83
15
25
16
30
35
26
41
55
18
12
25
14
88
10
59
78
56
60
50
88
50
63
68
60
96
98
86
11
 9
58
57
36
61
89
74
98
98
 7
29
69
19
50
19
57
40
54
28
97
53
15
11
31
63
 7
41
 8
45
40
17
 6
15
 9
 1
50
16
35
82
44
57
37
59
94
74
38
95
48
58
51
65
14
43
35
56
80
58
76
16
22
75
95
27
97
33
12
 4
26
65
74
72
45
43
99
52
44
30
27
84
73
67
10
29
30
96
75
91
98
28
70
61
66
66
 5
70
97
98
41
24
66
67
 7
23
43
 7
16
25
35
98
47
61
75
12
67
75
55
60
78
68
 8
85
26
46
19
66
95
46
81
69
 3
15
87
52
18
58
39
23
37
94
99
67
15
53
55
58
99
54
10
49
69
85
88
65
17
34
62
98
74
 2
80
21
39
26
13
25
73
48
93
86
52
71
77
92
34
30
76
95
15
17
21
53
58
85
77
25
44
84
90
56
36
34
86
53
26
 7
75
56
26
14
25
17
82
65
14
 5
88
 9
62
34
57
 8
28
31
40
63
76
41
47
54
 8
 5
57
81
51
87
73
98
21
94
13
19
11
51
84
81
69
 7
49
54
89
 8
 3
67
78
15
93
57
40
15
 2
99
24
82
 2
36
83
69
26
44
97
56
53
78
89
52
49
23
 9
68
70
79
 2
69
64
38
29
10
79
51
89
70
14
69
63
98
15
28
55
61
63
79
69
34
54
48
59
 3
 2
89
12
39
90
41
96
94
87
54
46
90
47
80
99
50
27
12
55
34
29
42
94
52
99
40
 8
86
 5
38
76
10
 2
77
60
35
33
46
33
84
53
49
 7
 7
29
23
 8
21
19
73
42
42
58
 7
91
51
80
58
91
50
77
97
56
97
43
78
53
43
 5
46
31
56
76
52
93
75
39
 7
10
69
98
94
73
48
 3
96
91
87
89
61
13
28
32
29
73
17
53
84
93
27
99
39
67
53
 8
92
 4
88
80
 4
59
 8
13
14
 7
50
48
36
 4
16
43
74
68
99
11
77
65
38
96
81
95
19
92
72
79
38
29
91
40
11
37
34
71
66
40
66
14
14
61
92
95
11
92
21
68
14
42
37
23
53
69
55
83
24
45
38
63
96
59
71
14
77
77
65
20
97
95
84
70
83
94
83
90
67
24
19
30
89
36
49
 2
76
 3
83
87
18
 2
77
74
38
51
48
51
93
55
11
38
79
29
99
65
70
86
72
77
 5
55
84
80
23
89
 1
14
46
62
45
53
48
91
74
28
88
90
37
81
40
10
33
19
 7
22
34
94
57
58
69
99
64
41
30
58
76
82
25
32
18
48
16
29
37
29
65
99
 3
99
48
48
67
62
37
14
 1
90
14
64
 3
18
29
60
 7
69
66
 7
89
79
 5
87
74
95
64
78
76
12
28
23
52
35
90
99
98
21
79
34
 1
89
57
91
34
52
58
25
18
64
99
83
68
28
66
71
18
73
62
69
31
23
91
91
30
85
70
97
28
75
61
50
72
 4
80
99
51
37
 6
16
 1
81
31
52
94
63
86
34
69
83
72
83
36
29
29
56
57
75
87
12
20
 2
31
92
97
52
98
23
26
34
69
16
86
15
64
87
21
 3
85
85
76
66
57
10
98
81
60
31
69
63
41
21
16
60
82
51
85
91
21
 7
 3
83
93
65
21
87
93
72
70
48
32
94
 6
91
75
45
99
18
56
87
28
43
27
12
25
95
59
74
62
11
55
 3
97
16
70
66
80
61
15
 1
40
85
42
89
49
66
82
97
90
55
30
54
16
42
38
83
29
36
50
68
79
33
 6
73
96
43
37
79
54
32
18
74
97
86
78
58
16
32
33
85
94
 1
42
25
37
21
62
43
82
93
90
 5
10
17
73
91
60
59
79
25
59
26
91
 5
84
 8
49
48
40
62
74
36
 7
41
 3
47
17
78
86
 7
11
67
62
 8
48
53
56
38
20
47
28
81
34
10
20
13
10
86
13
65
76
68
53
81
95
50
66
29
 6
43
94
98
11
38
96
63
 9
70
49
 2
78
74
63
87
36
78
83
31
59
47
68
78
 2
93
14
71
98
86
35
40
72
80
65
57
54
72
69
18
30
29
43
85
11
86
10
42
45
65
62
95
87
98
69
 9
17
16
94
58
29
91
58
 8
 8
90
77
23
81
21
 3
77
73
25
27
97
64
20
40
 2
67
37
32
58
23
33
11
43
39
47
34
 6
68
89
32
20
27
 6
 3
53
 6
18
69
 6
19
86
86
56
58
93
74
82
24
95
61
76
64
29
36
27
15
36
65
87
69
94
99
22
64
95
12
 9
12
83
83
26
70
79
 4
89
82
10
78
63
63
74
23
20
81
46
37
60
 6
64
20
87
62
 1
50
20
79
62
73
64
58
21
11
21
55
 2
58
36
99
56
65
76
54
45
81
64
19
32
50
10
99
46
25
96
44
85
20
79
50
43
50
 1
73
19
62
35
18
86
25
41
45
 3
95
19
85
10
99
97
91
17
59
95
 6
32
 4
19
85
16
92
24
77
 9
 6
10
57
49
94
68
29
 2
78
61
23
 8
74
44
71
 8
38
14
86
14
97
98
51
 8
78
61
28
37
98
39
85
64
95
91
82
68
12
84
79
48
86
62
14
11
59
66
43
12
51
20
61
22
40
62
90
90
69
46
84
83
16
67
18
49
76
56
94
19
67
 2
81
62
19
20
67
37
47
57
59
29
92
30
47
25
14
85
96
35
88
 4
44
72
68
11
43
40
99
25
10
24
59
 1
72
15
35
18
 4
94
86
50
96
 2
15
69
46
92
89
27
66
28
49
72
64
 3
25
33
48
45
14
24
18
95
30
22
 6
11
98
50
19
76
71
38
55
 5
63
70
33
74
86
 8
16
91
61
99
72
62
 7
54
45
 6
63
93
77
28
75
62
62
87
66
19
77
63
45
69
55
49
82
75
53
 8
69
 5
85
82
29
44
71
22
76
55
66
 2
93
80
19
98
32
82
42
22
90
38
17
15
94
57
42
80
14
39
25
13
52
57
36
92
55
74
35
34
45
78
66
43
41
42
50
72
85
97
65
20
25
28
48
79
55
69
79
76
93
23
39
96
92
61
52
45
40
65
10
38
72
21
20
77
44
45
43
94
70
86
80
24
17
22
49
85
 7
38
56
50
57
94
56
48
