500
24
 2
78
58
15
30
82
27
54
39
83
15
88
10
17
27
40
33
28
49
25
56
91
33
10
95
89
13
23
 9
58
70
63
18
32
78
53
86
73
28
41
47
97
85
26
74
33
71
94
94
71
20
50
50
85
92
31
79
48
31
76
54
38
95
58
19
75
90
30
88
48
24
 8
41
96
85
33
56
 3
19
47
51
64
45
 9
44
82
25
85
24
58
15
74
32
20
18
55
40
80
57
34
48
41
89
97
57
43
97
34
62
89
54
18
17
36
 7
33
 8
52
95
41
92
93
16
39
49
54
63
48
75
39
74
46
90
55
86
 5
92
22
41
50
 3
32
44
73
66
40
19
59
18
36
60
16
14
51
21
90
27
60
43
76
78
66
74
49
47
68
58
68
 2
43
67
96
 4
32
44
29
32
54
29
15
62
47
55
72
71
48
47
44
90
32
54
29
61
97
23
20
60
28
38
76
 1
34
64
90
95
72
92
44
 7
74
22
27
39
68
 1
21
13
26
51
12
75
35
75
40
97
91
20
34
82
55
34
61
64
46
52
41
19
 3
11
27
43
19
13
16
53
56
 6
17
40
48
19
 5
30
 5
73
89
19
29
99
60
73
43
50
 3
27
53
87
58
25
46
 7
31
52
31
55
 3
21
40
58
66
16
95
74
28
 9
51
96
 6
14
11
31
69
 5
54
65
29
80
49
60
45
74
97
70
59
 4
70
34
 7
66
19
34
19
66
76
76
85
77
53
77
64
34
62
18
26
56
25
47
14
78
53
94
 5
36
21
78
60
28
26
70
38
25
64
92
72
71
18
14
77
 9
66
34
86
91
29
98
90
14
63
48
78
33
 2
49
35
89
57
90
27
15
 2
19
 9
40
22
76
71
74
69
14
 2
87
11
68
41
52
76
44
25
79
50
 4
89
16
56
17
32
22
17
51
 4
13
27
68
25
63
 6
14
 6
75
 4
37
51
 7
85
68
44
46
97
60
81
59
35
33
63
57
98
25
87
33
80
87
78
31
52
44
92
60
 5
18
16
35
13
78
17
66
57
 2
55
61
 2
89
15
71
43
41
61
47
35
36
92
28
 3
14
86
36
48
 2
11
99
77
83
84
74
12
65
87
80
67
27
87
44
22
 6
74
41
69
17
90
36
88
47
31
23
 9
29
12
55
13
35
