300
88
62
33
75
57
 3
73
72
 6
79
 7
21
98
17
30
66
55
67
35
33
47
23
67
89
95
79
97
72
96
99
46
53
94
21
39
 7
68
40
27
74
31
56
72
70
 4
69
11
19
80
38
85
82
40
92
92
71
97
81
15
79
91
89
80
49
74
69
29
 5
 1
41
24
54
94
 1
86
19
80
91
 6
56
68
76
78
62
53
59
44
19
62
18
72
45
68
66
65
61
15
27
29
78
 3
24
73
59
30
83
14
45
69
46
 6
84
75
79
99
98
88
98
68
70
48
85
48
16
60
97
75
34
48
70
80
72
25
24
58
21
23
33
42
61
 6
 4
70
91
 9
 3
54
50
41
98
82
50
60
46
38
72
 3
56
60
 1
53
34
49
61
12
79
30
52
98
40
80
17
19
43
35
53
24
63
67
10
 3
54
75
65
50
16
63
29
27
30
39
77
57
17
24
57
 4
39
16
56
34
48
60
93
39
56
 6
27
18
37
87
 8
66
66
 9
 8
18
73
65
35
56
14
 1
65
34
71
15
 5
40
65
10
14
51
68
33
 8
91
41
58
55
38
57
88
 7
16
54
14
54
 9
55
 9
75
17
10
13
47
 2
13
54
83
57
26
83
95
21
67
74
11
96
 7
43
66
77
19
60
 3
38
38
95
65
17
58
78
68
29
30
 8
95
29
15
93
10
85
97
75
53
58
70
80
86
