1500
70
90
65
34
14
70
93
73
57
52
24
 3
48
56
71
28
40
33
91
87
77
43
62
23
42
74
 8
68
85
41
77
20
 8
38
95
58
84
53
83
92
96
37
61
11
 3
25
50
92
54
 6
74
65
48
40
78
72
77
14
52
27
77
45
16
24
65
 9
 9
81
27
15
61
75
61
99
 6
57
55
56
61
10
75
80
94
16
59
45
79
28
98
86
32
80
80
10
73
51
 3
98
91
 8
 3
43
42
53
35
64
67
91
34
50
74
41
86
79
52
10
71
50
68
62
61
95
15
97
69
92
58
55
26
61
60
76
72
32
14
40
47
12
75
99
56
19
31
36
18
88
70
53
44
56
17
32
73
98
92
80
13
60
48
79
90
 9
46
59
91
87
33
33
76
82
83
97
43
82
48
27
46
51
93
84
30
72
70
77
83
20
78
65
77
84
93
47
95
17
 6
65
15
25
30
19
48
79
63
42
 9
71
 9
29
95
69
89
79
83
19
44
26
91
37
 7
21
28
52
16
67
89
17
17
34
91
68
10
64
35
59
10
18
65
23
71
47
39
 5
48
47
51
24
29
86
42
91
35
54
24
55
 9
35
66
 1
79
42
69
51
45
20
54
43
44
49
21
85
67
64
91
80
77
30
80
26
82
53
27
80
40
 2
23
99
38
27
67
19
15
 1
91
16
80
23
70
 9
 3
89
82
19
96
52
19
75
12
 7
13
73
37
 5
84
63
25
40
78
94
42
 5
80
82
67
53
99
16
37
94
97
93
49
32
51
88
33
64
34
31
 4
86
87
22
98
 5
 3
57
10
76
42
64
29
16
42
61
 1
79
31
13
 4
41
95
95
65
 3
29
72
23
39
92
46
32
19
41
40
41
99
13
38
39
51
62
39
82
92
33
83
 3
93
21
76
41
50
68
71
57
59
10
54
83
 1
 3
80
91
82
 6
 2
14
23
93
43
80
44
83
59
52
48
81
41
83
42
 1
88
83
97
71
37
50
95
86
31
 2
56
15
52
 6
92
13
93
35
88
73
68
20
63
47
75
65
83
63
77
73
 7
97
39
37
39
 2
67
95
41
52
 7
41
97
30
39
15
97
88
 7
96
99
24
68
69
56
90
46
20
81
 3
 3
24
 6
38
26
79
20
 8
96
62
58
91
96
33
 3
91
77
82
84
57
50
61
39
66
58
59
 3
52
41
82
13
67
84
11
89
45
57
58
67
84
20
44
43
88
23
83
30
93
63
94
67
37
33
66
77
66
10
43
16
62
38
95
29
73
47
30
44
36
53
95
90
69
90
55
27
24
18
68
26
76
54
58
 3
49
78
16
66
40
58
96
44
50
24
70
67
85
76
 2
86
27
40
84
87
52
22
32
78
76
25
35
19
26
65
 3
75
 5
21
91
47
47
95
17
72
41
95
91
51
13
18
65
73
32
53
90
38
67
85
32
93
19
94
 6
24
76
69
80
 5
16
99
43
40
94
73
23
17
60
60
16
83
12
75
81
92
59
41
50
 7
92
12
36
11
25
88
72
38
 8
 2
63
50
92
66
93
51
38
 4
57
28
25
32
72
56
87
13
35
66
16
57
71
41
59
93
46
95
60
77
98
45
45
55
48
98
36
80
37
74
78
56
81
94
54
38
59
45
88
52
34
53
 5
68
35
76
42
81
86
53
92
40
21
13
67
83
48
77
51
12
40
83
64
62
80
35
59
11
49
 8
15
78
 4
44
27
46
93
30
61
83
 3
22
81
65
46
89
90
97
 7
41
37
39
41
38
90
10
61
 6
53
94
87
89
 9
29
95
63
79
77
72
 3
86
70
62
72
86
52
56
12
85
69
80
88
86
51
51
82
99
49
52
93
41
42
87
16
63
10
78
73
56
51
64
83
33
69
54
12
64
 9
 1
 2
65
29
54
41
93
45
51
47
80
86
 5
25
27
18
38
 2
16
79
50
68
47
72
41
41
62
69
90
80
66
51
 4
62
91
68
31
66
48
29
96
43
68
91
90
56
14
90
97
41
51
56
22
76
42
52
42
31
85
17
 5
53
43
 7
59
82
74
35
38
56
35
17
11
69
45
89
 3
80
99
44
98
16
 2
22
32
61
24
13
77
94
57
19
52
40
41
12
38
36
68
39
23
43
38
36
93
 7
44
67
60
23
75
67
45
93
45
13
40
24
74
81
31
54
81
41
 9
85
 2
 9
75
81
75
49
56
91
37
22
14
21
37
71
97
46
37
60
10
21
10
29
27
91
72
 2
60
17
 7
10
73
67
66
56
85
57
44
92
29
 3
10
19
14
64
50
 7
76
45
71
34
41
35
65
27
95
34
94
20
90
78
31
 8
68
98
72
17
49
92
72
56
56
 8
29
80
 7
69
52
37
78
51
64
 6
58
51
32
23
71
51
10
95
22
15
97
81
35
25
53
63
23
97
 1
86
72
76
64
69
75
57
62
85
 7
25
97
 4
51
75
75
95
97
77
88
97
26
87
96
32
38
29
40
78
32
68
21
88
35
11
85
59
81
32
42
36
87
69
50
65
81
92
11
76
47
84
98
 2
44
42
65
25
65
27
60
55
74
81
66
29
24
48
55
32
49
80
 4
32
67
15
98
38
85
75
96
63
 8
75
99
96
93
 9
90
79
22
67
37
94
23
 4
26
32
40
58
35
78
82
75
 4
73
17
29
17
78
68
79
40
10
91
88
54
76
60
 3
98
80
42
37
93
 8
17
81
24
81
 7
49
82
99
52
73
48
23
25
15
72
50
 9
46
94
29
35
97
16
48
 3
22
72
66
74
53
47
15
71
49
42
20
69
59
54
 6
 5
17
86
 3
 7
 6
34
31
57
99
62
94
90
 9
41
25
50
50
33
39
93
69
13
45
73
23
 2
52
93
63
99
16
55
29
19
89
94
74
63
 3
33
49
88
39
38
64
77
32
 8
56
55
57
96
73
 4
38
81
 3
75
38
70
70
70
59
93
22
90
24
47
26
24
60
35
87
70
53
75
40
73
 3
47
91
55
41
99
87
27
42
23
75
80
 1
 8
23
10
74
78
89
92
 7
43
98
69
 8
24
93
47
89
27
45
72
79
16
91
99
67
44
68
89
16
 1
12
81
19
39
98
61
 8
41
11
63
93
82
66
56
54
40
29
 7
57
34
25
17
17
31
78
99
75
89
 7
94
25
87
64
90
35
20
 9
63
19
88
46
90
 4
87
36
34
26
91
41
84
27
62
60
43
73
84
57
17
62
21
26
39
46
31
74
65
47
25
 2
53
71
94
46
 6
13
 1
52
51
50
60
60
64
28
 1
61
85
22
36
19
56
84
42
88
22
67
46
62
12
15
53
56
63
43
 8
41
87
58
92
90
53
71
 1
 2
72
49
55
79
76
44
21
34
70
57
80
85
35
80
23
39
82
57
24
88
23
18
46
48
65
34
46
61
81
36
35
66
86
38
59
93
44
26
43
63
60
58
83
47
69
92
22
94
74
51
80
46
61
90
 3
67
10
97
74
11
