300
60
94
71
60
28
88
49
81
61
84
 1
40
57
36
73
 6
24
 2
92
38
21
60
10
93
94
37
88
86
22
25
53
 9
 8
 7
90
34
70
63
23
47
42
80
75
86
29
30
14
56
62
47
99
97
60
79
47
81
61
17
94
93
43
93
13
76
68
64
41
34
91
40
79
17
64
 1
34
14
58
61
18
79
73
96
45
99
18
20
90
43
47
25
59
 1
46
60
41
36
32
62
 3
86
81
23
68
13
32
 8
64
33
81
91
79
72
45
51
94
13
56
70
50
19
 4
78
 3
13
92
15
47
50
90
 9
31
 5
76
83
62
92
47
71
27
42
85
39
17
63
66
24
90
92
83
77
58
82
81
 5
23
19
92
 6
55
16
28
20
52
87
58
47
55
49
 6
74
51
21
 2
83
62
16
23
37
42
79
57
49
71
45
27
40
85
93
99
45
12
62
29
22
63
17
55
98
64
11
 5
 8
44
36
 8
64
78
28
94
19
35
97
79
51
67
51
83
27
31
91
17
98
88
55
73
50
33
58
47
86
26
36
34
70
76
36
29
79
46
32
60
10
25
55
 1
 7
42
77
91
23
68
58
92
94
77
92
36
47
 5
60
53
15
 2
22
84
72
96
55
41
84
66
93
95
58
38
44
18
 3
20
36
86
91
83
18
25
21
91
11
92
69
90
61
47
47
71
97
39
32
25
13
