200
43
 3
25
18
99
98
63
46
98
95
35
17
46
35
81
16
90
 4
11
 9
31
47
 1
41
24
84
68
 2
60
28
88
72
 5
82
88
 1
80
46
31
83
86
83
73
30
20
 3
41
69
12
92
96
88
25
46
43
62
39
60
39
43
74
 1
61
99
55
38
11
55
90
51
76
20
73
80
62
59
38
57
89
 6
28
70
82
55
94
 2
55
46
48
97
84
62
33
89
18
64
19
64
79
95
73
66
26
56
35
35
33
87
28
86
34
80
40
14
17
37
31
21
96
85
51
75
48
10
66
91
50
68
71
16
 5
66
67
49
75
74
95
53
37
31
14
91
51
39
94
59
72
96
20
17
 2
57
92
32
93
69
94
 8
22
95
31
 8
18
47
 5
69
93
46
23
 2
50
42
21
81
91
 9
83
96
39
33
46
12
75
21
65
62
 7
58
39
55
68
16
66
14
72
52
20
 5
22
21
