5000
25
15
56
95
33
51
57
60
17
86
11
70
80
60
87
59
90
94
 4
10
72
54
 3
25
74
77
59
50
78
87
37
58
61
58
69
14
51
60
23
50
15
50
 3
74
16
37
48
19
52
86
 4
69
56
94
92
84
24
91
79
36
83
13
61
80
73
91
69
96
97
 7
 3
 3
91
60
10
78
23
87
10
 4
56
 2
79
63
49
64
12
 2
57
73
37
86
49
88
55
62
 7
47
40
66
85
28
70
80
44
98
60
72
 3
86
25
29
26
49
78
29
15
52
68
30
96
35
72
60
74
88
55
64
59
11
88
76
26
64
67
24
19
 7
 2
82
52
18
19
 1
28
99
66
37
13
57
42
 4
10
46
45
53
55
 5
72
31
71
35
43
19
25
71
12
63
 5
85
 9
69
66
73
85
 2
78
80
32
96
97
86
84
43
10
39
39
89
81
33
88
91
32
26
55
14
88
10
89
11
41
95
71
28
35
57
95
 6
39
79
88
48
21
58
19
52
59
 4
58
34
45
80
57
58
77
52
97
20
17
52
61
61
13
58
 8
87
47
79
87
66
21
44
70
65
34
97
41
21
67
89
27
80
32
64
 6
29
89
38
62
31
 8
79
57
96
51
51
54
11
86
61
72
23
78
81
29
58
82
43
18
22
88
 6
96
60
25
 9
30
84
99
73
67
73
56
83
80
82
37
14
69
95
33
35
35
 1
17
57
45
71
10
37
89
12
25
20
34
39
 3
51
 1
92
82
 3
49
 8
53
63
 8
69
92
43
34
74
68
38
31
 8
82
97
15
82
56
34
64
34
27
60
33
17
45
34
59
 3
63
31
68
30
88
27
84
89
94
97
51
14
66
22
86
36
74
84
60
 4
58
 1
29
15
88
15
 7
25
23
13
19
50
10
21
 7
69
46
94
31
63
59
94
46
15
97
43
 2
63
37
65
24
83
50
10
35
63
54
28
89
34
 7
49
64
54
41
98
68
90
11
94
35
93
53
 8
64
12
33
69
49
51
59
42
70
 3
61
42
10
76
12
 8
42
45
66
18
54
18
20
46
77
91
58
64
62
66
91
75
76
77
38
80
69
45
78
77
86
76
22
91
54
33
 1
18
41
95
63
98
16
30
57
 6
81
 7
68
50
45
53
33
90
70
13
75
61
78
75
80
93
78
55
54
59
35
96
 2
83
88
56
62
84
51
64
12
80
51
 3
11
 9
91
12
83
 9
58
57
 6
 8
63
56
93
73
79
24
80
55
96
16
48
88
 8
34
18
75
31
74
86
31
77
80
57
 6
78
81
98
43
75
83
83
26
83
88
99
56
39
 1
19
 2
53
23
13
76
43
67
87
81
 3
 4
34
79
71
76
72
15
57
86
78
66
77
99
62
31
66
54
20
44
33
41
84
27
90
36
24
48
62
32
21
22
80
77
52
 3
69
62
23
22
49
38
69
11
42
45
94
46
18
20
29
95
55
30
89
70
65
54
51
69
54
36
69
26
54
 6
86
42
27
41
66
21
47
27
67
67
69
98
26
 5
10
40
43
30
24
89
43
79
 9
64
11
58
28
22
75
32
83
83
29
96
25
53
60
12
18
33
12
89
79
68
 1
51
90
49
29
26
80
79
50
15
22
37
70
97
18
68
85
88
 1
87
18
24
60
72
61
11
98
17
93
88
19
99
59
37
76
69
99
21
84
86
13
40
79
27
40
27
77
86
34
50
10
81
40
42
59
 7
19
39
98
27
46
30
49
73
40
25
59
 7
12
12
19
39
32
34
25
71
76
46
81
23
61
86
85
14
27
29
62
97
79
27
 1
94
52
46
59
99
76
83
97
48
74
57
90
92
 3
81
77
95
87
13
32
58
97
70
78
15
59
17
39
21
91
14
55
33
38
25
58
29
 3
95
28
69
40
71
25
46
20
77
23
 6
25
46
45
 8
74
89
 5
 3
64
 7
75
91
92
52
89
44
82
15
77
41
44
50
55
29
 8
30
70
25
72
29
26
94
88
25
64
20
19
35
58
76
13
50
81
50
24
 1
99
10
 7
23
69
56
27
47
56
69
24
68
 1
91
47
47
18
37
22
85
53
78
54
15
99
21
26
62
88
80
20
27
56
 1
79
16
 9
22
75
92
80
17
82
79
 6
44
29
57
 4
94
20
24
96
 4
99
39
68
 6
71
18
50
95
14
10
97
68
18
20
91
24
 6
 7
49
84
25
18
 1
14
98
91
60
14
22
96
 5
46
75
31
67
86
63
49
43
42
33
37
37
51
85
20
35
83
35
17
56
67
38
96
22
66
32
91
35
22
13
18
 4
92
92
24
78
98
61
48
65
 6
 6
 5
58
70
91
63
83
54
75
58
65
45
55
86
28
 2
 5
10
48
34
28
63
46
66
65
58
51
64
74
68
33
 4
54
19
20
32
92
51
94
25
37
79
13
83
57
21
99
54
88
 7
94
48
48
67
 6
20
99
85
 9
93
57
21
88
85
96
96
47
26
93
48
57
17
27
33
10
32
75
89
38
93
51
52
36
47
99
21
75
45
 2
64
44
73
10
74
96
38
51
61
43
27
45
78
72
88
49
85
34
22
81
42
67
23
57
27
10
97
56
78
75
67
73
65
27
83
80
61
40
83
31
50
77
94
43
23
71
31
 2
11
39
71
97
90
33
78
70
19
22
50
39
52
41
44
13
67
93
81
66
70
27
74
47
 3
94
73
34
25
 1
71
82
93
50
83
93
 3
 3
34
47
27
55
41
17
13
35
67
15
57
54
11
 8
48
84
 3
 6
73
11
89
 8
84
35
67
85
24
62
45
83
 7
66
95
45
60
58
92
 3
92
39
67
73
35
90
 3
93
 7
63
89
13
28
14
56
 3
61
66
16
 3
 6
44
26
32
91
36
 4
18
33
56
 5
59
79
58
 3
77
 7
57
68
60
11
37
93
67
34
62
69
 5
77
11
45
21
51
35
82
45
 5
44
34
11
74
43
71
95
25
17
73
14
87
81
 6
91
89
99
 7
68
74
86
12
45
11
 4
20
25
81
47
52
80
51
45
95
73
19
88
60
65
37
66
 8
63
 5
59
96
15
27
65
58
11
41
92
46
 3
 1
 7
36
97
26
63
61
43
96
17
31
49
12
29
35
72
83
74
71
 8
93
60
 7
 8
70
73
 6
85
31
53
25
 3
44
98
27
15
26
40
18
80
68
59
21
77
 9
77
33
64
94
32
63
24
96
26
88
93
22
84
47
81
56
16
80
18
98
83
60
53
28
 6
14
89
51
90
77
94
73
17
81
39
55
55
17
84
70
71
75
43
50
80
12
84
35
 1
32
68
82
84
34
85
93
57
26
14
86
55
47
35
79
 1
92
38
12
78
 1
60
76
78
85
72
77
62
63
76
94
96
81
19
70
50
85
79
89
67
18
45
81
18
11
30
 8
56
60
51
71
59
19
19
86
 9
24
45
85
58
 1
37
72
66
18
84
98
48
83
 2
91
78
33
19
95
64
85
 5
53
80
64
16
97
77
 6
26
84
86
79
73
18
14
56
41
16
47
13
25
61
67
34
15
89
 6
 3
21
53
 4
21
87
16
46
68
14
17
34
34
42
61
16
24
14
78
98
98
62
80
41
21
45
14
23
72
78
77
36
41
81
36
64
 2
96
 6
94
22
76
12
52
 9
24
18
67
13
71
25
 5
28
71
33
29
82
 2
68
46
74
49
60
29
47
80
82
99
46
52
45
41
56
81
26
75
70
28
64
88
89
97
79
44
82
33
49
59
23
91
99
94
46
79
55
13
 7
41
96
83
 9
68
63
69
87
53
62
74
93
 6
19
92
77
91
23
53
30
13
10
55
52
67
38
45
29
22
83
90
83
34
36
12
75
57
98
39
18
60
83
33
85
 6
12
70
88
95
93
85
78
69
12
11
64
19
77
97
98
22
81
39
32
79
20
 2
70
28
98
78
35
24
 9
65
91
71
80
80
17
 5
90
23
64
62
57
92
33
89
67
73
66
24
89
 1
89
43
27
91
48
86
23
90
 6
 6
22
 4
86
49
73
56
39
57
73
64
62
42
58
35
26
67
19
17
74
67
63
96
75
37
94
45
99
34
38
48
87
19
61
 1
86
76
47
 2
19
38
58
31
81
63
38
49
86
88
 3
93
 6
93
60
16
93
20
21
44
52
71
20
96
16
22
27
33
34
89
67
90
 7
80
22
70
63
72
25
18
46
31
46
88
71
33
54
19
37
98
63
94
63
95
56
53
18
21
78
99
10
22
12
73
30
64
 1
45
83
15
63
92
22
28
40
13
19
20
26
41
77
25
35
23
27
97
39
 8
97
65
32
21
31
 2
63
67
 9
16
91
45
54
32
 1
97
12
53
31
96
31
82
62
86
74
 1
14
79
71
69
76
21
49
57
68
37
46
58
18
65
40
 8
49
80
21
61
96
32
 1
29
27
92
26
44
66
34
69
71
34
32
61
97
80
25
48
41
23
13
38
14
78
30
12
61
86
81
62
40
21
64
56
25
94
76
52
30
45
33
89
30
88
75
91
65
75
25
56
10
91
34
26
88
60
97
91
43
78
 2
94
99
50
34
33
57
60
43
95
55
15
 3
49
19
32
25
93
54
92
98
16
 3
31
 7
61
 1
83
74
34
65
57
20
65
68
72
54
66
90
 9
12
76
39
 5
37
40
24
76
15
35
41
76
92
60
 8
57
63
33
65
79
40
75
92
17
29
57
73
86
 9
79
32
86
24
49
92
51
 2
45
79
95
 4
13
 1
76
30
99
58
43
52
60
93
93
44
40
29
 9
50
88
37
95
56
77
41
96
40
 2
27
 1
33
28
67
19
74
65
 6
55
99
36
34
24
47
99
90
73
11
35
32
44
25
10
80
17
21
52
20
 2
44
57
47
 8
40
38
14
40
25
60
22
81
68
48
60
92
44
41
65
79
33
50
99
93
15
 9
19
74
 7
76
21
27
43
71
57
37
 2
 9
97
 7
82
98
18
35
69
 6
15
 1
59
 9
17
82
80
62
83
87
 6
 4
65
 4
84
11
40
54
65
38
57
63
71
57
37
31
90
20
51
 8
14
58
17
62
31
61
46
59
87
30
77
14
 5
52
33
49
96
97
23
24
59
81
45
70
75
86
 2
80
18
97
84
93
79
43
33
47
21
92
46
 1
66
97
23
24
40
40
27
60
59
65
59
38
95
62
13
51
 7
82
 7
83
55
35
71
 5
19
79
80
87
11
29
11
 3
99
94
10
24
61
94
50
 5
61
28
88
58
70
76
53
 7
36
17
16
29
11
76
64
54
55
71
20
72
 4
33
31
72
39
35
73
82
42
71
 7
49
62
79
94
 3
96
52
53
51
 2
42
37
63
21
93
15
71
83
 9
58
53
29
 2
88
26
14
15
96
27
76
63
93
78
91
 1
11
51
14
53
97
 3
15
 2
26
93
39
97
67
90
71
64
53
37
32
65
72
90
19
16
10
41
78
96
 4
82
53
59
16
43
78
75
69
93
60
17
86
85
43
32
65
59
58
94
 5
92
84
87
57
99
26
 4
87
72
89
33
31
58
24
 5
35
75
72
54
44
64
93
98
69
64
31
76
49
30
54
43
64
46
77
68
23
98
74
31
54
27
66
69
63
20
48
70
39
 6
98
53
98
62
43
36
69
16
24
42
56
67
43
37
26
88
26
42
40
41
79
31
80
67
93
33
86
83
46
74
49
52
82
75
 6
46
 6
 9
32
83
66
76
22
45
78
84
33
63
63
77
84
90
24
23
82
18
71
89
81
77
 8
21
33
88
70
55
33
85
54
78
47
69
20
60
73
45
88
82
75
77
48
76
18
20
68
13
25
62
28
38
28
38
96
95
 1
52
29
63
47
56
31
90
51
39
71
12
40
60
71
 9
90
95
60
75
 9
11
39
85
19
43
10
10
 3
15
46
71
14
38
50
 3
12
45
51
74
29
13
31
77
47
92
96
29
60
43
 1
46
17
53
37
16
21
61
85
72
78
61
64
 5
80
98
47
12
84
49
 3
45
13
71
27
46
15
52
 7
90
17
 3
92
93
 1
50
36
58
36
78
48
31
24
45
27
34
52
49
51
63
23
72
43
 2
78
59
13
33
62
60
16
26
36
19
80
57
14
12
80
57
16
17
 7
17
 8
41
85
85
30
63
21
65
79
31
 2
29
53
73
62
92
 4
45
11
51
42
93
31
14
 9
55
86
35
59
54
 1
 3
92
32
63
68
62
71
32
59
 7
49
82
91
 6
76
70
13
52
47
48
71
 7
89
35
70
35
12
42
 3
 9
32
84
94
38
12
50
75
44
66
84
20
50
60
61
45
58
84
55
16
15
13
59
67
46
27
99
70
38
19
 9
56
60
47
36
30
 1
85
16
85
16
99
 2
59
54
 6
79
24
74
77
55
58
98
 3
44
12
27
89
60
91
59
23
18
72
51
59
57
82
38
64
95
59
65
80
26
22
59
40
60
50
67
93
34
30
 8
81
77
59
60
14
69
46
39
82
73
15
65
84
69
61
98
69
99
46
27
79
22
85
 4
23
91
26
94
30
73
57
38
28
 5
48
 4
 2
 6
78
13
63
51
31
38
 2
17
 7
30
33
10
74
84
27
77
65
22
27
34
46
64
42
77
98
88
25
43
 2
62
12
64
72
14
42
98
52
49
46
66
98
77
95
78
61
65
10
 2
 7
45
32
22
80
27
48
74
48
52
71
79
28
91
62
67
40
73
 2
36
95
23
13
 6
45
84
 8
30
 6
46
77
26
94
 2
28
62
89
85
22
15
35
17
69
77
18
86
29
56
32
16
40
54
61
33
58
44
93
88
27
63
90
49
36
 1
43
19
14
31
14
85
97
67
21
73
34
69
47
94
52
93
32
67
58
17
34
 1
95
15
23
23
23
46
87
43
53
 4
 5
15
98
77
82
19
71
24
 4
 3
88
60
78
10
27
67
58
47
69
59
82
93
98
70
48
23
74
20
46
45
56
30
64
13
 1
23
 7
29
94
 2
14
86
65
26
57
70
 9
82
62
72
98
87
62
24
 2
84
17
17
68
96
 7
18
28
98
42
27
45
61
82
 2
81
35
19
 3
 7
14
11
64
14
69
33
58
76
82
10
53
96
57
12
30
 1
59
89
71
15
48
90
68
70
56
88
70
 4
83
17
25
64
47
54
24
17
79
89
15
43
93
48
88
36
 7
53
84
79
66
99
62
22
43
 2
49
24
46
91
18
92
26
43
24
98
16
85
29
49
86
88
52
50
44
84
85
30
74
88
 4
20
45
28
95
12
66
93
74
58
38
39
71
41
65
66
70
81
86
87
 8
 7
84
21
73
59
29
 8
45
49
23
 8
 1
46
96
51
21
 6
24
27
49
40
13
66
 6
96
25
90
28
90
92
27
35
41
89
10
81
39
14
97
16
25
37
28
90
92
90
26
35
89
44
92
70
42
23
87
42
70
51
53
58
17
42
55
30
65
43
14
73
67
37
11
92
46
23
 7
82
 4
73
97
84
 3
76
15
40
50
94
 9
51
31
12
27
22
56
18
 7
61
49
 4
27
47
34
10
91
18
60
11
32
85
31
59
92
58
48
90
56
47
54
20
14
46
 8
94
16
71
20
67
 5
45
26
53
76
93
34
14
69
80
78
50
28
 3
39
35
24
97
84
83
11
86
60
71
75
91
89
13
63
62
21
17
50
40
83
97
24
 4
77
 3
58
16
65
13
52
36
97
63
88
83
32
68
 7
43
77
86
47
94
22
99
43
43
89
60
35
57
73
62
65
60
79
 3
55
 7
49
93
96
82
90
71
67
51
72
81
 8
 4
26
76
70
13
11
10
66
60
59
66
30
51
 4
95
31
50
65
11
41
83
17
 8
88
37
 6
65
25
78
41
83
13
48
39
26
67
47
23
21
74
57
76
73
93
24
42
68
88
51
71
97
82
22
13
95
89
91
45
19
11
89
37
55
52
56
54
90
47
50
85
30
47
73
96
91
68
24
16
70
35
40
40
 4
30
45
43
14
93
35
17
79
62
59
19
98
94
 2
23
98
 3
18
80
60
97
46
81
 6
79
48
15
18
 4
92
28
43
19
23
69
47
33
51
40
66
93
 5
 2
39
39
59
 2
48
11
91
52
53
72
10
 7
68
39
39
82
45
65
77
95
 1
68
72
20
96
70
25
43
69
11
94
61
23
23
94
58
10
34
65
 7
73
52
93
52
 9
42
86
26
10
20
62
18
35
82
59
76
89
 4
33
63
51
99
40
37
19
15
76
72
27
16
74
 5
 7
54
27
13
23
66
27
11
90
 5
12
76
72
48
93
79
71
66
54
47
47
31
 3
20
18
18
65
29
16
89
 4
69
61
27
33
91
82
76
44
62
89
91
86
61
15
39
32
32
14
27
58
51
62
64
87
64
29
72
22
24
62
68
84
82
69
56
34
94
30
23
67
62
30
87
46
73
35
11
79
95
 6
86
17
40
76
36
51
86
90
49
 4
63
26
50
93
84
80
60
49
45
77
33
75
54
56
30
45
24
78
 6
88
90
61
79
95
90
37
72
91
57
56
57
62
61
35
20
57
74
69
92
90
72
15
30
91
42
36
94
33
33
61
48
56
98
15
79
60
86
68
84
57
10
 3
38
49
42
92
45
45
14
33
41
72
17
96
11
87
88
56
90
61
27
71
49
28
56
23
88
68
21
64
63
42
36
32
65
12
41
76
76
79
22
86
28
 4
24
53
63
79
14
31
60
74
46
69
 4
95
65
64
48
79
96
89
87
89
86
64
52
92
98
28
53
23
76
73
10
88
53
86
56
34
98
88
81
15
37
85
88
98
81
40
31
46
28
81
20
84
72
43
42
33
68
67
92
88
16
50
76
31
71
71
45
61
83
86
65
23
57
27
66
24
24
72
43
21
34
50
 7
65
62
35
14
72
13
85
 4
36
37
 4
53
31
56
51
68
20
68
99
59
32
74
67
87
 1
68
 5
30
50
49
76
77
12
87
25
80
44
 2
42
74
71
96
38
99
83
91
43
49
17
13
26
44
78
61
56
81
13
52
 5
67
80
12
15
51
52
35
25
92
78
15
72
77
46
11
80
11
81
74
39
94
 2
33
86
34
90
 7
11
65
83
71
57
65
52
72
88
24
63
54
62
29
 6
45
80
72
63
53
78
14
18
 9
97
97
76
 8
22
77
95
 1
24
38
87
79
75
71
 4
89
95
81
68
51
93
 8
51
88
46
 3
66
62
 5
72
75
 9
51
35
85
74
97
61
17
51
58
88
45
91
88
62
71
34
 5
93
35
92
90
80
35
54
17
93
50
28
50
82
41
96
 6
66
21
30
96
99
76
70
51
81
23
82
52
55
85
81
56
12
80
 7
51
30
78
62
13
59
56
 7
31
76
94
 8
39
36
24
30
29
48
88
78
 7
72
35
83
41
97
79
22
63
73
69
77
93
80
95
38
29
92
71
10
83
18
14
82
97
75
80
88
23
92
70
11
 6
 2
42
88
52
71
74
50
 9
98
 9
49
57
80
 2
17
30
77
29
11
65
11
73
72
 3
95
24
81
30
54
33
 7
99
87
52
49
 5
95
97
73
52
96
57
28
 7
23
 4
48
52
74
11
41
55
85
45
39
46
99
35
42
23
88
83
19
 9
40
19
76
40
21
65
 7
18
56
19
75
23
29
10
85
 5
35
45
89
58
15
94
52
92
65
41
63
96
85
27
 5
30
48
45
42
22
35
95
75
10
51
44
15
14
54
23
94
67
91
 6
 9
95
98
89
91
76
61
16
98
68
71
65
35
29
89
77
74
33
56
 3
14
97
43
29
30
 8
93
42
48
92
62
16
 9
15
77
92
46
 9
39
79
61
76
 1
96
89
44
23
13
63
82
41
95
65
24
72
19
62
53
71
67
32
 7
50
43
57
82
22
60
15
66
35
 1
20
81
70
19
55
84
91
92
59
96
77
83
84
 7
70
 7
13
21
47
89
37
 2
40
 4
82
88
38
49
 5
 3
67
94
 8
67
 8
22
31
35
26
 6
68
28
89
68
32
33
47
29
41
 6
16
 2
65
50
 4
59
74
44
67
13
34
40
43
22
14
37
73
96
23
46
39
87
60
49
37
53
80
62
99
71
67
22
 8
90
30
89
95
20
77
83
85
98
28
75
49
92
86
18
63
27
47
47
28
22
60
51
10
34
11
26
 8
63
73
 9
84
41
52
31
57
40
 1
59
 1
55
23
73
59
59
38
56
 9
98
30
33
73
36
53
53
35
 9
13
26
39
88
93
24
47
35
61
60
11
25
10
52
58
26
65
76
30
28
35
23
74
91
 7
75
43
10
88
91
74
65
89
39
43
68
29
48
23
51
98
32
65
23
29
59
35
48
 9
92
 6
44
 5
11
61
79
22
14
86
64
69
28
24
94
47
12
53
77
36
83
83
63
11
73
14
32
42
99
44
61
16
 6
12
 6
33
32
 1
40
29
63
39
69
60
41
12
81
 6
61
87
34
31
55
26
45
59
83
32
94
96
18
34
98
62
72
57
55
69
23
62
42
91
 9
21
42
84
37
 4
 8
92
80
50
 5
91
11
87
64
10
34
83
 2
92
79
84
90
31
16
40
83
18
42
48
51
80
 7
34
48
25
40
97
53
46
31
28
 4
51
19
38
87
40
67
12
90
95
68
12
65
13
38
37
25
45
67
95
35
80
86
68
97
26
99
27
93
13
47
92
89
 7
68
81
76
38
98
50
45
27
94
66
46
10
 7
14
63
74
99
74
52
82
48
94
48
87
81
59
 2
48
35
98
69
10
72
54
92
99
16
11
97
66
87
32
55
33
65
17
30
88
64
91
63
85
65
70
 4
73
79
95
48
19
74
89
97
77
63
33
92
29
76
92
26
57
99
29
11
 2
28
80
 2
33
 4
88
21
 1
83
37
16
 2
 5
72
98
99
14
86
75
81
99
21
28
42
11
80
53
99
 4
10
28
46
80
20
 3
11
86
36
77
48
17
19
82
52
93
59
17
74
75
 2
50
53
58
62
50
62
22
42
53
52
97
61
19
 6
80
39
 5
81
 1
46
82
56
56
28
50
68
 3
63
63
38
53
27
15
85
38
33
 6
23
85
28
42
35
96
 7
92
30
58
22
24
67
57
60
80
62
59
57
11
44
10
21
96
92
13
40
12
29
60
41
38
68
43
76
88
26
42
 2
54
74
16
38
27
51
89
56
15
17
59
85
 2
40
14
 8
69
50
91
 5
29
93
70
33
90
50
18
 7
 3
63
94
38
 7
 8
25
44
23
72
50
45
25
73
61
75
10
73
41
31
33
33
99
66
 2
50
32
88
98
30
97
25
45
44
38
40
49
 5
34
76
73
29
15
75
46
98
40
76
68
22
33
33
36
73
19
57
11
28
33
20
97
78
44
21
20
24
76
67
79
54
57
59
81
81
84
26
12
71
44
17
56
21
56
90
21
12
 1
91
85
16
80
74
19
76
90
68
82
22
38
16
88
49
85
 1
99
47
77
12
53
74
91
17
98
66
98
15
32
95
70
69
 4
61
10
36
91
14
43
25
32
10
70
10
67
94
78
91
28
 5
35
83
94
 3
75
73
71
12
71
51
 8
86
26
74
84
71
69
21
40
90
79
36
15
24
46
15
 5
 4
70
10
11
89
23
24
61
59
57
74
94
74
 4
80
82
53
36
76
