200
25
50
61
76
10
50
47
37
62
26
75
84
 1
29
47
19
87
18
88
89
 8
73
 5
 6
42
16
 3
78
91
55
42
24
84
34
78
53
90
96
59
41
86
49
29
45
 6
29
87
42
 2
70
 6
53
68
74
 1
40
34
50
75
26
95
77
50
29
85
25
76
78
43
75
58
70
98
 9
68
54
27
89
10
15
78
 5
68
11
51
80
39
64
10
70
71
51
14
 8
90
78
57
12
65
 3
96
62
72
99
51
20
24
 7
57
 9
 5
43
70
38
96
76
89
77
39
94
96
72
79
68
85
96
85
67
75
43
75
 5
81
51
11
88
46
59
44
31
87
88
31
22
76
48
33
 2
 9
62
91
32
67
12
 9
21
52
 4
34
84
61
24
60
 5
22
38
50
77
29
59
96
87
 4
45
24
25
42
73
40
68
33
37
60
61
43
 4
91
88
46
94
 4
94
87
23
92
51
41
34
39
94
