1000
44
 2
13
14
 1
51
88
61
49
61
94
47
11
55
44
74
68
70
37
91
81
41
59
27
91
42
50
94
61
91
94
 2
74
85
84
62
55
 2
18
54
98
20
 5
42
89
 5
15
61
21
14
53
39
49
38
 1
 4
18
78
96
75
11
46
 9
95
 9
81
61
77
67
14
69
43
66
 9
55
15
34
58
81
48
26
62
84
60
39
32
56
40
62
90
39
 2
11
80
73
56
78
63
93
81
45
31
95
49
62
81
66
83
65
22
98
39
37
18
91
42
63
65
65
99
 4
 8
59
 7
35
56
81
81
65
65
54
30
98
 2
20
78
39
48
78
99
 6
 9
95
25
61
46
61
10
28
95
33
29
72
22
59
62
50
43
98
54
95
82
39
12
32
88
34
24
98
80
53
50
69
47
72
80
48
69
97
19
37
86
43
64
42
84
62
69
22
21
60
40
44
64
66
52
47
58
 8
61
90
 7
76
54
71
69
 2
66
95
69
29
61
87
13
45
23
35
 5
15
66
12
80
73
91
32
24
71
11
42
92
77
48
 8
17
55
68
21
21
25
25
46
89
 6
63
82
57
66
 5
20
50
83
25
80
18
19
44
25
35
17
78
13
77
54
29
94
61
18
80
26
52
61
82
92
29
97
86
10
14
 1
99
12
51
59
51
81
42
47
18
41
25
85
83
52
12
20
35
39
46
16
15
91
29
95
54
73
50
 1
22
64
85
17
75
72
94
51
87
67
69
83
17
40
87
81
88
50
 3
28
77
75
41
20
28
19
20
87
35
74
71
28
 2
33
81
55
89
13
28
96
 9
89
27
22
31
30
69
31
90
90
66
 6
53
88
72
24
14
 4
 9
70
 7
24
72
17
88
98
24
28
81
87
57
46
23
92
50
30
32
67
80
81
19
59
28
49
46
 8
24
46
99
42
84
45
34
 5
92
28
79
45
45
17
73
 1
50
79
75
21
85
46
79
54
90
 3
38
35
24
29
21
 8
44
22
44
26
48
87
66
41
30
40
 9
50
82
78
74
 1
31
95
44
15
86
82
14
38
25
88
48
93
96
86
29
14
37
14
45
44
 9
45
40
 4
40
58
40
88
86
41
78
85
83
14
40
10
17
22
61
17
72
51
83
11
 3
34
 4
95
68
 1
31
80
85
36
70
15
42
 6
77
33
16
 2
61
99
54
77
13
40
52
19
33
33
78
27
12
56
 2
58
66
70
59
88
67
19
 5
51
64
40
10
30
54
51
36
35
85
32
44
51
43
37
72
99
24
76
49
72
36
95
70
16
20
 2
95
 1
50
38
 6
53
 6
90
81
97
40
11
28
80
95
20
18
22
46
29
71
62
15
81
50
67
91
96
88
35
52
98
18
86
16
15
34
76
66
28
49
 2
41
74
76
55
24
49
96
96
72
38
50
78
67
35
 6
13
51
18
48
18
35
22
29
15
31
20
47
27
 4
60
69
52
92
98
77
46
83
48
62
 8
 6
88
20
90
31
64
99
33
20
19
48
37
26
74
91
76
94
25
10
83
58
39
55
83
69
45
37
10
72
97
56
 4
66
97
 1
12
38
49
76
72
38
53
 2
36
66
 8
24
83
46
95
97
96
54
66
78
53
78
63
69
79
76
22
78
61
 7
78
22
28
 7
12
37
96
79
74
26
32
81
21
 7
71
54
97
94
87
 1
88
73
37
61
 5
99
55
61
91
88
76
15
45
24
97
36
24
44
96
53
29
51
13
81
58
80
97
24
88
93
50
91
 2
30
35
92
17
60
12
80
27
 7
64
12
 7
53
50
13
 4
20
80
 3
65
15
39
61
13
43
40
93
27
99
49
 4
46
 1
69
85
42
94
97
70
91
10
66
55
67
69
87
 9
16
44
83
 6
24
64
44
97
22
53
98
39
67
24
24
 2
 9
95
83
82
24
55
28
51
97
36
44
36
30
38
83
74
70
58
56
73
44
58
30
54
73
27
96
68
60
88
83
29
27
85
43
63
98
 5
93
29
 8
83
79
79
95
37
81
53
28
61
79
52
62
60
72
80
98
43
78
21
53
24
 9
19
81
96
34
41
 2
12
57
92
25
 9
78
42
59
51
 3
64
93
11
48
22
13
49
20
 6
77
38
 9
75
91
71
52
85
 1
21
67
64
63
59
51
16
 4
28
69
23
15
76
32
19
18
28
82
99
25
 8
93
48
37
 6
76
44
18
81
40
31
62
 5
71
15
12
34
82
57
42
15
97
46
51
18
33
 7
 1
87
26
34
24
32
82
 7
49
 2
91
69
69
13
68
36
85
57
 2
 8
74
39
27
60
88
 6
38
75
57
87
37
 4
88
29
42
 7
35
25
51
67
