1500
78
35
81
60
31
65
62
95
90
92
72
70
91
61
69
95
20
40
52
 6
10
33
10
58
60
92
86
82
56
91
35
50
55
96
 2
45
59
86
39
89
23
68
52
27
10
49
88
84
59
69
92
54
66
 3
20
93
40
20
31
78
45
89
55
37
93
56
70
56
90
44
67
36
81
21
38
53
45
99
72
 1
46
85
 4
 2
95
42
76
38
60
20
81
86
19
83
31
18
61
93
23
62
97
91
64
59
68
19
97
26
44
46
 8
64
89
23
56
10
93
33
 5
84
20
67
89
21
98
84
 9
33
18
98
67
14
 4
43
68
17
82
42
67
 6
 4
74
 1
29
 4
26
93
21
 5
18
55
58
17
45
81
85
55
60
55
52
23
68
83
47
73
67
39
 3
17
78
59
34
65
37
80
85
95
46
32
63
20
96
98
20
44
46
50
68
 1
41
61
82
32
13
23
82
24
97
60
45
66
27
55
43
18
39
95
56
66
47
60
49
77
31
30
64
94
72
66
39
 1
13
36
66
97
45
10
24
17
22
35
 5
21
91
 8
44
98
49
20
 2
20
 1
35
74
62
40
63
20
55
37
70
51
63
24
15
75
69
95
38
59
59
91
92
77
64
91
46
35
87
94
49
11
54
88
90
20
 8
 3
36
50
 9
60
71
47
43
81
52
23
94
98
76
63
 7
14
77
96
81
52
63
97
16
61
95
12
61
99
28
52
90
59
 8
53
40
71
55
49
45
51
26
50
15
99
63
93
62
59
61
24
51
 7
33
97
60
94
99
66
36
35
24
22
38
 6
58
61
25
13
76
66
19
57
32
36
71
53
10
90
75
53
36
60
52
 2
94
85
43
 1
22
69
65
 5
24
60
21
 1
91
40
39
32
63
90
60
84
94
95
 1
24
99
83
41
84
15
39
54
89
62
96
36
44
42
50
36
26
47
88
60
61
32
92
56
85
15
98
13
79
56
72
38
85
85
79
 2
98
35
29
33
35
20
50
53
46
64
74
28
28
83
10
22
62
26
53
43
46
 1
55
69
42
78
49
12
19
95
76
47
 3
51
33
52
10
27
51
62
92
16
41
22
47
98
 8
18
41
41
90
67
87
65
 4
64
39
49
43
52
18
29
51
16
60
45
86
77
96
11
85
71
25
41
80
93
32
23
57
10
91
69
10
90
96
24
73
83
89
78
 1
80
82
54
70
89
97
17
62
69
84
72
27
40
45
12
61
17
37
66
14
 5
66
23
49
73
71
62
80
58
75
93
12
20
26
15
80
99
96
90
65
88
77
83
31
70
15
18
86
60
29
 5
18
54
81
34
81
71
16
41
24
65
40
49
91
89
66
25
15
22
 2
10
34
86
83
91
41
16
55
71
89
90
82
88
92
61
10
59
14
39
45
87
87
30
81
17
93
 4
34
70
89
81
16
42
45
17
24
10
80
75
44
 9
44
72
81
41
49
72
82
77
87
26
83
 6
37
25
60
94
 7
74
69
 8
 8
49
 2
77
 8
27
25
29
60
91
24
86
52
65
20
54
80
82
91
87
78
78
66
72
26
68
95
98
52
10
19
69
53
43
78
25
62
65
28
 8
74
59
91
82
56
26
 3
94
64
33
88
11
97
43
32
29
91
25
66
67
86
16
42
54
96
27
30
17
88
71
78
80
 2
16
 6
97
27
10
38
99
62
11
84
91
90
57
36
97
54
 9
10
65
 2
96
 5
38
92
14
93
 8
98
86
33
49
 5
46
82
54
72
67
52
79
22
51
48
93
34
61
40
66
17
77
23
73
21
49
83
66
79
61
71
75
36
44
60
88
33
85
 2
95
36
46
73
15
74
37
10
 7
44
89
16
96
72
38
62
97
 5
72
64
54
82
73
21
16
84
80
34
50
16
12
98
89
95
91
45
59
35
96
57
37
65
72
41
23
93
42
44
63
47
58
43
91
 8
 6
60
50
57
25
40
50
70
51
66
23
59
45
15
36
 3
 6
40
18
82
39
 8
51
38
91
45
23
76
95
25
40
46
53
67
20
 5
 2
73
81
97
78
63
 6
75
47
43
45
62
87
63
99
12
16
14
57
49
32
98
44
55
73
23
32
74
66
79
90
10
37
38
 6
81
12
 3
70
22
29
96
53
82
10
94
59
 4
22
70
92
54
57
98
21
80
75
60
73
55
34
93
45
90
52
45
61
91
21
58
69
15
26
56
 2
16
90
61
91
44
78
92
75
65
 8
98
67
82
81
70
39
32
98
65
91
 1
62
20
53
82
17
63
78
 1
66
 8
 4
99
91
47
17
51
 3
 8
 2
77
71
13
20
30
70
94
78
35
46
10
60
26
82
92
60
91
62
10
95
64
77
49
42
56
23
99
73
80
 4
54
35
69
81
12
37
21
15
85
12
77
 9
 2
 3
87
24
 6
35
40
63
51
39
22
79
86
74
90
43
21
26
21
94
77
12
 9
20
28
98
89
86
 4
31
57
67
73
90
42
96
 9
98
38
76
96
51
26
95
35
29
92
54
74
55
92
79
33
42
42
15
52
 7
 6
55
19
 1
57
50
21
21
79
 3
63
45
73
 3
19
92
62
39
19
 6
40
 9
83
69
56
64
85
 5
 6
40
36
85
72
84
11
58
46
30
94
 8
23
45
39
44
24
88
46
51
50
27
73
74
88
 2
31
96
 2
45
 9
53
14
17
86
81
28
37
70
 9
73
29
 9
92
32
22
13
30
48
32
69
32
47
66
43
83
83
79
59
84
54
24
86
12
70
17
74
61
44
72
93
34
73
15
32
34
 1
31
74
16
90
73
36
63
39
66
78
44
53
32
68
 7
75
91
12
75
62
53
28
14
26
45
89
84
70
 1
98
16
55
62
21
82
80
 2
55
96
52
31
45
46
 8
99
20
56
60
40
88
15
61
89
37
51
16
 8
74
84
65
50
94
41
57
 6
59
83
31
53
93
 4
45
61
12
49
46
64
32
47
36
57
26
67
18
34
45
 7
88
12
76
28
48
71
74
38
 4
48
 8
47
38
11
80
78
 7
55
62
82
48
60
86
17
68
27
46
45
77
42
61
36
53
 1
29
84
91
18
44
53
25
72
89
67
85
 3
99
37
66
 8
85
52
80
65
20
25
52
32
79
33
61
18
50
16
54
19
80
91
55
93
71
57
86
58
41
17
38
 7
97
19
85
10
83
31
89
 5
30
54
23
49
65
86
77
13
40
44
70
 8
82
60
78
48
85
41
88
82
 6
36
48
46
79
81
57
49
63
67
15
53
76
 4
44
55
54
32
20
21
12
44
13
 4
 2
74
88
75
73
20
63
19
39
39
47
90
 9
 9
14
13
45
79
70
28
73
 1
20
22
 5
69
63
85
11
55
30
38
 9
88
96
21
80
29
79
39
 3
10
58
56
11
 3
18
83
56
58
61
95
98
91
83
18
81
68
73
 1
43
44
 3
45
88
29
97
70
14
25
38
 9
70
 6
83
 9
68
89
69
40
34
65
73
70
87
44
 5
 8
66
74
91
