500
23
75
79
 8
62
31
21
49
71
23
55
48
 3
68
17
62
29
68
38
87
53
79
75
94
97
 7
51
46
14
 8
29
21
25
82
 8
54
78
94
73
22
81
60
96
99
15
60
92
93
20
30
58
 6
12
38
79
 2
37
61
42
55
32
34
35
61
99
81
59
39
40
33
66
68
79
 2
14
54
23
41
62
59
64
69
24
32
98
56
59
13
58
71
41
10
13
91
98
81
71
62
38
33
15
20
65
70
93
41
 1
 2
34
71
21
50
63
58
 2
50
34
60
17
 5
15
60
54
64
58
43
99
17
16
74
67
38
67
30
 6
97
97
33
77
67
47
20
34
42
66
28
74
82
27
81
22
34
 3
11
 9
12
71
64
90
84
56
28
91
92
60
55
93
97
13
85
79
11
62
66
41
92
66
64
50
83
91
66
20
47
67
65
55
78
46
39
97
85
59
92
80
67
53
93
12
 9
 6
72
69
22
76
98
52
47
 8
19
55
42
32
67
26
68
99
25
65
25
78
60
14
 8
41
96
22
70
 1
52
10
50
92
25
29
32
80
16
48
36
78
99
42
81
55
45
28
12
38
49
31
43
58
29
10
22
64
27
28
43
55
50
11
27
35
33
62
99
64
22
83
70
14
74
81
60
61
74
84
75
66
59
69
65
73
59
24
82
39
32
32
58
67
11
12
27
39
45
94
23
14
35
85
48
96
67
70
70
47
33
27
38
18
33
16
54
 9
69
68
30
21
18
89
27
83
73
79
25
63
71
77
33
13
82
50
52
58
68
22
40
 9
15
61
66
71
10
32
 8
47
91
27
87
12
50
76
93
45
81
52
77
 8
79
77
93
40
96
48
47
73
22
75
28
37
19
58
 9
52
86
95
57
64
65
56
63
62
56
92
34
94
88
42
27
24
97
87
 4
72
23
21
84
65
32
90
32
23
54
67
 2
31
24
12
69
37
40
81
53
69
18
58
63
66
61
31
97
 5
13
23
99
85
16
81
98
 5
64
49
79
48
38
 7
61
31
35
 5
45
38
72
 5
29
77
82
17
28
97
72
75
 4
94
70
16
46
47
38
14
10
 9
41
54
37
97
 1
68
92
16
98
21
21
36
34
93
56
74
50
32
 9
16
 3
 1
38
83
78
28
49
28
63
78
21
40
47
33
 2
