300
70
38
42
62
 4
24
 4
64
85
69
63
39
94
43
10
62
33
25
24
88
89
20
16
76
74
14
30
16
97
63
87
29
79
 8
21
18
82
 6
62
16
41
92
44
49
77
58
73
32
88
37
27
20
86
10
59
43
77
15
28
35
70
60
63
90
76
51
75
62
24
93
18
33
31
19
 6
56
46
82
18
31
31
62
70
92
81
40
82
62
45
65
46
68
60
 2
 1
77
57
51
26
23
34
45
67
96
88
23
96
92
79
52
10
36
 6
43
 6
22
 2
 1
95
80
 6
49
20
93
23
 4
26
85
16
 4
59
 3
65
81
33
22
44
88
35
75
 3
61
40
60
52
27
59
 9
23
37
29
81
91
53
52
66
58
43
90
42
41
15
38
97
16
77
54
59
23
13
13
 5
91
67
13
45
11
75
26
36
69
58
37
80
27
78
23
29
11
51
63
 9
22
98
92
82
32
72
96
89
49
96
93
65
64
84
64
75
15
55
76
73
10
32
91
29
31
33
79
11
76
26
38
83
41
76
29
17
 7
61
44
34
44
56
14
26
88
84
47
61
99
46
50
73
59
82
90
13
27
34
45
22
94
17
29
99
80
82
26
47
78
 2
 7
42
25
13
78
42
78
 3
36
53
92
34
61
72
83
95
53
50
28
10
11
58
52
41
71
20
16
59
28
 2
37
 7
12
 4
 6
97
67
50
