800
77
83
98
23
 4
58
61
23
76
97
46
47
 1
21
26
29
84
22
36
67
48
60
71
97
68
78
33
86
 9
51
71
19
46
27
32
21
60
14
99
49
86
56
63
55
92
26
 1
42
98
25
96
60
83
78
17
27
 7
33
17
32
77
58
28
16
17
26
 6
71
35
88
64
59
64
42
98
 3
82
77
11
29
55
 1
35
33
43
40
97
44
90
21
88
42
55
21
83
32
81
79
98
13
84
83
19
32
51
 8
73
 1
16
20
 2
27
20
28
90
43
29
 4
16
20
84
24
81
95
83
85
70
48
81
46
12
20
65
13
 2
31
36
63
30
95
31
 3
90
56
 7
45
23
80
46
36
46
 8
 1
80
50
 7
 4
 9
90
25
99
43
68
 1
26
98
22
 1
54
78
35
63
67
88
68
23
71
48
18
70
93
14
33
49
96
92
71
17
48
57
23
10
70
47
10
96
15
72
61
72
85
82
75
20
61
50
95
17
23
94
79
73
67
24
94
62
78
18
40
12
53
 7
12
36
72
94
 4
84
78
71
71
63
61
64
60
12
42
65
10
11
15
98
34
82
61
58
18
60
97
75
78
 3
47
42
79
19
34
82
39
76
56
50
79
71
56
72
20
21
38
26
12
64
45
38
33
25
65
26
65
32
54
42
29
41
58
59
17
59
26
64
24
17
87
65
81
81
91
13
 8
65
74
30
79
19
60
47
44
64
65
38
70
54
92
53
54
10
 8
60
86
43
70
55
90
87
 9
86
47
62
38
53
98
94
73
87
65
 3
55
19
61
98
46
19
38
87
 9
 9
40
28
19
59
24
37
33
28
93
99
51
91
16
66
13
20
88
95
56
15
87
27
70
 8
98
58
87
 1
42
77
38
63
94
47
 8
79
36
96
28
17
 7
 4
44
68
 1
31
77
97
96
85
37
41
42
88
92
26
94
10
69
27
35
54
70
33
47
54
88
51
 4
59
16
14
29
83
14
13
86
78
42
31
61
20
28
 1
90
66
56
46
 5
52
64
48
34
30
39
89
48
70
73
16
75
48
 7
71
78
53
83
32
29
14
65
26
47
89
40
42
71
25
43
 1
10
21
44
25
32
 5
22
69
70
52
70
27
73
70
53
99
96
69
71
40
56
29
48
46
37
12
78
19
93
13
79
78
13
84
76
28
94
58
49
64
10
88
83
42
95
16
56
71
47
13
96
64
69
96
43
11
37
50
47
96
37
65
42
31
37
47
29
38
57
61
92
30
84
 5
15
32
 5
61
64
15
14
 9
70
38
38
77
47
 8
75
91
47
49
54
98
51
69
29
44
59
42
27
62
75
74
30
59
62
74
42
64
73
20
 3
 8
 5
 5
10
14
 6
75
 1
63
74
60
69
16
77
60
56
50
31
40
84
98
63
70
10
45
24
59
16
72
26
36
44
 3
 8
17
97
35
 9
16
86
26
24
23
79
 3
34
34
 6
70
95
40
80
88
72
51
 5
90
89
82
10
13
 9
70
88
16
79
39
88
52
95
88
24
74
85
40
52
31
85
77
91
45
 8
57
39
38
64
 5
21
55
51
51
77
98
60
91
 7
 4
26
40
44
63
49
15
30
37
48
22
26
54
38
38
47
52
18
21
55
37
45
79
82
38
92
83
43
27
62
26
93
60
43
 5
94
48
 4
74
41
78
95
90
14
15
52
24
27
96
71
64
96
56
73
87
39
67
97
 4
 7
80
43
59
66
13
24
21
44
72
37
 5
16
95
10
76
 1
34
27
98
 8
27
11
33
 3
53
50
95
59
11
47
46
36
24
81
37
61
21
62
88
65
86
75
 3
37
21
68
19
41
21
14
88
88
19
76
84
83
72
24
31
36
66
16
57
72
 9
