5000
46
56
58
63
57
81
48
90
 7
41
10
 9
72
 4
56
67
71
64
54
83
74
 8
 8
99
96
72
63
48
24
39
30
86
57
12
36
84
66
99
40
35
38
 9
74
39
94
24
77
79
86
75
65
99
10
15
20
23
73
54
35
17
63
 8
88
32
23
 3
 2
55
93
72
38
56
45
18
 8
97
40
51
34
93
45
91
45
63
55
41
30
85
28
10
62
83
98
 8
 5
60
84
83
69
 6
21
32
18
 2
68
23
16
36
26
10
38
64
62
47
67
23
39
74
49
25
24
25
65
71
47
63
69
65
28
66
77
 2
26
20
31
97
95
40
30
42
68
31
63
30
98
32
30
61
89
11
65
64
71
44
83
32
17
15
50
29
90
24
82
42
81
87
94
61
58
43
98
36
76
56
64
14
62
 1
52
94
26
58
32
 8
26
70
77
54
22
 8
82
15
50
88
63
63
60
96
 3
88
38
66
95
73
60
36
62
21
 7
63
75
75
71
30
78
46
92
69
33
61
67
96
74
72
37
48
25
33
32
18
19
63
61
 4
18
46
24
31
51
44
35
91
63
90
40
51
 5
54
22
64
56
10
56
46
 9
35
24
56
89
55
59
30
79
52
 3
 7
80
76
69
10
98
57
94
14
97
60
48
57
82
91
13
36
74
92
88
30
36
21
36
22
 4
66
 5
23
91
 6
83
88
23
24
94
52
43
22
79
21
88
39
 4
91
56
 3
 7
27
38
34
63
34
80
30
38
15
35
40
28
93
36
60
69
20
 6
81
96
46
93
80
34
61
63
16
14
 7
41
13
96
37
17
96
71
49
39
52
48
61
71
81
84
51
64
36
78
31
11
77
66
88
34
63
46
42
71
15
85
67
25
37
20
29
 7
72
 7
78
80
55
26
50
26
33
26
12
98
38
70
15
43
72
94
88
16
83
51
33
87
92
18
42
65
70
63
22
20
91
55
34
42
96
84
30
33
68
 4
 4
37
54
53
18
29
63
66
61
67
37
32
60
 4
43
 8
15
96
93
56
93
96
19
 2
35
39
16
77
 6
44
97
62
59
44
58
83
50
17
81
64
31
85
 8
20
 8
37
93
52
73
22
73
80
84
94
50
29
15
52
35
 9
45
39
65
46
29
59
 8
63
80
75
90
71
35
39
59
87
24
25
 4
42
21
13
58
59
93
93
19
14
10
38
63
27
71
17
48
94
63
95
44
41
37
97
90
60
17
70
44
61
14
28
69
64
65
20
84
65
74
97
90
32
73
25
95
30
70
96
59
45
28
34
93
13
 5
96
16
 8
31
92
96
11
40
27
20
 7
25
60
67
19
48
33
67
57
60
10
 5
62
86
23
47
32
95
30
68
21
32
10
34
83
39
91
36
54
28
27
21
51
28
25
13
87
87
43
83
56
40
67
57
12
23
58
91
83
50
10
62
57
25
91
48
53
16
23
67
52
60
51
69
75
13
75
 7
80
30
97
10
96
90
37
94
18
43
90
10
31
82
72
54
55
46
23
93
84
43
17
76
19
78
48
99
57
25
48
20
61
68
87
50
40
97
36
50
65
68
27
51
96
94
87
10
 2
23
 6
43
36
11
73
37
 9
86
88
79
68
22
48
10
37
60
26
41
45
57
51
36
82
79
98
98
 3
98
98
75
25
38
62
 2
67
20
66
 6
30
45
61
 9
78
67
54
17
58
17
44
58
72
75
39
53
50
20
57
74
66
13
19
85
 2
36
38
 9
33
81
40
24
31
72
80
24
55
39
17
64
28
11
99
 7
70
66
33
83
91
87
76
30
 3
67
35
56
58
18
99
40
84
15
10
16
12
52
80
96
62
20
56
63
93
76
70
30
92
55
33
96
79
44
53
52
25
 4
 3
87
62
45
36
 5
69
48
65
93
18
22
18
32
58
 3
67
 7
49
 5
54
 2
84
74
14
43
32
 8
 3
64
42
66
55
67
36
43
57
44
36
20
66
50
40
80
72
66
 2
92
17
71
37
46
76
33
91
67
24
60
15
57
67
23
58
16
91
65
40
87
95
36
25
78
44
64
18
86
42
77
48
99
40
21
43
12
77
70
53
86
78
68
40
30
 6
18
76
18
86
33
88
23
 6
94
76
80
 5
98
37
56
52
70
46
48
49
 2
 4
73
23
90
 9
93
68
73
67
24
 3
76
97
51
84
15
39
47
65
63
25
92
22
 1
30
69
45
88
45
66
23
43
 2
56
 1
 9
92
60
56
64
 2
94
64
54
17
97
 4
28
96
18
70
23
 6
88
44
 5
76
59
87
 8
89
98
16
63
64
51
21
71
33
66
74
15
98
60
16
49
28
57
33
84
15
55
42
89
48
57
90
23
 4
24
67
41
21
92
53
60
68
 6
12
62
63
99
30
83
55
93
 7
87
20
32
33
74
90
37
23
14
77
88
54
59
84
16
93
31
77
 7
31
18
34
30
28
95
 7
63
98
14
20
30
 9
32
80
36
37
74
71
99
75
76
19
91
97
97
38
51
99
60
95
12
19
 7
34
85
44
24
83
62
30
33
86
65
14
79
95
93
50
46
50
39
85
98
94
75
55
 7
31
 5
37
42
 6
85
56
77
83
 4
56
34
15
18
47
51
92
50
35
63
42
35
48
32
66
12
60
31
18
63
35
40
80
 8
82
24
40
15
58
68
44
66
82
42
16
55
41
65
30
 1
10
47
99
 8
79
63
 7
32
29
60
 6
89
16
36
45
54
35
90
22
96
 6
 1
27
21
63
 5
 1
12
77
56
31
85
98
32
43
57
65
55
 4
76
44
 9
69
93
48
18
33
94
11
58
76
37
58
81
90
68
62
10
77
31
92
87
74
40
78
51
43
48
98
 5
38
76
78
32
18
27
55
91
96
41
51
79
21
53
43
 1
35
76
62
79
52
72
95
 8
91
53
53
76
68
50
40
92
38
29
27
20
53
49
30
48
42
63
21
39
73
67
59
32
15
66
68
71
31
99
67
50
56
75
46
 9
83
42
30
87
77
82
 5
95
79
30
42
64
13
93
 4
59
48
15
80
36
25
19
11
78
10
85
59
35
89
16
 2
86
52
14
74
42
76
51
54
20
93
48
28
98
 8
19
 8
93
54
41
48
55
11
78
37
24
89
15
96
61
61
45
90
80
30
63
52
90
 4
 8
32
84
93
91
96
95
66
90
60
32
99
96
80
18
64
45
19
70
64
79
74
18
85
90
99
 1
74
97
16
52
72
81
23
18
69
59
33
84
78
14
11
97
88
46
63
36
22
78
51
12
22
82
62
73
26
41
42
82
40
36
89
33
46
61
30
80
13
57
88
78
80
58
33
48
22
60
57
 7
69
99
48
77
53
35
98
85
91
42
50
 7
72
 4
67
21
33
99
81
70
 8
 2
90
74
54
49
22
76
97
22
92
12
39
87
46
30
40
60
97
92
37
 3
79
77
21
35
17
89
87
 3
24
16
39
19
36
54
30
75
91
11
11
18
73
16
10
80
 6
67
66
85
40
19
68
86
 6
44
28
78
78
96
12
41
28
84
86
45
95
84
82
81
81
 9
53
52
73
68
 7
77
 8
23
 9
53
82
71
31
21
30
81
33
86
62
83
56
42
84
75
25
23
10
15
38
71
50
69
12
32
41
 3
 3
35
54
62
44
10
52
45
27
88
70
 2
73
25
50
77
15
91
 9
21
30
 5
91
81
64
11
81
19
74
76
95
39
17
70
70
87
43
17
49
16
95
36
72
54
83
63
97
88
32
37
35
89
72
58
27
 3
79
22
76
25
22
14
26
79
16
58
 3
32
76
40
45
45
30
64
99
20
94
89
33
11
96
83
21
83
18
53
73
83
48
90
63
85
33
82
96
12
13
36
19
67
 8
57
80
79
65
39
38
13
32
92
52
27
47
97
47
41
33
71
59
11
79
56
86
32
84
27
39
 8
67
97
12
95
 1
56
72
49
88
79
95
85
22
75
28
97
64
 3
14
34
77
 6
85
57
31
23
17
32
49
 6
62
22
86
98
89
58
17
32
 8
68
28
69
 3
22
85
48
 1
72
80
83
44
64
10
55
25
79
10
52
45
88
97
82
44
95
25
51
89
24
10
90
44
35
63
49
12
38
41
30
84
84
71
82
83
75
84
32
23
19
65
64
84
37
95
34
34
55
81
29
66
 5
36
46
13
34
20
19
96
91
 4
52
66
48
62
 2
97
40
54
54
94
 1
95
37
70
47
 7
44
53
 7
 6
62
96
38
43
23
15
34
67
37
52
68
84
54
 4
67
24
 6
76
68
66
51
28
36
47
13
57
26
91
 6
97
47
90
47
83
 2
79
55
27
84
27
25
97
89
93
83
27
28
73
14
32
 2
68
60
84
17
11
89
26
10
 8
23
32
52
77
31
45
 6
87
85
93
24
61
60
71
12
36
97
37
98
76
 9
92
19
 1
32
96
26
28
25
76
74
 9
 8
92
82
56
27
27
95
11
67
33
71
85
82
35
26
15
65
 8
35
45
29
17
31
 4
19
67
22
80
37
30
28
46
81
90
88
59
 4
92
50
85
59
34
34
57
85
71
59
29
60
84
74
35
74
78
85
15
90
72
54
 4
 3
33
11
68
77
 6
99
70
89
31
81
47
35
62
 2
82
28
87
69
75
71
83
41
55
 5
76
63
65
23
60
55
76
57
49
 2
18
34
93
31
18
74
50
38
25
75
47
46
17
26
 9
49
46
92
95
42
55
37
31
77
85
98
50
39
26
97
68
10
39
 1
76
82
76
 6
80
 3
49
67
95
27
57
54
84
29
34
29
80
70
36
51
82
77
 2
15
34
 9
25
78
98
83
69
40
53
37
70
91
77
91
46
14
86
86
50
48
84
69
23
92
72
 2
42
81
97
49
39
72
74
48
92
15
73
98
44
18
91
66
68
98
12
55
36
21
66
53
90
 1
 3
71
97
 9
75
96
66
27
58
 8
18
88
 7
27
97
79
45
73
96
13
34
20
85
52
83
79
38
 6
59
38
20
66
53
61
39
11
64
 1
50
42
75
10
55
83
39
96
53
 6
89
53
54
13
90
37
87
38
10
85
69
97
56
36
24
57
72
 9
26
40
91
43
77
42
76
38
64
87
49
98
20
86
 5
24
44
15
47
38
82
 3
29
24
42
34
23
29
37
47
18
13
32
48
74
38
83
 2
13
17
58
46
88
53
 7
73
 9
 1
89
25
60
32
27
48
 7
86
65
58
96
79
41
67
71
 8
28
95
 6
82
50
56
58
99
44
 7
79
68
67
79
43
36
 9
58
58
 5
26
38
25
94
46
27
84
37
63
 7
34
62
82
53
50
60
 2
95
 8
77
27
32
16
34
 3
72
70
17
21
41
39
34
30
97
90
 6
86
 6
69
36
80
17
29
79
61
99
43
37
13
75
77
75
 9
88
67
28
61
83
76
62
37
 7
77
79
36
 8
30
10
89
68
 1
93
12
 8
 4
97
25
25
93
65
 6
 9
 6
50
87
58
68
 6
39
 4
67
27
70
97
15
82
87
11
94
36
50
97
 6
12
27
49
24
88
33
29
79
82
47
63
54
96
60
28
31
17
77
79
71
 2
25
70
70
72
78
 8
55
42
64
86
78
77
41
68
81
59
42
16
54
 5
53
72
 6
42
18
94
38
86
64
21
40
 9
 7
84
28
61
45
58
 4
24
21
39
88
61
18
54
85
49
 4
 6
41
40
83
26
64
48
50
66
42
30
38
93
44
 7
17
13
48
45
73
82
58
10
 8
65
74
19
64
53
70
35
68
24
35
74
48
73
56
12
45
58
69
43
79
27
79
89
53
36
62
 6
94
61
54
62
11
86
49
89
39
72
90
26
80
 7
 4
83
 2
24
28
61
83
97
18
 8
19
 5
61
80
 9
45
75
 9
87
32
52
82
11
34
95
96
44
77
25
64
85
99
84
24
46
44
51
64
46
19
57
90
32
73
28
43
78
41
60
 2
77
92
32
99
86
46
70
49
29
93
69
30
23
56
90
37
31
64
18
20
10
67
29
43
43
39
38
72
49
32
64
23
38
99
94
82
13
74
98
40
90
 7
47
37
28
41
 4
48
52
70
41
60
48
94
47
97
23
66
75
97
 6
37
 7
85
88
72
68
30
62
74
81
46
71
59
 2
29
38
28
79
71
53
 9
56
55
31
66
94
76
85
77
42
83
31
82
78
97
93
84
96
77
 4
17
90
29
64
56
94
88
79
 1
44
99
24
85
23
 6
28
54
30
81
97
56
64
29
 4
 9
41
44
68
73
50
96
 2
77
67
35
 6
58
13
34
83
49
95
13
98
66
18
50
 2
40
83
 2
69
45
88
67
 2
62
30
95
71
32
19
89
21
43
28
93
78
90
66
12
73
76
 5
74
63
74
43
58
13
15
54
 9
58
47
84
63
94
97
52
10
11
17
14
96
21
 9
58
20
16
33
84
10
71
92
14
32
46
95
22
37
22
80
15
59
69
22
44
22
56
81
82
27
40
41
69
88
57
82
17
12
93
26
18
45
92
19
37
20
27
70
99
26
80
47
12
95
53
90
78
77
50
87
75
70
58
75
41
73
84
77
36
54
39
71
43
70
55
83
60
55
28
 4
43
99
44
34
59
43
 9
33
24
 2
41
 2
51
52
16
55
 9
93
51
19
16
15
22
29
55
74
71
27
42
37
21
58
40
66
57
69
47
10
80
90
37
97
88
18
 2
62
 5
69
70
25
 6
40
33
44
63
17
70
79
47
97
12
52
23
53
 3
69
69
91
35
92
61
59
95
 7
51
38
95
81
67
71
47
76
91
82
31
80
25
14
29
41
91
51
69
70
99
71
62
86
22
49
55
68
91
 1
 1
 2
83
75
68
71
91
72
85
92
51
98
30
43
24
57
92
51
 5
58
91
48
61
52
73
30
52
97
12
 2
53
29
75
88
35
50
31
77
13
39
46
56
20
52
19
39
14
46
44
33
87
92
20
23
68
94
13
45
99
 5
79
39
81
22
61
12
54
96
63
31
12
 4
20
75
33
14
60
57
 7
35
89
48
35
41
75
16
25
59
78
13
94
45
 8
12
55
17
27
49
85
53
20
48
19
52
13
 1
24
61
87
71
51
41
53
89
43
98
45
39
82
61
90
48
67
 5
16
37
 3
10
59
 9
72
69
25
29
10
35
59
15
19
88
 5
39
49
39
88
85
98
70
90
80
42
82
89
 2
47
79
94
15
94
54
69
38
50
 7
75
56
 6
59
 9
35
43
90
91
 4
47
64
62
99
90
70
44
17
48
57
41
55
55
70
 8
31
52
64
87
16
57
32
40
 1
76
90
39
10
21
79
95
93
38
11
69
28
 2
22
12
11
93
83
29
28
12
91
90
53
44
16
68
58
25
24
60
13
38
56
45
25
69
71
39
19
63
31
23
 2
14
57
69
 8
19
16
63
72
37
66
49
36
80
41
86
12
81
70
48
31
54
40
44
 1
 5
93
15
75
10
40
61
87
 5
20
65
35
10
69
70
75
43
27
63
18
26
32
39
60
55
67
87
77
36
89
78
92
40
83
87
45
11
 8
41
84
47
59
19
 8
 1
20
 4
59
41
14
84
21
86
41
46
22
67
22
36
57
38
 7
10
86
85
86
93
90
50
66
42
29
14
38
26
23
72
 2
35
77
41
78
35
52
17
79
49
47
37
48
22
61
64
55
22
 8
46
58
42
60
53
 9
67
88
72
27
46
64
49
 6
59
21
45
80
 8
 3
18
17
10
22
81
73
44
63
67
60
21
11
27
63
14
89
96
83
40
65
88
 4
19
99
 9
86
95
14
58
89
72
47
39
86
14
68
16
32
74
25
44
 3
34
89
27
77
61
96
99
99
 8
99
24
58
50
78
70
57
80
16
76
84
65
46
74
74
66
39
49
64
57
86
39
24
11
70
44
81
 8
81
34
28
36
62
37
90
20
38
 2
86
74
19
96
53
96
45
67
31
98
25
87
27
 9
78
43
25
25
11
72
71
51
32
14
96
15
59
84
 5
81
96
18
 7
61
52
12
94
49
71
 6
64
59
49
38
80
16
12
93
68
67
 7
 1
48
58
18
 2
92
56
32
20
22
56
59
80
 8
45
75
 9
14
76
39
26
41
21
70
99
97
39
83
75
71
54
88
21
22
68
95
 7
63
92
54
88
65
40
17
97
40
51
87
77
30
 5
43
10
88
78
80
70
59
 9
75
23
15
23
18
15
15
95
 6
83
16
80
38
41
74
 1
41
26
12
29
17
97
65
31
68
87
94
46
 5
47
56
27
51
13
38
33
94
63
59
21
69
37
18
96
26
19
91
78
88
65
89
47
29
51
58
26
79
37
 4
65
 7
18
88
70
62
72
37
63
49
47
92
 1
95
18
90
38
95
63
71
81
 2
67
 5
98
23
14
51
30
27
78
20
91
79
74
65
85
42
71
70
20
49
39
65
64
78
21
22
28
61
10
79
95
 9
27
43
96
35
60
98
58
46
84
 9
11
55
 1
 4
91
 9
32
55
25
94
13
35
 8
95
89
56
 8
68
92
88
72
18
85
49
75
29
60
63
92
56
70
94
24
96
78
35
79
65
20
66
26
21
37
70
 6
 7
16
94
41
99
43
82
42
25
36
31
96
12
82
20
92
62
 3
59
56
 2
89
94
12
 1
46
41
90
98
78
48
97
58
37
 3
17
70
86
51
 1
12
11
52
35
18
89
48
87
49
89
45
56
 6
 7
30
21
84
73
72
10
32
98
56
 2
82
36
99
40
31
52
98
19
38
96
39
94
18
44
40
77
92
90
56
93
74
 5
97
15
73
 8
16
96
57
57
88
 3
90
45
70
44
64
57
33
40
55
24
75
97
20
 4
96
36
47
 8
52
58
10
52
63
72
 7
 2
85
83
50
12
53
59
82
42
53
79
91
21
78
77
94
69
 3
87
61
22
28
 7
55
95
54
63
48
17
99
43
13
58
53
27
17
15
62
 4
43
51
50
20
64
59
60
17
73
55
24
35
19
53
53
 6
41
51
42
44
60
63
93
47
96
23
52
 5
97
18
42
36
40
44
21
61
72
83
21
18
92
53
 4
26
98
44
 2
22
17
19
54
56
49
49
39
81
54
92
73
18
69
65
26
32
24
41
82
21
36
 3
 7
 8
39
83
60
70
47
42
12
16
74
91
92
80
57
34
36
10
63
 6
68
84
43
 4
55
38
32
 6
16
40
12
23
76
89
81
 8
77
 4
39
87
31
19
93
 9
12
15
56
71
 1
70
84
51
47
51
63
73
83
71
84
53
58
77
91
46
97
36
75
40
92
77
87
21
16
37
39
55
32
83
53
12
53
71
65
64
80
84
 9
12
73
22
88
39
 6
19
98
72
45
94
58
37
 8
69
39
79
33
43
55
64
29
30
91
 4
25
95
38
28
97
66
92
53
93
53
33
71
16
68
94
97
 6
79
55
 5
80
78
72
93
58
86
75
15
39
21
49
92
55
96
17
69
86
11
62
30
27
96
90
 3
 5
52
71
15
75
82
72
95
29
22
 6
95
77
86
16
34
56
42
36
18
95
97
 2
64
95
46
 1
70
60
58
20
34
49
21
59
16
58
63
 2
 8
32
43
85
12
82
36
77
94
39
 7
96
20
 7
96
77
38
33
26
24
98
96
16
65
11
80
43
21
85
69
54
21
88
26
 6
97
65
81
96
45
17
99
43
12
35
54
63
11
56
63
25
84
38
41
19
52
27
94
15
51
 8
30
62
89
31
 8
96
59
76
84
 4
87
68
13
 8
96
92
18
37
56
38
16
40
66
 8
14
88
93
23
46
47
83
64
74
60
53
73
32
21
22
64
14
64
57
63
12
73
99
24
85
30
51
44
73
88
89
23
41
17
84
86
46
77
81
33
45
 2
40
 4
15
11
74
42
 5
58
93
61
87
40
 2
54
52
29
16
86
82
13
 8
96
60
70
 6
52
67
66
48
87
92
 3
66
53
31
16
36
20
95
36
21
69
93
25
21
 8
26
87
57
21
46
72
10
39
17
84
21
 1
42
90
16
 1
77
57
28
 4
16
 8
64
 8
38
21
43
45
41
70
11
 3
22
36
66
52
28
52
18
55
66
68
78
59
60
53
55
38
71
30
 9
83
59
84
49
10
92
 6
52
87
99
40
56
57
64
73
18
30
53
60
89
49
73
 3
14
 4
73
79
67
67
54
57
75
65
16
61
13
28
28
59
24
46
99
16
77
82
89
71
69
52
 2
22
18
22
14
40
44
55
89
15
92
50
13
44
79
70
98
76
17
61
24
18
19
15
32
 7
30
91
39
73
65
63
17
87
26
69
69
 5
70
83
80
26
 2
44
47
72
56
67
77
91
52
 5
68
93
80
37
44
41
 3
90
66
98
34
54
98
29
76
87
33
92
80
 3
72
 2
99
 6
65
93
26
69
83
88
47
50
58
66
38
 1
44
68
19
83
35
30
88
64
 8
39
63
65
 8
71
44
77
53
56
30
86
83
32
93
38
 8
72
64
87
 3
91
 4
43
99
63
37
71
16
30
23
76
65
34
16
90
 5
80
18
14
73
20
65
37
29
82
47
84
98
68
98
 5
15
95
75
45
39
17
49
53
90
28
20
25
49
50
96
50
47
34
40
69
35
48
17
 4
37
12
60
61
67
25
81
82
23
75
35
36
47
48
82
22
50
29
44
87
99
48
 4
23
61
14
36
47
 6
21
28
30
53
58
90
71
78
15
78
 2
62
 1
49
95
69
92
97
71
94
 6
47
88
12
 6
70
88
91
76
12
98
12
35
77
55
33
35
80
64
63
25
87
39
75
13
68
43
11
12
90
88
31
 8
61
 4
46
29
62
23
83
48
62
18
38
11
77
17
39
23
56
35
 8
71
43
68
17
25
26
51
38
85
90
59
80
53
 7
49
18
41
81
96
97
28
64
49
27
90
74
48
45
78
27
29
57
91
15
60
52
22
43
35
72
20
62
66
71
32
84
92
 3
88
61
79
 2
88
78
84
83
41
51
81
35
28
89
33
19
40
 3
82
51
62
24
61
97
38
 3
87
39
 6
83
48
39
40
73
38
71
72
52
60
69
47
23
42
99
67
23
84
57
97
45
98
95
73
54
39
58
90
48
99
32
11
73
73
18
85
20
34
95
93
15
60
 9
17
39
56
41
70
90
67
97
67
14
70
79
58
 7
26
53
43
63
77
 7
54
12
77
95
39
42
27
70
40
80
17
82
81
84
44
70
78
41
13
23
68
13
54
 2
87
41
26
44
87
51
87
27
12
39
14
85
32
 9
73
99
69
48
 7
29
91
79
26
 8
 5
 7
95
76
48
81
 9
72
 8
95
93
54
38
47
99
70
34
79
82
61
21
31
29
98
14
 2
55
52
23
76
14
83
36
 6
41
62
72
97
82
13
33
96
23
61
29
22
74
19
45
42
30
54
85
49
40
92
74
10
33
10
69
62
23
35
30
38
22
42
32
67
26
49
52
54
62
 6
18
80
75
66
35
21
52
56
22
38
57
13
25
22
61
22
49
58
59
12
17
88
53
35
36
34
84
22
28
63
 3
86
81
61
56
18
73
93
90
19
56
 9
23
 5
14
77
 4
66
 3
24
31
71
96
30
 2
26
17
76
98
77
89
 1
81
60
20
39
74
84
95
23
33
52
29
 7
78
21
56
95
74
81
90
48
39
81
45
15
