2000
56
15
54
51
75
28
56
86
98
42
27
15
32
82
33
84
34
81
87
75
81
33
84
22
61
53
 1
53
46
81
98
30
80
70
 7
24
11
25
25
52
95
24
31
90
24
68
24
83
95
24
85
86
69
75
11
40
39
70
54
22
50
65
83
74
15
61
62
60
35
33
46
25
90
37
41
42
 9
17
98
 5
55
68
75
39
99
 5
47
19
44
74
34
40
 8
70
68
37
50
85
 1
97
 5
52
81
84
28
34
80
79
30
70
 6
83
82
93
94
86
77
76
98
29
42
47
73
88
60
43
83
94
27
 2
23
11
72
98
72
90
95
24
89
48
30
82
63
43
86
36
 6
22
 6
58
37
24
43
28
25
77
49
42
35
13
30
26
50
 8
90
91
26
91
28
77
35
26
45
16
58
86
28
93
91
71
82
26
 8
44
 8
19
67
53
 7
32
97
36
92
38
27
30
 9
63
24
16
 6
24
 4
26
12
39
56
 5
12
24
57
93
 7
68
28
10
39
75
97
97
69
89
19
98
92
71
19
55
67
54
21
82
59
52
 7
97
58
34
88
70
91
41
29
80
69
77
87
33
90
19
35
23
66
 1
19
15
58
23
17
93
12
14
39
89
64
11
72
22
17
89
60
44
68
23
58
62
61
58
46
 2
60
24
22
80
23
57
89
86
63
49
25
90
79
 3
77
21
43
 5
53
16
11
 6
51
67
87
 3
14
 1
70
27
39
93
94
30
23
55
64
66
93
97
28
62
80
27
 7
88
 6
46
64
 3
26
30
61
90
 8
66
44
74
87
95
78
 6
68
70
88
33
24
62
12
39
65
19
16
37
35
17
24
50
62
16
44
31
85
50
89
63
54
53
75
91
96
74
68
27
12
76
78
89
29
57
80
98
14
 3
45
 6
63
 9
61
73
61
70
48
74
52
97
10
50
80
25
72
67
75
 5
16
34
18
40
53
13
71
24
86
77
17
87
74
62
63
84
46
57
85
30
82
78
65
22
36
87
54
60
67
73
83
87
98
76
 8
77
45
80
 1
87
40
16
26
96
12
58
54
63
97
 6
94
99
 8
47
85
16
76
21
11
25
43
43
98
57
83
17
72
85
34
23
90
99
51
66
62
35
13
 5
77
95
40
36
14
72
25
44
98
 1
39
 8
57
67
26
65
25
79
42
26
76
45
49
35
36
51
23
87
23
95
77
72
95
68
87
73
43
20
86
91
11
34
27
12
78
21
90
91
86
62
38
81
55
26
63
70
53
69
57
49
72
53
55
90
92
 2
55
52
56
 3
89
73
49
 6
38
 9
23
 3
60
31
29
41
34
73
19
78
98
40
81
10
52
31
50
67
39
50
76
49
51
14
94
65
78
30
63
45
72
78
16
17
 3
53
19
88
88
 2
45
39
20
16
81
66
 6
20
65
82
74
98
75
 2
83
14
77
34
45
64
25
10
25
17
55
47
34
86
46
 9
57
70
85
26
45
29
35
68
 9
14
 1
28
48
45
40
83
58
14
89
22
26
34
28
93
83
26
 8
67
15
20
22
45
93
 1
65
45
35
67
46
76
51
22
11
17
95
56
43
49
74
86
90
25
 7
61
87
29
36
16
12
31
56
97
80
72
46
16
78
85
96
84
43
85
18
57
20
46
 2
60
77
96
30
11
13
26
20
26
39
76
69
11
82
77
15
29
76
99
61
55
91
19
87
86
71
27
92
49
28
97
93
42
61
46
22
80
59
88
44
64
44
36
63
38
 1
31
90
79
87
70
82
60
46
 4
 8
43
 4
67
57
29
 3
37
49
48
30
63
38
93
 5
63
 6
75
82
38
96
39
24
 2
37
73
12
64
50
88
51
82
 9
79
30
 5
85
44
85
17
91
83
45
43
71
58
96
84
74
17
56
50
45
61
77
79
49
97
69
92
 1
 3
89
82
84
86
65
73
53
46
90
70
89
12
86
14
 5
95
53
70
73
 7
92
73
81
66
62
43
71
92
 4
 4
67
77
17
11
77
 8
45
41
30
99
 5
16
63
58
61
40
21
34
64
23
67
19
36
42
72
20
49
54
91
66
79
76
82
93
59
65
79
50
25
10
83
78
81
59
72
 5
91
22
97
 9
94
30
67
89
54
27
85
98
80
58
50
78
83
31
73
45
17
26
26
79
85
18
78
62
52
87
33
95
27
90
15
67
76
65
37
15
39
32
83
91
72
84
31
52
23
13
63
32
57
54
 1
20
29
35
75
43
18
73
97
30
35
14
41
67
18
82
81
46
 3
94
26
93
11
50
63
70
29
10
76
66
25
 1
34
55
77
68
34
23
50
73
74
70
 8
94
49
73
95
21
53
 1
79
89
68
10
54
52
27
71
52
39
27
67
33
96
 4
27
76
57
 8
11
94
29
12
39
57
67
 4
59
62
10
56
49
23
22
66
55
34
73
46
57
68
54
32
67
68
59
32
41
91
75
47
27
66
65
11
15
19
 4
69
12
37
53
34
25
14
34
68
54
51
83
92
87
72
43
 5
 2
87
89
90
58
14
33
 4
99
54
92
16
36
50
 8
 7
22
14
48
85
20
50
 4
22
41
81
34
85
81
80
29
53
21
21
74
98
98
52
71
21
66
20
 6
19
 4
29
20
72
96
60
71
48
83
54
38
70
58
71
59
89
18
36
66
82
83
71
82
20
45
39
69
43
77
94
82
58
73
55
13
21
44
13
84
12
28
68
83
56
57
38
84
16
33
95
47
94
54
 9
70
66
36
28
38
 8
86
81
86
20
65
52
93
 4
88
80
35
11
23
59
19
16
99
70
11
27
26
46
96
90
12
83
73
95
73
98
25
52
61
56
65
38
54
63
 7
68
61
46
55
28
97
14
58
85
57
32
30
27
53
91
73
66
41
10
18
13
15
45
10
10
79
68
50
89
78
56
27
59
 2
61
57
91
40
41
48
93
12
55
15
70
29
58
71
14
36
76
10
72
77
90
 8
10
23
36
56
 4
32
16
67
19
61
51
43
76
99
70
72
72
50
47
26
54
30
95
20
25
 5
45
42
71
40
74
68
78
88
51
86
52
71
55
71
85
97
15
97
 7
82
57
47
45
74
83
 3
27
91
74
81
86
58
50
91
56
40
63
74
41
78
78
24
55
 9
 4
20
93
81
18
87
51
55
73
22
33
91
14
75
83
 6
88
53
81
22
94
17
20
74
40
46
16
 8
50
40
79
21
17
28
76
89
 4
66
26
45
18
82
56
19
61
53
61
29
51
64
91
27
55
65
 3
97
13
34
24
98
76
86
40
38
68
42
63
 9
83
71
93
37
 9
50
31
86
17
34
51
71
97
84
93
17
81
64
90
26
11
25
76
82
33
 2
97
55
56
47
80
37
42
25
65
75
84
78
70
28
45
95
85
 7
88
10
61
42
92
30
17
33
87
43
85
99
74
 9
59
22
 1
60
50
80
35
32
97
66
10
54
83
91
84
 5
44
66
 3
78
67
64
81
57
61
53
13
40
59
 3
20
14
79
52
41
32
91
55
91
83
94
71
66
 2
76
31
42
10
57
39
42
57
80
53
12
33
53
80
84
 8
 3
51
66
 8
60
15
43
49
22
84
12
54
 6
14
62
77
51
12
 1
44
98
79
31
49
64
89
21
20
65
65
17
71
18
15
79
67
50
40
87
33
56
 6
67
 4
29
77
24
74
12
 9
10
25
91
94
16
93
82
60
15
72
18
24
50
88
 3
71
98
52
43
18
84
37
 4
58
 2
74
10
 3
 2
17
52
 5
95
55
 3
54
63
61
91
65
75
26
79
23
47
52
54
12
33
 5
82
97
61
51
70
98
31
95
38
91
65
66
68
92
54
21
48
86
62
59
49
14
52
98
66
97
84
91
63
31
63
56
57
85
67
98
63
89
42
79
53
 4
11
16
50
75
54
93
90
79
27
28
 9
20
69
97
37
34
72
66
20
36
47
20
 1
51
77
39
80
99
96
21
39
60
53
95
85
64
33
28
40
79
87
43
16
12
22
 9
 3
85
34
73
11
44
 7
90
98
21
84
62
22
13
23
 2
29
40
28
70
59
80
 5
62
51
94
 1
13
21
26
79
 8
17
59
18
45
19
82
43
52
80
79
 5
95
82
20
26
88
 1
80
94
36
52
55
52
23
28
91
42
82
64
 6
78
50
82
24
94
45
23
83
23
70
21
74
74
 3
52
19
79
30
79
80
36
25
44
26
32
17
19
92
13
30
88
 8
32
79
50
 5
56
71
 2
93
88
94
44
11
56
75
21
20
32
60
39
98
52
 6
 8
44
69
38
22
85
32
68
30
94
21
23
12
92
16
61
27
65
53
62
20
52
31
46
73
43
 3
98
97
49
69
75
19
67
65
62
81
13
43
44
21
41
99
88
16
33
 9
78
70
63
 5
90
66
23
 1
77
91
15
80
48
22
10
34
73
44
64
90
51
85
77
10
38
94
29
97
73
47
30
93
29
99
60
96
83
46
 5
91
70
57
73
28
94
26
17
15
67
49
12
87
51
74
45
20
67
75
51
11
56
44
51
48
48
78
37
59
29
70
42
53
55
43
64
81
10
69
64
 2
61
96
96
72
92
31
35
79
81
91
 8
12
 1
90
20
75
 8
68
84
93
 1
96
36
52
 1
24
46
46
51
58
 5
 6
94
48
14
32
89
