800
 1
81
71
 4
52
66
92
15
89
71
53
49
17
32
36
23
65
79
26
 8
84
 5
96
11
12
77
18
95
81
70
11
60
80
19
29
14
16
63
19
44
91
48
31
23
69
77
13
60
16
29
78
37
83
21
80
13
61
19
81
75
25
 7
34
12
27
74
87
44
49
77
27
41
62
98
39
48
36
76
56
26
99
30
22
52
34
46
60
75
84
56
97
74
70
67
90
28
86
79
34
13
64
41
85
64
 1
 7
 6
17
16
 2
19
38
39
92
 4
93
97
66
42
51
 4
 2
 8
51
16
34
20
67
54
22
73
76
71
99
42
58
50
12
80
56
 6
36
24
96
 2
84
88
33
33
83
 7
76
87
24
71
97
55
92
33
73
72
52
35
22
79
 8
10
50
 2
17
34
24
 1
75
69
89
 4
36
70
74
95
 2
 7
70
50
57
71
43
84
42
10
76
30
76
69
75
91
24
77
52
96
81
62
17
90
19
23
87
 7
33
57
61
38
42
64
37
52
88
10
47
89
89
 6
89
62
65
48
95
10
24
 5
62
15
26
77
63
64
80
23
45
22
24
83
66
12
27
73
66
 3
71
17
 8
59
51
45
 9
53
43
66
71
30
85
21
60
92
29
18
28
 6
79
82
 3
 3
16
 4
 1
60
94
 5
31
58
12
38
56
74
51
28
17
32
96
40
31
48
 2
32
12
 7
30
43
 6
97
47
86
84
55
75
96
 8
29
91
94
87
19
78
44
55
17
28
22
79
74
72
 7
37
57
72
11
67
82
25
34
32
16
24
88
97
25
25
58
67
57
68
55
79
35
98
26
 7
62
23
68
48
 5
74
26
82
45
 6
 5
59
94
74
92
72
38
57
15
35
13
52
12
89
80
93
69
34
 2
61
99
42
85
91
82
56
92
68
80
 1
95
22
34
 8
59
93
45
27
35
 8
68
76
61
99
99
24
35
38
92
59
64
12
98
30
55
97
49
25
55
76
73
52
92
46
88
15
45
57
37
31
76
42
18
79
59
71
84
50
50
85
50
51
 9
56
81
74
41
11
24
57
56
83
30
37
15
19
30
69
65
 4
36
55
28
38
 8
92
46
30
55
83
55
27
40
90
74
59
26
11
 5
17
37
40
 6
31
97
88
39
86
93
41
79
27
34
 4
53
82
51
46
 7
98
19
76
71
65
35
39
44
46
36
11
11
 5
88
48
62
21
45
74
36
 6
85
86
93
79
42
13
11
71
35
53
68
57
 5
11
24
11
75
48
47
99
32
80
15
76
52
35
32
17
65
95
78
39
84
46
62
76
95
59
56
 9
20
13
13
48
66
 8
28
84
76
47
63
64
61
60
73
41
71
45
63
35
68
87
30
64
40
45
86
91
48
46
45
12
35
10
63
71
77
20
 1
14
24
54
14
42
89
23
36
19
64
 2
56
58
91
23
57
65
74
91
13
55
79
18
27
 3
82
12
91
87
33
35
53
40
74
70
71
96
 6
77
54
38
18
17
56
27
90
 5
19
36
80
81
36
61
88
49
48
17
38
69
18
14
52
74
94
12
59
83
52
48
20
69
71
38
92
83
55
37
44
72
71
78
26
90
98
59
97
51
54
95
46
20
 5
30
71
95
30
84
79
60
23
77
65
72
31
65
20
80
90
49
53
 1
71
 7
46
80
86
60
49
66
84
92
26
84
66
73
56
88
62
29
 9
57
95
24
95
 3
72
77
 5
69
51
79
38
95
67
40
51
99
37
34
 9
76
76
68
66
68
63
41
86
78
90
17
92
13
25
88
87
 3
32
41
24
 1
66
 6
46
 1
 9
13
24
79
31
10
64
94
66
93
30
61
98
90
67
25
12
39
48
50
20
30
39
55
42
31
23
 5
