200
23
61
88
19
98
55
33
33
56
83
49
28
72
34
96
32
99
99
58
47
29
65
84
53
77
44
74
99
 9
84
29
89
48
36
50
10
95
80
34
 2
98
 7
32
 5
 1
51
19
97
13
74
51
57
29
92
47
45
39
51
84
68
43
28
37
15
45
89
30
87
 3
67
76
74
46
69
44
62
97
19
 9
12
43
17
79
39
71
24
11
94
29
62
11
89
23
33
63
71
92
40
45
79
 8
27
99
 7
 6
19
16
75
16
64
59
62
98
76
70
89
42
74
 4
 1
29
 7
47
55
47
82
37
39
27
66
31
51
96
80
18
39
35
61
 2
55
98
23
40
22
37
63
72
37
24
69
21
44
69
70
11
90
 8
67
64
85
24
11
48
98
48
57
11
92
36
63
81
44
92
38
88
48
57
43
56
50
97
45
35
92
26
99
38
58
98
85
18
60
12
66
76
56
43
99
36
77
