400
42
24
91
62
40
52
90
68
52
93
 5
98
83
19
 7
30
63
10
14
73
13
71
37
71
54
59
89
86
 6
34
 9
11
67
29
41
 6
72
36
70
92
 7
 1
26
39
44
28
46
21
30
87
50
37
53
33
76
36
23
 4
53
40
12
40
49
29
67
73
80
56
61
26
15
83
82
76
46
79
20
27
89
75
74
35
75
47
17
38
54
84
53
35
47
32
 8
55
21
66
59
81
13
77
88
49
13
45
45
96
 9
55
83
84
11
54
84
56
51
85
33
69
95
12
35
59
28
67
61
53
81
28
 6
36
63
67
32
43
29
63
11
96
84
37
99
75
50
 4
 2
13
68
67
30
20
 1
94
 5
40
77
79
36
16
60
 3
21
79
79
60
70
55
96
10
36
70
63
29
30
88
24
52
 8
25
34
44
33
88
39
 1
44
 3
95
41
93
35
57
62
58
15
31
23
75
41
23
41
29
74
57
69
35
20
19
17
36
78
75
98
63
89
53
74
85
31
 6
58
92
11
45
63
25
 2
 9
56
16
66
85
98
44
21
 2
30
72
73
92
96
61
12
48
51
38
40
58
51
 6
69
52
71
86
53
69
47
72
62
25
97
58
 7
34
 5
80
82
50
19
93
65
76
72
11
26
24
55
72
72
37
48
28
20
 3
53
29
82
46
39
97
76
17
18
68
45
90
71
88
91
81
78
49
20
73
14
56
79
99
97
77
23
51
64
24
43
46
14
68
26
62
49
48
82
37
20
 5
77
50
90
59
41
94
82
88
69
57
74
15
93
92
 2
65
43
28
85
13
63
92
96
49
24
80
73
13
80
67
44
25
 5
76
40
36
81
13
44
53
58
74
86
53
46
42
22
39
87
70
84
56
58
74
77
14
24
32
87
33
27
 8
65
84
41
 9
82
 7
24
78
 6
84
38
42
74
