200
59
50
53
21
34
67
16
84
11
46
12
24
40
46
85
95
22
96
89
54
 7
46
45
95
61
93
20
87
57
53
22
87
 2
 8
36
98
62
73
 5
56
92
58
53
94
24
25
86
87
28
29
45
 7
20
70
66
12
92
10
 2
96
59
79
65
98
 7
77
73
24
11
29
12
74
46
26
19
31
19
46
23
88
60
20
13
80
19
85
71
12
71
87
69
17
22
46
40
72
65
65
31
78
11
19
62
34
60
56
62
35
95
82
51
 3
84
51
14
74
81
29
22
81
13
66
90
19
10
28
86
54
14
32
94
77
88
33
53
13
73
13
64
42
17
15
 2
17
10
67
97
22
86
46
53
92
74
40
56
 6
84
15
22
75
36
 2
71
71
69
74
57
77
66
22
29
26
42
35
74
 4
95
67
33
90
 5
94
72
 3
63
60
79
18
 8
 1
32
50
65
56
93
45
74
53
16
74
