300
66
 9
11
39
58
88
65
86
67
72
26
60
 5
95
11
69
13
91
88
52
93
43
 9
17
92
56
59
16
54
43
22
15
 4
16
64
53
56
78
54
31
35
33
33
39
82
68
26
56
39
67
29
34
97
80
54
89
85
12
66
34
96
76
 7
53
12
50
14
58
45
95
57
49
49
65
88
72
 5
79
16
53
46
77
30
52
44
28
54
46
78
18
74
82
46
92
16
83
36
53
 5
92
90
18
13
95
15
30
91
32
35
11
13
35
79
68
23
86
72
42
12
61
23
88
23
23
91
 4
94
51
18
78
56
74
 6
85
82
60
34
93
18
71
85
 1
70
15
74
98
11
 1
70
42
46
41
73
45
19
 2
68
78
 7
36
93
86
57
11
49
93
50
71
 7
32
10
29
15
49
64
39
70
34
69
39
67
 4
 4
29
75
18
45
51
58
48
40
50
97
49
68
91
27
99
20
87
30
31
88
30
28
17
95
87
98
49
48
37
45
63
48
 2
73
48
53
85
89
98
 4
43
64
46
25
89
92
19
19
 1
95
86
40
79
78
21
80
75
89
31
66
 7
30
18
70
69
11
86
71
 5
38
81
28
95
19
67
32
65
45
27
96
40
95
 3
27
71
62
39
64
53
71
72
14
53
92
21
78
78
25
89
93
92
27
 1
66
25
87
13
68
59
32
60
24
69
16
93
82
79
