1500
30
78
29
99
35
99
98
40
 1
11
19
11
31
81
58
 4
 7
38
 6
14
 4
20
73
75
57
52
53
19
94
63
89
13
79
89
16
62
16
20
27
48
10
34
47
62
59
65
31
25
88
50
97
38
66
 1
12
73
35
53
 5
40
 5
39
76
21
12
19
56
41
23
36
46
45
72
30
60
50
99
54
60
57
 5
60
91
69
69
65
64
27
55
94
24
84
48
90
95
48
42
91
51
 3
38
78
46
36
54
74
 7
10
21
18
16
61
47
71
52
89
46
98
57
32
10
82
70
56
94
91
 5
97
35
88
30
42
39
82
88
 6
70
 3
54
10
88
33
41
82
51
47
66
14
23
91
88
65
33
81
22
91
 7
24
32
56
 3
54
37
94
 4
95
 9
26
78
10
92
55
67
86
51
54
 2
11
40
93
25
46
31
94
10
16
81
62
47
78
79
98
 2
90
42
27
 4
73
13
55
86
49
35
82
15
74
34
86
30
40
 6
11
72
72
24
64
69
69
70
73
71
56
17
78
35
58
37
41
10
83
78
32
49
36
14
67
87
 1
47
81
15
80
14
86
84
90
81
10
89
87
34
63
37
66
92
40
56
77
33
73
89
98
57
81
65
41
86
15
39
81
20
21
78
30
39
73
76
30
91
47
94
71
41
10
94
30
21
 7
63
28
67
93
 3
 6
69
13
83
98
30
67
21
41
57
74
95
49
77
59
59
33
12
77
55
82
78
20
93
75
91
90
 1
51
95
 7
14
95
10
19
97
 1
45
 1
79
13
32
92
83
57
47
65
44
43
70
85
90
43
57
36
78
40
63
83
61
44
95
51
78
72
44
79
50
96
52
26
58
40
90
13
 8
31
85
49
34
21
69
43
63
34
10
36
93
73
68
65
84
65
69
 3
50
50
 9
55
28
98
95
86
99
73
49
54
81
11
55
 2
32
34
83
 5
85
95
91
33
75
30
12
 1
54
32
38
68
81
48
15
92
66
75
40
62
39
77
 2
25
63
91
41
46
40
58
58
 8
18
28
76
72
62
79
68
34
 5
23
47
89
21
 1
42
23
47
58
72
66
12
21
 7
12
58
31
44
45
51
78
 9
76
62
87
65
35
86
93
87
99
16
73
60
44
10
45
45
63
 1
33
 2
47
52
84
99
90
21
46
96
90
60
91
27
19
72
95
75
35
78
61
87
12
12
77
68
42
92
34
48
12
 1
49
60
85
84
59
84
19
51
11
44
10
58
 2
70
26
49
28
51
24
65
73
59
73
67
91
79
31
 8
24
49
52
70
15
99
99
37
44
40
39
94
60
57
67
31
21
75
73
36
24
54
82
70
38
66
67
 4
31
25
88
90
86
15
54
78
94
94
40
30
46
16
79
46
89
30
59
62
76
45
23
27
77
72
31
13
64
45
63
86
68
59
29
72
98
88
69
42
16
43
91
84
84
31
50
45
49
77
18
32
97
55
21
60
45
11
22
13
77
 2
15
31
37
59
 4
82
47
80
37
25
65
61
74
14
86
79
49
79
56
34
 9
21
29
57
94
25
43
 1
41
81
 9
16
60
95
30
20
92
47
30
76
77
36
87
91
41
32
87
28
55
83
78
58
31
99
21
68
59
52
44
92
10
34
99
38
23
90
99
60
13
90
52
33
96
32
83
94
83
49
36
11
33
39
52
33
20
43
36
82
12
25
84
59
84
74
 1
90
 9
69
55
24
20
31
31
77
85
17
21
55
20
71
86
38
30
73
65
57
45
17
41
64
36
67
56
95
56
11
72
69
 9
33
68
71
94
86
90
10
18
43
22
79
12
 4
 3
89
82
60
68
56
10
87
18
47
98
56
12
20
47
43
83
39
98
30
69
89
62
68
64
 4
54
 7
67
93
48
43
60
19
 7
22
72
75
50
16
56
42
51
12
63
69
16
71
14
38
39
56
49
82
75
89
96
99
37
50
 1
49
55
88
41
49
 5
29
45
81
39
61
53
27
29
99
83
 6
58
89
50
78
74
54
53
81
24
55
42
18
94
68
21
18
94
34
40
76
64
95
16
66
82
80
17
53
51
37
 2
10
98
90
91
42
31
11
93
35
31
71
60
42
39
97
90
91
60
71
58
69
54
84
71
39
23
24
65
46
23
86
10
88
 2
65
46
81
25
64
35
18
53
38
26
32
68
24
29
86
80
85
 7
67
31
 4
61
34
33
44
24
 1
35
52
55
65
62
99
28
23
52
94
 5
21
85
52
18
22
61
76
15
39
20
64
10
83
35
10
89
 7
25
84
29
82
58
93
48
90
11
74
62
64
92
34
90
62
54
11
28
12
85
37
87
11
74
87
93
99
88
 7
24
34
42
89
26
32
50
13
56
34
13
70
87
75
17
57
36
79
19
 5
57
80
88
31
46
78
79
33
 1
72
 1
44
89
14
60
 1
69
59
54
55
 9
85
67
66
44
98
73
88
48
34
75
22
13
70
 6
29
45
49
98
77
78
29
64
18
70
68
94
51
23
48
96
20
91
60
 9
35
90
46
94
97
90
 5
55
48
15
 3
56
52
 4
45
35
93
87
69
57
71
11
38
90
80
60
53
86
49
51
94
 5
45
86
 2
 4
 1
87
97
21
66
90
67
41
67
97
13
23
48
94
63
39
97
15
89
32
14
65
 1
20
33
93
45
57
66
 5
26
 3
63
21
36
71
54
78
29
50
84
61
22
31
 9
76
54
57
31
44
 9
32
81
29
90
77
 7
83
91
 5
62
29
45
79
95
34
68
40
89
24
20
53
66
90
61
65
37
22
58
43
57
23
 4
42
 8
52
90
21
55
46
34
16
95
50
61
 6
56
29
64
94
43
84
47
 7
21
39
45
62
93
25
61
 8
 9
32
 5
46
14
48
45
 1
 8
65
96
99
21
68
46
41
47
67
15
35
87
25
88
50
97
22
 5
97
34
92
22
52
60
12
64
64
18
35
67
48
43
85
25
93
95
93
46
25
22
68
32
99
86
21
94
11
 2
 9
98
76
13
38
70
61
39
61
55
50
35
42
44
78
83
 7
85
73
71
46
75
80
79
15
52
57
 6
56
87
95
77
36
 3
40
79
86
11
 1
16
43
72
88
78
10
32
96
99
93
65
47
97
55
25
22
63
43
30
15
 6
26
59
98
22
94
18
65
81
70
15
23
11
75
36
 4
54
87
61
86
12
66
77
57
18
58
53
40
66
55
45
 9
41
31
78
98
74
33
66
62
62
35
30
64
87
36
84
52
70
31
36
17
83
 6
53
83
75
 2
90
17
27
 6
98
14
69
85
80
56
24
64
89
76
63
31
74
46
59
63
80
23
29
 8
25
45
25
52
46
35
12
46
45
13
31
15
13
40
40
11
75
19
 4
58
53
84
23
20
38
74
85
55
 5
44
29
94
76
 8
97
 7
35
60
60
54
89
76
11
58
30
27
 1
38
46
19
99
43
46
 2
74
72
82
38
72
66
63
72
67
78
 9
29
 4
25
15
39
