300
33
21
 3
16
54
95
91
11
45
67
89
16
 4
65
99
12
57
26
93
64
13
90
29
18
36
86
77
37
39
29
19
72
53
 3
69
 7
92
59
87
78
58
90
37
20
 4
 5
46
36
22
80
43
16
53
 5
 5
41
81
99
98
81
19
14
63
 7
62
95
96
50
85
39
95
21
92
90
33
23
58
26
 6
51
 6
83
21
47
51
65
92
77
30
80
87
13
77
52
89
73
59
66
53
 8
14
71
85
10
23
15
19
84
60
27
54
 9
36
34
12
87
84
11
51
36
31
54
41
10
52
98
 5
14
94
42
33
81
52
97
98
90
74
65
52
 2
98
18
39
44
81
89
14
 9
29
90
 5
 8
81
 7
80
85
82
20
94
53
64
12
48
 4
76
75
50
 3
16
11
17
 3
60
17
77
74
65
65
56
 7
56
63
54
70
24
80
50
85
 1
86
13
 5
10
21
34
44
57
65
22
63
64
71
14
53
25
53
63
 2
53
40
82
19
36
94
71
85
51
81
13
92
37
82
85
62
22
75
49
 3
58
42
74
75
84
33
70
50
71
63
56
15
56
46
61
16
33
66
97
99
98
69
56
21
21
99
13
 6
38
39
71
19
48
85
35
30
87
36
34
28
77
94
90
84
37
81
85
99
12
62
48
41
51
69
88
22
74
40
63
97
41
39
 4
62
85
88
 4
95
29
84
72
55
