5000
57
35
50
 2
 1
65
70
70
28
19
 1
97
 8
31
86
50
85
93
 5
95
17
12
76
97
76
10
52
94
13
87
11
57
68
30
36
72
99
61
30
59
24
37
29
54
60
85
61
64
42
78
43
39
 2
32
21
53
 1
52
76
52
88
88
 3
51
86
28
49
41
60
 3
64
89
98
 9
27
 2
39
59
89
 6
65
22
31
50
29
92
44
77
15
55
40
30
90
47
17
 4
66
31
65
54
18
56
49
10
84
13
38
82
94
79
51
 4
36
53
57
42
32
65
 8
57
23
74
47
88
15
48
70
35
16
95
84
92
 7
97
32
51
60
85
30
72
67
91
98
77
83
61
31
62
45
29
45
69
79
28
25
22
55
87
50
54
86
41
26
72
55
12
32
30
53
20
89
84
 3
42
60
23
83
95
81
94
93
74
62
71
82
91
24
57
 2
70
20
54
78
45
31
42
92
94
41
46
36
74
26
64
38
90
29
26
59
61
62
54
 5
99
37
 6
81
96
13
56
40
10
12
10
37
45
62
84
40
47
23
85
29
61
71
90
 9
 8
75
55
79
26
48
91
 1
15
17
98
67
39
85
19
56
30
31
82
54
38
 8
19
19
85
13
17
98
55
81
77
46
69
40
63
60
16
35
91
98
37
24
63
81
73
56
74
29
62
52
16
69
78
72
97
48
31
18
94
60
88
28
74
80
65
37
88
65
16
43
76
17
93
52
93
12
12
61
89
38
51
26
43
71
81
89
 8
39
15
16
55
73
55
11
64
38
90
48
50
 4
73
11
98
66
23
65
71
91
25
59
63
55
46
70
73
92
24
 6
70
 6
80
59
23
48
 6
49
62
41
52
32
56
33
89
 2
46
58
68
 1
61
 3
47
29
32
55
10
80
 9
14
37
96
40
55
75
70
 4
36
53
83
25
 9
66
16
96
58
28
97
43
97
86
67
13
73
68
74
63
 4
10
19
29
61
15
57
 9
90
63
43
88
40
66
77
33
60
56
98
45
28
15
 8
45
87
42
44
56
79
38
18
61
66
29
22
 3
 9
11
 4
98
18
12
44
53
 7
75
14
11
 6
56
55
63
40
30
57
45
30
10
85
13
40
65
 7
63
 5
55
96
80
78
37
76
71
32
 2
12
57
34
71
 2
10
58
14
26
92
40
16
97
69
22
72
15
83
25
22
 7
40
79
85
25
99
38
64
33
18
30
18
57
46
62
 2
68
23
25
76
29
61
19
73
98
76
56
24
28
54
50
34
 9
99
44
29
56
78
 2
24
59
66
 5
60
62
48
81
75
64
72
 8
11
50
81
14
63
56
61
24
66
92
95
78
91
23
83
52
 4
15
22
31
 5
56
77
44
35
80
74
27
58
63
14
10
87
51
51
11
 6
82
55
15
10
50
63
17
40
85
64
54
34
96
18
35
59
53
50
36
60
36
26
80
79
57
43
30
87
62
50
41
80
17
20
10
77
12
97
23
86
47
54
95
57
67
42
67
94
95
13
63
59
30
80
72
25
64
85
59
 2
84
44
85
25
19
53
93
98
60
23
 2
97
88
95
19
18
67
49
34
78
55
31
 5
68
29
 9
78
39
21
 2
92
30
95
82
66
37
66
87
44
14
52
46
99
97
 8
67
64
72
 9
83
80
39
25
 4
38
33
77
56
24
28
87
87
19
81
43
99
58
74
64
90
35
71
16
60
16
72
25
80
70
82
72
71
 4
64
16
67
36
 6
86
62
76
55
46
72
20
75
43
15
80
55
39
61
40
30
49
43
91
65
82
84
71
22
14
21
47
99
65
85
70
49
41
44
56
45
 1
22
81
39
88
30
98
53
34
35
26
59
22
56
20
80
45
60
94
75
59
30
 1
52
30
65
 9
38
 1
 6
24
81
74
33
80
11
40
33
27
 7
19
83
62
34
79
45
37
79
 1
22
70
33
 8
76
99
85
89
39
14
53
91
36
92
 7
18
40
95
37
35
96
25
 9
84
10
 9
43
36
39
27
85
54
22
23
98
31
25
29
27
45
82
48
85
17
 5
18
22
97
10
96
73
76
73
98
14
42
51
27
81
78
54
21
81
40
42
73
80
68
23
17
56
20
98
70
37
48
72
 7
87
 7
43
56
86
45
 8
 3
36
28
82
71
54
65
89
97
 6
 7
 5
39
99
36
 4
43
20
59
27
33
17
29
76
 9
26
58
78
39
51
89
21
37
48
94
10
97
76
27
27
82
59
30
61
36
86
18
84
31
19
29
45
90
44
78
46
24
18
83
83
11
52
31
25
52
82
22
74
55
72
66
36
45
 4
 6
98
77
79
75
65
50
18
21
57
90
48
82
88
95
 1
43
65
29
81
66
12
38
30
 9
53
89
76
57
67
 5
57
50
39
68
28
35
34
20
34
41
12
78
68
 3
98
17
75
14
61
52
43
58
59
39
44
77
56
47
30
46
58
28
96
 4
41
19
88
99
58
 5
53
25
80
96
51
71
56
27
96
97
46
36
51
45
31
41
33
70
28
67
87
50
30
27
62
28
92
30
29
43
94
16
12
25
80
84
53
90
24
10
86
15
29
29
24
38
72
82
67
54
47
88
 9
61
86
60
50
 6
22
99
26
11
80
12
11
20
55
78
43
38
49
 1
18
11
50
81
96
15
15
41
77
16
28
45
65
39
18
34
18
43
85
26
65
19
39
98
10
 7
84
12
93
61
62
77
30
52
85
37
 8
33
73
48
50
64
18
69
38
18
98
 3
79
66
79
 2
42
58
78
27
27
 5
85
14
92
79
81
68
17
25
50
36
 7
15
49
79
36
29
98
88
17
 4
87
64
11
23
31
17
60
87
91
97
37
56
 8
13
31
83
 7
44
34
41
85
20
54
57
25
57
39
64
87
28
99
74
26
66
48
86
 2
59
35
42
54
55
81
25
33
31
17
38
22
27
95
31
74
22
19
31
69
50
28
44
35
11
96
78
43
 2
84
48
91
11
89
25
26
94
54
97
80
89
60
77
97
83
76
48
30
75
78
74
35
75
30
66
28
56
26
37
47
13
74
22
31
54
56
14
52
52
12
79
 3
 6
86
10
87
26
 9
69
98
 9
20
 2
61
95
29
48
83
77
13
42
37
85
28
45
83
66
77
57
63
18
69
 2
86
93
26
12
29
18
85
91
67
50
40
96
67
20
70
29
57
91
94
61
91
54
21
76
52
22
 5
74
72
23
 3
15
53
65
20
37
45
65
58
33
51
20
46
16
60
 7
58
74
38
 5
19
30
76
 1
83
94
69
91
 1
58
78
48
43
92
59
28
19
 8
41
24
38
34
 2
38
53
87
30
59
57
64
47
24
40
56
40
51
 5
 3
 6
44
32
73
63
22
85
30
93
85
84
17
11
93
96
61
 5
22
86
10
53
29
87
 8
43
53
23
21
15
83
38
25
64
45
80
55
94
18
81
42
79
44
84
32
27
23
63
95
83
85
79
58
86
12
34
31
17
93
41
77
20
17
92
 5
81
54
35
11
23
57
46
70
78
96
99
91
51
 9
27
46
89
39
76
74
75
54
39
84
93
41
79
49
56
21
36
13
31
34
94
22
83
 6
47
72
81
43
16
 5
29
91
38
40
13
88
31
75
45
46
 2
39
36
90
32
32
12
11
97
37
17
38
65
39
97
79
18
33
18
74
33
55
86
60
 3
28
78
41
 5
47
12
25
83
88
37
31
96
93
56
50
64
89
81
19
67
86
70
42
47
56
47
78
57
96
37
52
91
83
43
94
70
48
68
76
 5
48
26
52
88
76
45
45
85
 3
 2
27
23
58
88
98
86
68
67
44
 4
53
79
49
28
 1
99
48
 8
14
98
34
45
55
67
39
29
89
18
56
65
33
83
 7
72
23
28
 6
42
16
 9
53
99
25
95
79
99
93
75
97
10
44
66
73
41
67
57
71
47
17
98
82
72
55
73
 4
58
19
44
66
84
70
36
85
80
79
51
22
53
 3
30
34
74
14
21
24
91
69
28
29
83
16
96
76
30
70
49
57
35
57
78
30
40
24
50
18
89
60
94
96
92
85
61
44
13
72
99
55
55
59
47
86
85
13
 4
34
23
98
22
 4
67
20
59
91
96
90
82
25
82
79
65
78
83
26
95
15
41
36
16
87
48
64
16
16
14
 7
96
97
97
82
41
76
30
64
95
92
 1
 4
 3
75
21
21
78
79
47
26
99
30
88
96
77
88
45
32
69
86
35
68
38
60
54
86
86
 8
 5
15
84
25
57
23
12
39
76
45
39
67
69
12
72
66
93
18
69
68
84
29
76
65
28
42
72
57
58
97
74
25
83
70
 4
25
33
26
49
78
33
78
37
50
91
31
45
 2
 3
32
63
89
59
46
42
12
78
41
31
72
31
24
55
51
67
 2
18
75
51
16
84
55
82
23
42
88
16
52
86
 8
71
47
16
59
23
94
 5
89
82
54
29
40
53
93
14
11
69
51
74
 8
96
15
23
27
24
51
12
83
 4
65
96
54
66
41
67
29
90
11
35
52
46
39
64
35
67
61
68
19
 7
32
 7
98
11
67
 5
50
69
 6
89
89
75
86
15
 8
60
63
41
 1
35
49
44
54
83
26
20
82
73
99
71
90
11
32
33
71
98
41
 5
75
36
 7
98
 5
11
48
 8
33
40
36
48
23
88
86
70
47
18
19
65
55
30
 6
13
40
21
 7
51
96
23
24
33
52
53
40
49
71
51
 9
82
90
99
52
81
88
43
25
90
75
84
89
51
71
58
95
13
75
85
88
49
93
 2
28
30
26
61
65
35
84
91
44
78
35
39
78
19
40
49
84
15
84
26
85
14
97
34
 9
28
 2
60
76
98
27
19
84
75
38
 6
18
36
83
94
57
67
25
74
53
24
64
18
 8
89
16
94
24
74
45
97
 8
50
21
16
46
50
 7
13
49
79
29
45
97
15
50
74
68
59
 8
24
84
40
96
19
62
92
 7
51
96
40
73
45
74
 4
35
26
41
46
94
84
96
89
34
43
83
19
22
10
25
95
32
22
55
 1
20
81
33
37
90
67
63
97
88
33
16
48
39
77
80
 8
91
91
25
86
87
79
22
80
75
36
89
54
44
 9
16
21
61
93
31
70
 2
25
59
22
42
77
58
77
25
66
51
42
53
54
55
84
18
36
33
15
38
50
52
44
83
31
95
 1
98
 6
85
76
66
12
88
73
37
55
49
21
84
95
17
43
77
47
29
32
53
 9
 8
23
82
 5
22
12
90
52
86
23
53
23
51
69
 9
28
31
91
19
98
62
40
 4
81
 8
85
10
10
11
17
18
 1
 9
89
29
17
31
37
 1
39
61
58
93
13
 1
 3
54
80
33
 6
79
 4
87
32
67
45
31
33
44
38
83
51
30
27
73
85
46
59
32
35
45
70
57
58
37
99
32
61
20
90
18
26
61
23
40
28
55
21
62
26
21
88
58
93
 9
 8
 8
62
47
64
 2
52
52
33
91
60
48
72
62
63
22
82
76
50
51
69
57
95
46
50
49
96
24
76
62
27
68
76
89
59
91
26
37
74
50
23
44
84
34
73
33
63
73
94
76
56
83
15
95
32
14
85
14
59
88
73
46
72
19
74
71
98
87
96
56
17
61
48
73
40
53
 8
 7
52
82
72
52
11
39
92
38
74
30
86
47
12
94
17
85
88
69
52
75
85
90
84
 2
32
 5
24
 8
16
10
39
65
48
58
71
15
62
46
92
83
90
61
25
14
36
70
97
73
63
26
69
96
15
 2
63
35
 7
96
75
47
86
54
89
17
13
 1
56
42
43
79
64
58
83
74
78
49
98
88
71
27
21
88
96
 1
58
68
62
43
59
53
35
63
11
82
44
88
36
14
 2
88
71
60
18
 7
91
32
37
62
52
70
47
84
20
57
12
26
77
87
70
31
46
82
48
98
33
42
42
30
42
92
90
77
49
58
24
96
86
91
99
32
32
84
98
 8
56
26
 4
83
18
99
36
27
56
92
69
70
80
20
84
13
93
32
16
 5
64
88
 9
19
74
 9
73
10
57
44
55
79
53
88
70
55
 7
93
69
83
14
86
57
67
66
59
34
30
85
21
79
39
86
14
62
83
97
37
76
21
33
13
 9
 3
76
33
17
94
56
 8
36
70
77
67
87
46
85
41
 9
96
45
49
95
21
70
42
30
23
29
25
34
58
49
97
 6
 5
21
48
62
27
65
22
62
83
37
32
38
41
22
98
89
51
36
 2
82
60
56
30
19
94
79
20
82
90
77
55
58
33
16
14
31
51
17
66
37
39
20
74
 2
52
38
12
12
52
58
57
71
43
69
81
95
75
92
65
68
56
75
85
34
57
27
12
57
36
74
18
 5
74
88
87
78
56
86
 5
76
80
42
97
 4
23
17
46
86
61
47
99
43
67
86
41
59
70
55
19
87
24
89
 1
70
49
38
59
76
 1
97
50
41
38
53
96
26
28
90
20
74
75
55
61
74
 6
36
13
21
86
33
 9
73
28
98
82
97
46
98
75
15
 4
93
68
21
50
95
26
98
58
69
46
 4
62
64
83
34
27
35
49
68
38
29
51
80
33
19
82
12
66
32
18
22
56
75
25
93
64
 1
55
89
83
14
17
78
82
54
97
 5
57
77
36
 5
87
45
15
80
96
55
64
94
39
40
66
35
20
31
33
92
48
43
49
75
48
70
68
62
23
44
31
79
94
45
12
97
10
18
63
53
47
94
38
89
 9
54
95
 2
30
32
53
14
91
22
72
42
65
67
85
74
94
80
 8
58
11
98
59
69
 8
20
57
94
85
12
62
97
45
41
80
77
93
34
91
12
 7
78
84
86
24
23
99
 1
26
51
48
53
47
89
 9
 4
 6
56
55
 2
84
60
40
81
41
 6
89
29
87
76
 4
 1
28
85
40
15
82
33
87
79
68
72
73
84
17
49
38
46
46
66
13
86
88
83
25
60
 6
79
90
29
62
87
87
53
12
49
93
42
68
82
74
10
97
98
96
81
 8
93
70
97
98
26
81
67
16
 8
15
16
78
37
45
63
39
72
92
 1
36
12
94
90
88
38
32
55
 8
18
30
82
77
25
78
21
50
42
10
73
52
41
53
86
13
79
16
26
14
28
12
36
99
49
93
95
14
53
80
32
18
52
82
38
54
29
77
37
13
59
44
44
60
77
34
71
88
49
58
19
50
30
88
11
24
71
30
99
92
62
83
20
66
56
59
 4
40
75
34
28
17
54
25
25
69
96
94
28
 7
18
27
56
86
41
 9
33
54
23
47
54
40
89
54
56
16
23
65
48
11
19
59
32
19
39
92
74
85
63
21
74
88
94
74
57
33
 8
10
75
53
84
81
21
50
37
52
39
48
76
96
47
10
98
11
50
93
59
84
59
84
21
47
87
78
21
47
56
69
62
71
66
10
66
69
73
81
95
83
24
68
76
52
86
53
38
95
42
40
96
33
54
14
 6
52
 4
42
74
89
91
50
19
24
93
32
20
41
88
68
40
99
27
 4
17
24
61
33
43
64
24
78
67
66
44
91
30
61
19
68
66
44
14
99
78
41
 7
52
25
26
59
18
28
 3
23
 5
27
 3
77
 9
 7
18
75
49
18
15
25
12
96
50
87
67
41
49
83
15
23
47
11
21
99
48
81
 6
 1
37
49
41
68
75
48
13
 7
 2
31
17
34
98
99
36
89
36
25
70
78
42
68
65
23
12
75
16
92
31
67
81
88
98
96
 5
37
25
97
50
 2
 7
90
67
33
40
81
 1
79
89
 4
31
93
51
45
91
31
49
25
31
91
92
32
67
99
27
22
11
67
34
57
97
38
73
 8
 9
67
57
93
11
19
21
57
24
34
 9
 4
 5
83
25
45
85
15
48
 5
54
32
 9
34
96
22
77
69
 6
45
90
99
69
25
62
67
48
46
93
79
47
84
40
40
91
 4
47
80
21
18
12
21
10
65
79
 9
19
 4
33
86
91
36
89
38
99
27
68
43
62
83
14
21
20
61
66
59
 7
96
74
37
96
87
93
28
69
64
20
76
59
44
68
69
49
 8
52
58
75
27
82
73
75
37
37
92
83
16
10
78
78
51
 9
77
 1
47
99
79
41
78
57
27
18
15
55
87
42
46
 4
54
88
17
11
19
83
99
63
67
99
36
87
22
 8
44
 2
24
36
54
32
41
 7
40
67
13
20
18
56
22
 7
16
20
78
58
21
54
47
50
46
43
72
55
39
11
25
66
35
52
58
31
 1
91
87
18
66
70
42
11
91
34
59
50
70
20
42
22
97
12
40
17
36
70
99
55
82
90
29
96
67
 2
25
35
13
76
 2
99
62
38
84
59
 9
49
99
53
42
73
17
41
39
79
81
92
14
86
95
30
54
34
89
17
66
44
24
21
49
79
76
47
11
82
69
53
73
55
52
67
53
95
35
97
75
48
71
60
 9
82
71
28
78
47
68
13
47
16
15
80
 5
92
16
28
85
69
82
 5
28
 6
31
16
 9
45
86
96
65
 8
17
73
33
92
90
23
14
29
36
43
 5
 4
19
30
10
 3
29
83
40
 5
72
47
47
50
65
94
95
33
18
63
 8
46
35
56
83
98
84
 8
51
78
75
42
21
37
14
 8
28
95
38
25
15
46
47
35
41
35
89
70
88
14
42
47
32
44
50
 8
45
32
36
99
18
90
77
11
62
97
39
70
56
51
74
36
34
96
69
47
52
 3
48
81
46
90
25
16
 4
83
97
98
80
69
91
37
75
55
40
24
75
 9
92
 1
27
49
76
73
 6
 7
66
79
61
94
98
40
 8
11
95
64
22
40
23
69
42
33
58
77
19
63
73
30
98
44
33
 1
 7
64
94
62
23
72
24
57
78
46
 3
28
99
72
40
 3
19
87
79
33
65
91
97
 6
78
98
97
46
46
23
74
95
96
68
85
 4
61
36
83
18
52
92
34
 2
35
16
 5
70
64
96
30
75
67
65
36
24
19
44
39
64
24
11
95
31
31
31
20
67
84
90
52
29
64
63
76
87
 9
33
96
22
62
35
47
53
52
16
55
56
37
79
36
46
18
22
30
76
80
17
73
97
37
72
88
77
29
87
21
81
97
60
80
40
48
66
15
95
10
55
96
52
66
80
35
27
99
16
74
21
50
91
33
 9
49
65
18
69
97
88
70
56
68
79
79
22
91
54
22
 4
13
41
65
79
76
19
92
14
27
98
82
77
76
12
93
87
36
 1
21
36
54
88
34
54
67
21
79
93
99
53
69
50
15
77
21
30
66
66
75
82
38
26
66
80
34
35
62
93
96
57
39
30
18
 5
33
88
28
64
23
97
14
21
69
77
60
16
82
17
73
86
55
84
58
96
 2
85
28
15
53
55
14
58
71
24
42
54
97
46
67
32
14
 4
 7
 7
39
 7
74
54
32
73
68
47
19
43
97
61
19
70
 2
 2
91
77
55
77
79
15
14
46
66
83
86
95
12
98
86
62
 9
22
63
39
 9
58
55
 6
59
49
49
10
10
35
32
43
 9
33
75
31
81
19
57
91
86
32
70
72
40
93
98
31
16
84
27
61
11
49
73
20
81
70
90
86
27
99
26
82
49
68
 7
87
55
77
26
95
18
92
91
27
78
21
17
57
 9
28
40
59
97
46
96
45
94
44
84
78
79
 9
30
60
65
 1
73
56
40
51
12
60
26
38
 1
71
69
36
58
77
44
54
67
21
85
73
33
31
24
79
77
21
37
29
24
15
19
23
79
98
32
23
41
85
88
14
41
64
 9
13
65
31
89
42
55
77
52
72
25
26
98
58
99
96
31
45
20
79
79
92
14
20
87
97
71
68
91
39
31
11
59
51
19
48
19
36
37
 9
33
12
49
75
58
33
67
33
48
67
67
88
29
47
52
73
25
 4
97
 1
28
 2
82
62
37
72
35
60
18
57
27
40
25
77
17
20
55
30
80
 7
37
27
47
68
58
89
51
59
16
87
49
72
 6
61
85
20
20
16
64
95
81
97
27
47
82
80
73
98
48
44
23
39
 5
76
76
44
63
98
55
23
97
22
87
72
37
53
15
27
46
45
87
75
13
19
22
48
18
51
97
47
 5
45
63
 2
19
89
 5
39
55
24
89
59
64
99
 9
83
45
81
35
79
11
48
25
21
26
58
80
12
 9
45
 6
97
 5
74
54
 9
 5
64
20
72
52
84
67
 9
68
35
47
87
64
22
88
14
70
30
28
50
43
21
57
50
86
36
46
78
34
44
33
24
48
18
40
57
79
75
83
58
24
64
65
60
34
23
 5
19
40
23
84
76
96
87
89
25
44
23
99
18
89
38
23
58
93
92
20
 9
74
61
19
42
 2
45
65
77
 9
 6
98
27
94
74
15
13
28
 8
 1
44
32
24
85
37
78
14
27
67
47
47
46
37
84
79
37
42
34
57
80
 9
48
63
68
19
67
60
75
66
86
 6
95
62
62
80
54
55
17
98
38
55
70
69
44
48
64
37
88
85
13
 5
81
25
22
57
94
22
52
75
56
41
34
75
67
80
 7
55
93
90
28
93
29
73
87
62
69
45
78
15
 6
47
86
10
69
88
11
26
47
11
 3
36
81
40
39
81
90
48
94
33
23
56
47
70
61
19
78
56
15
28
 1
66
 6
49
66
19
85
64
 3
76
75
 6
29
80
10
62
81
64
26
58
15
21
96
61
19
70
76
36
88
98
 5
93
15
15
93
59
21
98
96
 9
96
88
16
73
 5
70
33
 2
48
34
16
54
18
47
 6
15
93
12
 3
16
18
62
 1
36
16
57
51
95
79
40
14
78
 2
13
88
30
58
87
81
52
37
71
92
26
 9
63
71
21
37
82
53
96
25
41
97
47
 4
60
54
17
28
54
75
27
32
75
96
38
81
37
15
 3
57
33
65
 7
58
40
54
79
19
41
24
63
33
48
24
15
89
65
55
35
15
74
57
 2
18
69
32
 4
23
43
30
39
23
41
34
81
91
71
44
88
22
19
96
49
19
23
43
22
96
83
92
 5
47
53
68
50
92
62
64
84
93
56
59
45
59
96
79
78
95
76
69
44
36
19
36
31
21
24
52
52
54
98
93
29
90
72
55
16
 1
94
53
80
59
46
64
99
 4
67
68
75
17
89
90
37
59
16
91
36
38
30
84
82
 3
67
64
59
71
28
92
39
99
75
41
43
49
 3
46
80
98
95
51
94
58
72
 4
56
 5
57
98
35
29
48
 7
88
89
15
98
91
71
40
93
57
51
88
53
66
50
42
39
61
99
94
62
 6
85
 6
38
86
88
62
74
49
 8
99
19
43
76
43
73
69
39
52
 8
 2
30
88
 1
93
 9
99
12
12
70
49
22
28
23
95
58
10
39
22
23
44
53
32
58
14
28
20
49
81
73
30
15
 6
19
 4
77
15
30
30
64
 1
79
17
32
22
52
64
61
 8
94
98
30
33
98
13
91
67
24
90
72
68
40
58
30
95
 9
30
65
67
80
16
36
91
14
26
82
 2
18
61
82
53
 2
25
70
75
40
34
26
67
50
69
74
12
59
46
 6
96
 3
40
26
33
83
57
97
46
62
77
45
24
20
53
89
21
16
 9
95
78
33
 8
96
72
 2
44
68
44
16
24
24
30
11
74
 9
44
23
77
54
21
26
46
76
