300
79
34
33
82
51
79
91
99
91
74
55
85
66
69
77
83
81
63
65
48
18
51
86
44
 1
24
79
78
 9
22
76
54
81
16
38
 3
22
46
38
82
91
82
63
90
52
27
91
92
71
40
 4
 9
47
 3
84
56
62
91
80
 8
25
87
67
23
15
90
97
61
77
55
63
13
94
37
65
34
73
47
19
62
72
10
85
79
32
29
48
91
94
41
46
94
99
81
64
18
49
23
92
88
 5
25
86
10
22
51
85
14
 1
86
60
69
28
17
51
10
 3
 5
35
57
39
21
14
 6
 4
64
49
58
 4
36
27
48
84
82
98
76
40
 4
71
65
 5
14
86
74
28
64
66
79
92
12
69
51
87
35
42
47
 6
12
82
47
41
15
25
39
96
67
61
97
60
28
91
60
51
 7
40
24
11
16
15
 6
28
42
50
51
76
51
 8
53
68
 5
92
71
73
99
35
94
16
26
 9
48
44
21
36
 2
 3
52
37
48
61
91
10
37
33
97
47
22
88
90
14
95
54
33
78
 5
55
94
27
79
18
13
49
82
98
34
15
27
19
46
63
62
10
76
77
60
29
89
 5
11
55
39
82
79
21
98
15
 6
94
59
90
99
70
95
59
41
76
84
65
12
55
92
78
65
34
 9
72
91
36
38
36
51
53
40
60
46
23
12
46
12
41
15
39
88
41
48
87
49
79
43
42
59
