800
43
90
77
56
63
95
43
 2
73
23
76
61
63
52
56
12
50
53
70
59
53
89
80
90
32
69
73
58
25
45
44
87
17
48
74
46
93
77
63
 5
80
 3
90
93
40
30
31
82
26
64
24
19
51
33
19
23
 3
 3
90
82
27
45
50
54
24
91
46
12
98
31
72
30
68
95
94
72
18
73
 4
61
65
12
90
77
42
32
83
 1
70
39
20
25
 3
29
95
47
38
85
74
81
64
76
87
94
58
17
14
 2
66
44
73
28
11
40
13
82
60
61
28
36
79
22
96
55
23
58
63
83
71
54
62
21
73
40
98
 4
16
43
93
15
56
 7
11
41
55
50
55
13
35
 2
79
22
19
57
78
74
56
 6
14
66
90
79
37
29
 4
61
70
43
53
12
 4
82
54
41
60
49
34
 9
 5
85
97
47
36
39
26
12
45
22
65
54
72
87
 6
 6
44
37
34
87
36
84
31
15
35
 8
21
33
36
80
32
35
68
52
68
97
67
50
83
10
98
67
12
94
42
15
76
34
53
13
34
72
 1
84
58
 8
96
30
18
78
24
50
80
11
77
95
72
65
18
 5
23
33
60
16
53
28
95
 8
 4
26
55
58
75
83
45
83
84
 5
26
21
99
82
85
58
58
79
82
35
25
69
99
35
21
27
76
 8
46
64
76
 8
42
 2
65
11
24
94
19
 6
14
77
77
89
22
61
47
87
87
39
59
24
42
40
 1
58
99
93
14
19
40
22
 4
39
88
41
15
39
44
90
42
60
92
60
28
76
34
38
16
 5
42
50
 4
49
35
16
76
74
32
96
60
56
86
31
62
12
87
84
63
50
95
65
10
41
16
44
79
56
82
46
62
63
41
31
32
35
15
47
58
70
37
54
27
64
30
30
14
21
33
30
87
80
35
22
86
27
24
78
52
42
11
28
34
98
48
61
83
35
85
89
47
17
76
50
47
19
12
66
91
44
63
36
88
 5
19
73
12
78
 5
76
89
76
61
39
48
33
78
78
20
43
50
11
18
66
64
23
74
33
71
96
97
46
62
20
88
32
95
40
94
43
94
 6
56
39
71
37
96
70
88
80
26
81
 9
86
13
60
58
73
85
54
47
86
10
73
65
59
33
 4
15
54
16
51
74
97
41
44
75
94
39
99
85
22
 6
11
56
 6
53
19
62
60
77
61
69
15
73
57
52
89
85
96
21
57
27
19
73
39
52
38
 6
93
11
97
22
21
86
26
87
60
25
51
32
 1
70
69
69
62
10
14
45
 8
36
22
56
96
57
46
67
79
20
 4
89
21
17
21
98
52
16
54
91
56
91
50
62
72
 8
27
74
27
11
45
23
65
94
25
57
34
99
17
79
25
98
57
52
78
34
13
62
49
66
58
55
 8
83
90
 3
15
52
22
 8
10
37
35
 2
81
91
85
61
37
25
98
77
44
62
51
18
73
13
99
 5
 9
30
35
63
39
 8
35
44
22
88
66
89
27
28
52
50
28
80
18
 1
84
71
47
77
60
 6
69
 3
24
72
92
69
81
21
16
95
80
40
26
27
51
27
19
38
99
87
52
82
37
39
71
 3
63
56
96
45
62
50
32
24
58
 8
89
41
82
76
69
31
76
28
94
37
18
93
62
67
59
95
71
59
 3
62
28
94
70
59
69
88
91
34
91
94
12
82
68
55
81
53
90
43
77
92
55
 9
94
42
19
87
49
 4
34
87
77
70
 6
 1
12
40
71
64
55
21
40
23
31
35
94
92
13
34
19
 4
45
26
 5
22
16
44
44
 8
18
34
44
23
69
 4
56
38
 4
25
95
78
16
93
96
19
71
72
19
81
66
18
20
79
50
93
27
 5
76
95
29
34
27
80
94
