400
54
69
 3
45
91
63
61
24
61
35
 8
 7
 4
45
28
94
 7
 7
21
 6
 8
84
 7
 9
68
23
10
98
56
39
76
82
47
46
98
53
15
23
81
21
12
14
35
64
99
72
37
 3
42
20
32
11
17
48
21
10
56
34
 8
47
81
79
51
85
23
65
 4
34
20
33
58
33
60
54
 6
12
71
38
31
58
27
12
27
 1
64
34
65
38
97
82
 7
44
92
60
89
37
27
65
75
93
68
85
84
56
 3
48
20
26
65
75
84
14
78
 1
26
95
58
87
71
80
 7
90
20
32
38
20
52
36
50
45
91
69
17
85
28
66
78
46
96
15
28
26
44
 4
64
66
64
51
 6
67
41
 6
53
37
79
88
59
 7
69
56
32
63
52
36
20
44
23
26
78
59
81
23
98
44
28
52
95
47
 8
60
10
41
46
68
46
65
39
26
94
77
47
64
59
35
78
99
30
84
80
82
35
56
40
32
16
91
25
62
32
38
37
47
68
86
33
 8
43
71
73
89
82
99
60
 5
63
41
18
 5
92
36
82
67
31
68
58
52
13
37
96
24
79
97
58
70
78
86
19
47
52
16
83
61
55
46
57
12
24
15
34
27
54
41
81
94
95
82
46
35
24
64
78
11
90
40
97
25
33
39
92
93
24
18
89
55
41
 6
56
 1
66
53
16
77
55
48
 2
63
 5
47
35
59
74
59
74
82
66
44
 5
39
23
47
16
40
56
54
30
21
69
69
48
71
67
11
73
 2
36
17
42
61
79
70
75
43
90
25
62
80
52
41
51
76
34
26
21
61
97
61
70
42
62
44
99
10
45
 2
37
80
30
17
69
54
90
17
44
38
96
67
90
33
42
27
29
31
51
97
13
20
39
37
97
38
40
41
44
84
64
 1
61
27
71
26
25
94
54
17
38
28
 9
 6
83
50
