1500
42
18
49
89
 5
96
 6
73
99
52
78
53
16
74
82
81
65
70
22
11
20
87
 6
16
31
98
87
82
41
 2
40
24
49
69
 6
92
28
19
69
71
70
18
32
 1
64
 2
39
30
53
27
14
56
95
30
75
11
81
 6
67
 3
21
97
 1
32
53
99
26
15
89
50
29
25
63
48
83
74
70
50
48
76
80
73
27
76
20
89
 1
12
91
 7
46
85
31
37
35
12
62
55
44
19
72
22
61
67
53
 4
27
71
15
52
84
76
54
58
83
80
48
77
23
70
82
17
51
24
73
83
28
85
82
91
69
53
 3
25
71
68
 6
56
25
75
26
 3
40
19
79
42
78
60
81
64
 7
70
69
62
82
91
 2
58
83
10
19
72
82
52
56
11
81
31
85
83
15
53
76
54
35
30
58
95
79
89
68
81
35
35
66
75
13
47
11
44
32
77
71
73
36
33
56
87
36
92
56
75
 3
55
88
17
 6
67
89
96
24
30
 2
17
16
18
82
 2
85
36
48
83
21
15
36
77
55
97
68
25
 6
25
77
32
70
17
28
64
14
24
68
33
21
23
27
19
77
10
26
94
16
83
 2
78
25
80
 9
77
33
34
10
51
78
36
 2
57
67
59
11
28
41
28
87
 5
55
99
32
97
70
32
 2
14
92
 4
11
88
34
68
79
75
41
12
42
55
65
65
84
71
19
87
99
96
92
41
36
15
77
73
51
20
66
43
11
35
73
92
61
34
65
11
35
85
18
86
75
82
 1
87
74
99
19
88
 1
19
94
59
 2
82
17
40
69
12
60
36
49
36
90
32
84
93
56
70
60
25
74
97
65
42
39
14
18
78
36
38
71
 6
95
15
65
34
68
82
14
60
67
37
14
10
49
85
59
 6
64
42
38
26
94
68
15
97
56
87
58
53
 9
91
13
25
63
70
 9
 2
 4
66
63
12
27
 8
94
55
21
 5
11
68
71
62
46
29
36
 9
75
76
53
86
35
77
48
91
74
 4
92
25
 6
33
63
42
39
70
98
44
83
82
54
24
12
41
81
94
59
83
24
11
41
61
50
23
84
17
37
64
52
29
95
16
34
79
60
45
13
99
63
74
61
 8
69
59
82
38
18
40
51
45
58
51
58
98
88
45
44
44
31
21
89
47
 7
 8
61
 7
80
94
 1
26
24
64
13
62
54
17
89
37
27
36
88
85
10
92
15
89
35
34
40
42
55
56
73
66
86
 6
56
85
81
94
66
29
 8
12
18
82
73
81
44
71
77
50
38
80
22
78
49
98
74
 4
 3
 3
 9
50
44
49
13
43
83
98
90
32
23
54
61
49
51
15
61
26
 7
39
60
87
63
15
10
42
46
46
16
 8
55
27
63
66
83
20
86
95
 4
37
10
80
25
 3
53
46
84
17
23
 7
86
91
86
85
24
87
60
95
37
17
88
28
21
27
59
52
22
64
31
65
75
 2
12
96
78
35
76
 2
91
52
38
63
34
44
91
19
75
 4
32
39
98
49
45
84
15
23
11
41
36
25
90
94
52
 3
41
21
35
74
41
53
35
96
55
20
52
69
30
93
72
76
54
57
56
44
59
31
55
43
 6
50
52
 5
34
57
86
59
14
79
93
96
84
71
81
34
96
87
87
 1
80
51
64
31
31
16
82
61
27
53
53
28
 1
80
38
65
48
60
28
 2
20
81
97
44
62
60
88
59
57
57
36
28
43
67
97
 2
37
67
94
20
66
74
17
26
25
17
14
28
44
48
22
67
18
23
41
16
53
60
15
74
 3
10
37
 4
38
53
18
30
15
49
59
99
15
52
52
93
80
31
43
75
55
99
10
 3
39
81
61
68
57
44
16
93
69
 6
78
37
 9
54
65
68
87
80
87
37
36
75
61
99
41
76
37
45
35
25
32
65
89
19
45
21
97
20
41
36
67
91
96
99
23
47
77
78
42
68
40
30
13
70
44
18
53
92
55
38
59
71
24
23
44
84
24
49
18
30
38
35
77
98
73
20
65
47
88
34
40
 2
23
34
49
95
97
38
32
 2
 4
14
29
18
20
50
51
11
79
89
84
50
52
30
54
43
37
87
45
 1
32
11
16
54
88
65
74
47
16
53
68
12
34
90
60
80
48
32
30
12
36
38
85
94
26
72
22
24
63
48
95
92
34
 3
75
84
36
99
36
51
85
67
23
16
44
44
96
10
37
64
71
88
67
50
31
 5
96
20
76
26
76
10
66
36
21
 7
95
37
14
73
 4
69
96
96
27
88
81
14
 2
88
10
50
38
27
96
39
51
64
 1
42
88
17
42
42
34
84
16
33
27
35
15
78
71
 3
33
63
86
92
38
94
62
34
85
 1
68
95
85
79
 1
84
69
17
97
50
79
67
94
22
35
97
88
93
78
69
54
79
74
99
79
70
54
43
83
99
84
42
66
48
52
 5
56
16
33
32
16
63
52
74
66
69
96
28
73
 6
93
58
87
66
97
48
53
53
16
74
97
72
19
 5
12
23
56
 7
13
40
17
83
29
75
67
 5
90
79
14
63
49
54
95
18
29
63
78
61
27
55
56
63
54
73
 1
30
57
42
 6
38
91
75
44
79
94
96
84
66
28
41
94
47
50
 3
61
80
60
 5
87
98
93
74
56
43
25
57
38
67
23
13
53
 9
33
72
35
33
37
15
 7
20
64
77
45
36
86
99
23
35
82
61
94
32
19
91
43
 8
 8
17
35
78
 5
26
 3
92
98
18
 5
70
58
 6
83
90
 4
45
70
94
37
79
53
33
20
34
63
39
36
75
91
10
19
73
95
34
69
58
 2
16
75
34
68
27
31
28
14
57
75
37
70
96
55
59
75
85
19
61
56
10
56
77
21
61
95
87
16
11
54
68
44
70
68
72
36
44
98
24
42
66
29
77
41
26
66
41
56
60
45
15
31
44
56
33
 1
34
98
51
92
97
70
99
73
 3
 7
25
14
77
76
24
58
16
35
27
78
75
64
12
13
85
90
 4
45
47
89
62
45
57
12
92
18
92
 1
82
79
24
42
14
 8
86
52
39
 3
68
87
82
71
48
20
41
 6
50
64
64
50
39
79
69
15
24
39
73
81
 2
95
30
94
99
45
97
18
46
85
66
57
43
 2
70
10
55
70
86
47
99
 1
75
95
42
21
42
20
80
 6
90
70
43
85
39
 5
57
12
68
42
36
 8
86
56
17
15
55
76
17
29
86
90
44
56
45
28
96
80
56
15
39
60
73
66
40
65
91
39
83
55
53
75
47
22
64
78
32
85
34
53
65
78
64
40
45
 7
16
91
45
99
67
 2
65
74
87
50
30
 6
52
72
23
17
13
10
79
 4
50
48
83
94
41
19
39
76
28
45
31
49
68
25
44
86
18
30
89
38
34
97
56
48
74
30
82
54
43
33
41
98
78
39
32
47
40
48
87
48
73
 3
85
 9
15
66
56
25
35
93
96
64
44
83
73
 6
91
80
25
50
73
31
52
27
68
