200
25
82
61
38
90
52
46
16
56
88
53
70
50
81
44
 5
54
34
 9
 3
25
37
38
43
95
 4
 9
96
15
85
20
46
35
49
59
28
 8
22
43
49
97
94
 3
58
70
85
67
47
69
62
10
40
34
 9
 4
68
76
48
69
62
66
11
44
85
46
34
64
26
23
23
82
67
58
27
26
67
98
58
 8
61
83
45
85
14
55
 7
 6
28
13
47
 9
72
44
84
36
89
65
78
21
66
13
 2
96
40
96
78
14
 1
96
86
81
79
79
 9
46
69
12
34
16
85
87
24
30
95
10
95
95
31
52
86
99
16
47
11
95
26
21
 7
78
97
26
64
75
15
90
32
21
94
26
99
76
90
31
63
53
39
23
49
95
65
11
17
91
76
 1
19
52
64
86
24
54
30
42
 1
48
65
90
56
63
 8
14
26
 1
74
23
 7
26
44
36
52
80
36
93
91
 8
85
36
 1
22
80
