800
57
68
17
96
33
15
83
14
45
38
76
98
10
50
49
 7
64
66
 6
11
97
62
39
12
85
 6
17
47
84
 7
30
47
 6
31
14
45
19
39
46
80
96
76
45
85
61
76
57
26
42
24
59
52
 7
 5
76
62
65
25
32
15
18
11
35
94
46
58
99
71
20
67
50
58
13
25
58
 9
 3
49
82
51
44
86
69
11
 3
75
72
12
31
33
44
 5
69
15
74
30
53
94
15
38
26
 2
69
95
22
82
96
97
14
 4
77
89
20
79
35
65
23
31
35
 4
31
60
42
16
16
65
87
 3
53
45
18
40
27
49
54
29
92
 6
64
20
70
93
70
36
65
87
77
29
 8
32
49
62
61
90
40
81
30
15
92
47
13
76
91
 8
 9
30
18
74
48
13
83
76
42
73
63
65
27
54
38
48
87
54
69
 2
64
73
75
69
83
25
71
83
52
11
37
 4
53
71
56
36
53
77
 4
 2
99
15
24
42
90
83
82
 3
96
79
22
15
30
13
 3
81
44
71
81
16
33
32
82
29
38
11
30
 2
20
38
91
67
 9
93
97
 8
97
38
97
12
59
 1
 6
80
94
73
 5
57
75
35
52
31
69
83
75
14
41
95
73
41
10
88
37
75
34
95
97
96
32
40
90
22
 2
19
91
64
42
81
80
64
38
 7
85
 3
14
63
82
28
35
81
91
12
30
81
55
66
32
19
11
22
22
71
90
21
45
47
20
14
 4
22
53
12
90
87
52
87
75
37
95
72
88
34
65
54
32
33
76
11
60
66
98
81
48
72
52
26
 8
 2
 7
61
55
35
68
38
89
87
96
25
 4
23
29
81
70
29
43
92
19
16
58
19
72
54
88
60
34
45
47
89
 5
14
37
24
21
24
93
17
84
26
39
42
96
 3
17
29
42
51
47
36
37
60
78
28
19
 7
83
26
53
47
73
 1
48
23
69
 4
71
53
16
59
26
32
63
49
 2
14
16
17
64
92
71
78
82
59
38
18
46
57
58
29
22
98
47
82
46
78
33
84
26
42
47
 5
57
44
32
41
 8
56
 5
86
96
56
81
97
93
65
55
96
99
49
60
 8
 7
78
 7
88
 6
37
30
39
48
73
20
35
23
10
76
93
55
88
83
10
89
57
15
57
61
86
76
10
20
34
 6
82
20
24
15
13
28
66
33
19
50
84
87
58
61
85
99
71
31
28
74
94
97
15
81
 1
18
94
66
38
43
74
83
58
22
33
56
77
14
41
89
66
90
77
27
23
10
39
81
23
66
51
23
85
67
61
62
61
48
18
11
91
 5
40
58
25
17
61
34
43
58
50
15
 2
73
10
35
10
99
45
64
79
41
94
92
57
42
37
10
53
78
45
21
21
37
13
63
56
60
25
76
 5
55
87
97
32
52
 1
36
33
62
88
71
56
82
54
74
22
65
91
49
78
86
26
27
 6
67
82
 3
10
48
99
30
89
95
57
99
52
25
27
65
41
24
64
93
55
63
84
76
24
74
85
78
19
93
64
80
65
22
46
53
31
31
20
69
60
66
72
54
37
40
27
91
19
 8
76
93
60
 3
99
31
44
 7
86
66
44
69
30
57
49
23
16
66
43
 2
80
84
15
49
59
67
48
87
96
99
85
35
37
 6
41
68
74
90
96
92
73
53
 8
31
49
53
41
87
 7
62
62
98
34
89
83
26
48
12
28
 9
91
95
91
24
70
39
51
75
41
33
29
62
32
51
45
40
 5
87
64
34
47
35
79
11
93
23
33
75
83
40
 9
90
27
10
26
86
 9
72
28
83
93
53
26
41
61
46
78
 7
44
 1
71
73
72
47
78
73
32
41
63
70
15
70
 4
64
78
92
 9
38
91
55
95
