1500
35
42
85
34
81
34
 8
72
42
43
30
96
71
80
35
51
37
94
80
 9
17
12
51
73
74
47
16
39
79
 1
35
99
60
98
12
50
86
24
95
91
48
89
55
66
22
76
28
43
26
34
41
76
 8
20
50
57
97
98
53
81
72
80
41
55
42
 6
45
67
16
70
48
29
66
80
95
35
43
55
96
30
44
38
54
46
10
58
82
86
45
98
85
21
31
97
47
73
38
56
85
69
91
68
47
10
 7
64
89
58
47
53
 9
93
27
77
80
16
97
75
68
75
49
22
64
79
63
93
 5
78
58
 1
49
72
40
25
50
38
27
41
 2
23
43
14
99
96
53
85
98
21
42
32
 3
22
90
 1
62
13
80
18
38
74
54
50
78
29
79
57
85
 5
29
77
15
53
38
96
78
89
52
52
13
30
12
 1
45
 9
97
32
73
11
86
31
39
54
31
76
37
23
27
88
53
83
65
95
35
 6
36
65
26
 5
98
28
43
48
72
58
36
 2
44
64
15
96
81
 4
76
92
34
11
 8
79
95
52
25
35
32
78
89
72
35
92
93
62
15
23
37
11
84
97
81
53
49
13
27
31
65
13
87
49
60
40
 1
48
96
95
43
 2
75
66
29
77
34
63
 7
61
68
 6
64
90
 7
13
59
98
83
47
68
 6
35
48
82
69
51
16
40
22
37
67
26
13
85
61
25
84
28
69
61
90
74
 6
12
94
96
14
24
58
60
99
23
49
80
 7
44
80
95
42
79
23
21
33
59
78
 1
24
70
86
 6
14
25
19
96
10
92
62
 6
18
98
37
41
59
93
22
93
97
26
97
30
91
90
 8
48
63
 4
97
 5
74
80
12
55
 9
37
 4
44
65
39
71
82
52
77
22
34
75
 9
22
58
33
54
16
36
86
67
72
19
41
90
50
32
90
92
25
62
74
11
83
72
78
 6
28
75
50
28
88
95
58
14
78
58
41
25
19
43
17
25
41
26
53
22
 1
59
13
64
23
 8
41
29
81
85
17
70
79
28
60
89
92
27
75
80
57
75
58
10
71
28
26
 3
74
62
 4
73
 1
13
39
80
38
70
50
47
 8
30
 5
33
 2
77
35
74
77
78
55
 1
58
83
28
50
25
15
20
61
69
16
 1
91
83
66
25
39
38
25
48
93
53
 8
27
13
 8
62
39
63
69
45
83
87
13
58
 2
57
14
73
63
80
55
73
61
96
67
38
89
68
22
44
96
66
96
59
29
52
45
17
44
12
78
69
 8
78
92
70
46
20
58
22
78
63
96
15
16
77
55
93
 7
15
28
95
61
37
98
75
11
18
95
72
36
47
98
41
34
27
96
85
33
91
61
22
50
38
91
21
99
98
36
47
14
44
23
47
20
49
 6
92
39
94
74
55
 6
67
13
97
26
17
64
69
42
 3
11
84
21
50
73
66
61
92
79
59
 4
50
12
60
60
17
48
97
33
90
32
89
55
44
80
22
10
46
67
83
67
55
80
69
91
68
 9
26
56
66
41
35
33
41
34
95
77
28
40
19
76
36
53
96
94
17
53
45
70
40
 9
85
10
21
25
79
24
85
99
69
50
98
62
31
15
55
60
 9
77
39
79
36
11
82
55
97
43
 3
62
43
48
43
29
30
77
44
87
66
40
13
83
62
18
40
70
45
21
45
 1
53
74
84
51
75
34
 6
93
 4
32
84
24
41
46
20
 4
68
90
41
91
29
17
86
29
67
44
10
69
25
84
88
94
80
92
62
23
 5
 6
 1
55
30
99
23
41
10
30
62
42
50
79
 1
49
13
96
62
42
46
23
 5
57
67
97
87
19
36
66
49
46
46
48
84
61
83
95
47
99
66
17
80
85
22
80
83
53
 9
77
19
62
57
55
89
 9
12
11
63
82
64
38
91
58
63
38
95
69
70
76
57
67
76
90
 5
14
24
42
21
84
57
16
58
61
52
57
 2
88
47
35
58
33
 7
61
 8
78
69
14
97
68
93
10
29
 1
52
88
92
36
96
22
18
 3
42
32
99
50
84
47
50
41
 8
41
37
47
 1
94
84
15
23
70
73
86
52
71
 7
38
49
14
18
 1
77
84
48
58
97
 2
90
68
 1
59
16
99
75
55
88
38
81
12
87
54
30
67
27
81
43
49
 7
 3
76
23
78
87
96
 8
61
81
 3
60
95
94
45
33
54
78
79
69
22
55
79
93
48
71
46
19
86
47
59
37
20
 2
83
34
95
12
87
75
77
88
83
 5
 3
38
61
16
88
77
95
29
65
80
23
27
73
25
68
 1
 1
12
90
39
 6
27
70
27
12
22
73
82
86
80
15
90
22
46
85
70
16
80
47
45
75
29
40
15
39
57
44
48
39
38
24
69
97
57
84
37
89
 5
80
32
53
43
15
30
84
97
55
65
 5
57
 2
79
23
53
48
63
95
97
66
55
94
25
44
52
 2
49
16
60
14
73
28
39
11
44
51
98
44
 7
 2
76
97
58
76
63
 8
38
70
89
64
54
77
75
83
 1
30
21
91
51
 7
54
94
85
35
25
69
37
39
29
77
22
54
93
 5
23
35
77
47
 4
21
23
37
25
64
20
41
32
61
16
19
90
41
34
58
23
14
21
 5
61
38
14
80
27
38
12
14
72
86
70
80
 3
14
99
79
90
59
63
25
22
11
90
 3
82
54
72
58
12
76
70
70
39
57
 5
72
40
78
38
77
14
88
45
71
25
56
66
29
14
45
37
17
 2
52
 5
35
25
27
 5
67
 6
33
23
87
76
50
14
95
11
92
88
25
34
44
64
 3
92
56
76
92
43
49
31
18
41
51
29
80
 1
85
24
79
92
85
39
50
65
17
11
11
26
99
87
57
12
 6
53
81
64
17
96
53
15
48
94
51
43
74
42
74
75
 5
82
12
 2
36
87
26
80
 8
26
 6
 7
10
69
46
 4
68
92
34
29
39
 1
60
46
61
40
64
47
82
34
25
 2
 4
94
 4
86
84
48
53
82
17
50
84
 7
38
77
35
54
77
24
13
15
20
71
41
37
58
35
23
23
36
 4
12
16
53
28
16
43
27
10
42
16
87
30
77
17
86
65
41
92
25
49
85
80
53
 2
89
75
55
 9
19
78
88
57
87
36
65
17
31
98
54
68
74
 8
 7
75
34
59
63
95
49
29
49
29
48
23
29
94
75
31
14
48
60
54
94
14
75
68
 3
48
52
16
56
31
 4
74
13
51
26
92
68
41
21
60
34
82
16
68
36
63
37
61
43
 1
83
25
 4
97
69
 1
74
74
 8
88
20
14
58
10
86
88
50
10
98
80
85
68
13
89
25
82
58
26
88
 5
98
74
43
 1
61
47
39
 8
35
 4
43
49
28
45
32
97
57
70
20
36
49
 6
49
19
62
89
36
62
78
15
11
84
86
33
15
25
10
 6
21
45
86
 4
29
62
60
57
97
 3
 3
43
74
33
13
18
84
60
10
78
29
39
73
68
60
10
53
 3
98
76
91
30
28
56
78
 3
59
27
