800
61
 5
96
24
77
25
49
58
13
59
76
47
44
28
94
57
80
40
41
58
14
58
39
67
80
69
 5
69
80
49
25
14
78
13
95
40
28
62
61
 5
41
19
16
99
67
42
34
11
70
14
86
 2
82
26
93
96
37
14
86
18
39
83
33
78
86
88
76
65
95
89
60
25
46
56
 2
79
98
47
47
95
 9
21
 3
20
67
32
74
14
15
38
91
 7
57
88
59
79
11
27
24
13
25
57
71
18
 3
20
66
71
67
34
40
70
93
38
40
40
58
80
45
11
14
21
59
86
63
62
94
19
26
85
49
27
54
22
91
69
36
14
60
91
97
 1
89
76
75
96
67
25
42
86
38
64
78
 1
54
39
80
 7
 2
80
51
76
82
89
20
55
89
46
13
 8
59
88
14
57
46
42
42
93
78
72
 2
73
57
35
 3
71
62
84
29
36
18
34
52
74
80
11
52
34
 5
 3
50
27
59
49
32
21
29
79
39
82
87
13
20
71
79
66
26
90
91
72
27
72
48
35
46
12
16
43
81
45
52
74
12
56
80
93
68
19
33
82
51
74
31
13
72
27
53
90
35
73
71
92
88
48
72
18
91
81
86
67
32
87
14
83
 8
41
62
76
38
88
22
33
14
41
67
72
35
88
99
19
63
94
51
66
25
 5
41
 9
97
36
14
 2
30
65
48
37
94
86
65
84
49
76
33
95
 7
18
75
26
79
18
10
51
91
86
 5
46
43
91
77
12
18
87
36
98
92
95
82
26
76
54
75
41
 8
36
75
19
59
92
58
42
72
85
49
70
45
43
29
25
49
70
76
19
54
 5
18
42
39
 2
17
23
 4
70
98
 4
18
33
28
36
47
16
40
26
79
70
53
41
 1
18
39
25
45
11
 4
 6
53
18
43
55
79
19
24
87
72
14
61
64
80
42
45
65
89
96
67
13
62
63
29
17
76
23
74
 8
29
91
97
33
13
18
19
89
26
92
45
64
29
29
15
48
90
46
50
 8
57
 8
 6
74
81
60
58
33
43
29
94
64
96
99
68
45
73
51
73
38
87
72
98
80
65
16
30
16
45
39
39
51
64
74
45
20
91
69
89
10
14
67
83
23
41
34
98
69
24
29
58
22
64
22
71
49
17
34
99
61
32
23
79
65
74
84
98
88
44
11
49
50
50
28
44
44
50
99
42
19
 1
16
45
99
61
16
23
67
71
 6
40
15
42
 8
13
 7
94
87
99
54
90
 8
32
45
61
61
 5
27
12
17
25
92
86
42
27
63
75
32
84
13
59
10
87
39
57
17
50
13
83
88
99
29
76
96
 4
66
 2
75
11
99
 8
 7
43
70
11
90
23
41
99
62
58
54
60
82
 3
33
61
79
74
11
43
53
79
56
44
25
 5
71
74
38
34
29
19
 8
69
21
49
 9
68
91
27
 7
21
41
97
23
63
28
30
35
43
 7
24
 7
37
13
34
45
46
 3
28
77
65
12
21
63
43
90
26
 2
23
13
47
75
18
 6
47
89
75
90
40
35
81
93
22
36
91
11
84
22
11
88
58
81
20
84
89
28
77
20
11
32
69
33
43
85
69
68
27
99
63
21
65
35
90
49
79
82
87
 1
30
28
52
36
 9
96
33
14
92
62
58
24
23
27
12
18
99
65
65
31
 2
27
71
55
71
 6
39
35
90
51
88
61
97
47
99
42
69
27
61
 3
 1
42
43
 8
23
66
75
64
93
53
68
82
86
 9
69
63
27
22
72
95
89
 4
81
 8
18
71
48
86
75
40
83
87
75
49
60
60
23
95
 6
 6
 3
95
14
92
42
40
48
50
92
72
 5
63
61
64
74
92
15
 4
71
33
12
59
 3
41
79
73
12
52
