200
93
17
77
75
92
99
87
13
62
 9
 5
96
81
14
81
51
88
21
79
86
 3
52
36
53
67
66
70
29
57
56
99
51
80
83
99
26
31
86
96
32
74
12
33
37
74
18
60
54
19
96
51
62
50
60
42
96
64
39
13
60
84
30
23
43
77
73
 1
 5
98
48
 3
12
66
96
54
77
23
79
76
11
95
24
 2
99
13
18
 8
46
89
85
58
97
39
94
76
51
17
57
36
12
69
34
24
64
70
39
22
40
41
41
81
43
26
55
51
16
16
31
89
 9
99
11
71
29
28
96
95
39
82
68
90
80
15
 8
53
90
67
70
 7
78
34
52
98
56
64
 1
40
62
77
14
15
74
97
79
34
78
60
88
88
58
 1
96
62
82
 4
37
55
71
85
85
 6
83
10
73
20
43
12
30
31
25
16
91
83
18
36
12
53
 2
36
37
37
38
47
92
76
19
99
 3
65
73
