200
73
37
59
46
80
99
23
 6
44
 7
17
11
47
72
 1
46
17
29
47
19
 2
73
 5
12
 8
68
80
79
90
26
63
11
79
57
92
63
20
76
82
21
31
86
12
69
41
 4
91
24
97
47
15
34
41
78
96
75
16
92
19
68
 9
49
95
20
97
55
46
45
93
74
10
43
72
87
92
13
51
79
75
55
33
52
68
56
72
70
45
15
58
34
42
82
 5
65
61
95
25
12
55
60
66
77
25
81
15
43
36
81
27
24
51
 8
95
 4
 3
72
 6
88
 9
31
 5
57
38
32
30
 4
48
45
 8
69
75
15
95
78
26
29
52
45
45
53
17
70
96
34
 3
21
36
 6
52
81
17
10
74
81
21
58
27
 1
18
62
38
23
86
47
41
82
74
62
26
44
39
36
64
62
55
70
22
82
 6
14
17
 6
72
20
32
88
19
40
40
 5
 3
29
53
33
88
33
56
 1
10
45
