2000
37
51
49
16
51
43
 9
27
86
54
88
72
12
 9
60
60
 7
34
12
67
82
11
89
34
89
14
58
60
33
81
78
72
36
75
23
38
93
55
36
15
32
37
40
58
29
62
20
32
13
51
57
22
87
54
62
74
11
68
92
 4
55
70
66
58
 1
 3
87
 1
80
45
97
92
19
65
40
28
97
38
74
34
80
22
29
46
35
20
19
98
81
83
19
37
 9
86
23
86
85
46
69
97
 5
 8
85
67
97
60
 9
98
48
22
42
82
37
40
15
53
65
60
83
 4
76
 8
71
38
21
18
57
13
88
83
19
56
57
47
59
31
70
98
88
18
10
 7
17
79
56
61
26
84
17
34
55
77
19
49
99
28
17
64
44
81
58
48
 6
38
23
78
51
61
80
17
42
70
 3
97
61
 7
57
99
93
23
27
10
 1
84
76
74
81
54
19
34
35
19
88
35
23
41
89
24
66
18
22
11
55
74
49
 8
10
37
 7
29
69
80
25
65
61
81
67
 9
12
 4
46
46
49
36
18
97
84
98
34
17
81
44
34
38
38
81
67
58
70
22
20
83
31
 9
42
88
50
 4
55
38
 7
96
15
27
81
29
36
47
27
73
36
 1
46
73
 5
12
16
78
70
83
22
 1
57
54
77
88
 4
75
50
72
47
 8
11
86
37
13
96
78
76
58
10
68
69
25
79
15
65
 9
41
88
70
24
15
94
26
93
24
37
33
33
21
94
 3
21
83
60
23
51
30
50
19
61
12
16
 6
51
74
71
98
61
89
66
73
30
71
11
80
13
13
 8
49
77
86
61
25
42
12
44
77
94
89
91
92
46
37
85
13
50
93
23
29
64
52
99
87
61
87
41
23
84
 8
84
70
32
50
45
64
94
97
91
 6
12
59
35
72
65
 6
82
56
 2
74
36
32
68
49
16
13
88
28
60
 3
36
93
89
 8
33
83
 8
19
61
70
96
 9
76
88
 2
80
28
66
41
98
93
26
63
30
86
18
73
48
89
34
29
13
57
78
76
74
23
28
90
32
81
80
85
81
68
 3
89
84
 3
85
35
97
26
25
41
87
91
18
63
89
53
14
91
96
98
87
36
76
55
 1
23
95
59
99
17
20
83
98
88
 1
19
54
71
 9
 5
25
87
22
12
34
15
28
78
48
75
41
66
73
90
17
91
90
17
48
52
20
84
13
24
43
67
89
63
82
89
85
48
50
 8
95
40
69
89
54
69
93
94
84
30
 8
97
98
 6
55
67
74
82
57
21
50
 1
76
83
63
82
 4
66
78
82
94
91
14
24
50
83
54
43
74
47
 8
16
86
51
19
76
27
57
 6
29
49
87
16
36
12
73
76
85
73
10
30
44
25
11
34
73
25
29
12
28
89
13
43
 8
23
77
71
95
 8
52
21
30
55
81
89
59
30
63
33
37
68
64
88
77
82
24
59
56
63
88
 5
56
 8
61
63
55
57
37
50
64
75
 1
48
83
54
37
52
11
89
62
80
62
87
 9
90
39
76
73
36
 1
56
61
12
73
70
40
94
60
48
26
42
89
73
38
55
47
52
20
79
38
15
60
19
45
52
55
74
90
90
84
62
94
20
84
 7
33
90
83
 6
89
78
73
33
92
23
81
67
37
70
30
40
 3
 8
38
89
32
 4
50
73
 8
79
68
79
82
86
22
58
99
55
14
15
65
49
44
 5
99
13
35
45
31
58
 3
 6
70
38
53
82
24
 8
77
20
70
68
20
79
70
17
79
36
45
20
34
84
72
89
37
37
48
 9
85
 5
62
82
10
42
19
51
54
37
86
51
50
39
73
58
19
95
25
89
92
 3
49
14
30
27
51
44
83
 5
86
41
 6
 7
27
33
53
11
35
59
70
38
40
42
20
56
17
18
29
15
70
 5
32
20
 8
38
75
97
 5
82
52
83
69
20
50
57
79
24
72
73
16
49
17
13
65
 8
69
93
12
89
98
65
89
85
 5
46
18
65
29
 4
94
97
45
41
64
21
59
 9
34
87
40
84
65
80
92
43
 6
 4
20
68
79
88
59
26
28
77
50
37
91
40
29
94
41
99
97
44
43
94
58
63
61
81
62
98
98
84
80
51
60
 3
25
96
49
 1
30
19
85
48
43
43
47
79
 3
70
24
25
80
56
92
64
56
68
95
81
82
64
41
61
49
12
88
 1
69
90
59
82
10
15
26
84
90
14
15
70
59
75
84
31
99
38
 7
22
47
19
29
89
76
32
24
87
49
41
10
15
77
56
57
64
87
35
71
98
38
94
31
74
93
 2
18
94
92
48
86
35
 9
54
12
25
53
43
93
 9
18
 5
 3
84
 6
 4
 4
48
30
40
99
23
60
27
46
24
83
87
85
18
33
39
46
40
 2
64
55
32
57
39
98
43
76
16
 6
72
42
33
63
 7
92
44
55
12
73
51
15
20
93
20
 4
21
31
61
 8
46
75
82
28
77
68
57
 3
78
30
33
15
60
17
42
15
87
15
 6
35
40
20
 5
 4
43
69
31
50
51
27
65
 2
36
59
93
60
46
 2
33
77
80
68
63
87
54
84
31
43
 6
21
29
97
 8
81
18
89
37
44
99
60
71
97
93
67
61
69
24
40
48
 3
98
 2
79
64
60
39
80
42
90
41
51
17
66
63
35
73
22
56
23
34
54
29
72
54
88
57
47
 5
50
16
15
54
80
65
82
78
22
47
89
16
13
18
84
94
16
 9
61
45
45
99
93
38
67
13
62
42
89
29
91
49
92
95
98
73
 5
69
65
51
95
43
50
70
82
84
39
30
27
70
51
80
 9
22
10
42
57
27
73
44
30
52
63
73
24
45
73
10
94
22
79
12
76
23
55
 3
83
64
19
84
89
45
92
97
34
39
 8
17
92
43
58
70
44
 5
 4
27
60
90
38
51
68
39
45
69
 2
40
21
41
98
91
 3
 5
44
89
89
48
40
71
96
15
87
94
94
70
60
73
24
50
61
19
 9
16
40
50
56
22
61
 7
82
55
 4
 8
36
18
77
18
75
20
40
51
52
73
 3
75
77
29
 6
56
 8
64
41
73
27
57
26
90
76
48
90
95
97
43
75
64
40
39
23
 5
97
34
44
19
26
16
46
38
27
62
 1
58
13
73
54
57
53
64
32
 7
42
14
67
39
49
41
81
22
 9
65
60
85
30
46
61
28
42
48
71
91
85
22
66
95
67
69
 5
38
73
60
69
55
63
68
22
27
36
15
93
52
 6
81
18
52
70
46
97
37
94
62
80
 7
13
93
22
93
70
28
43
36
92
 1
36
98
20
43
29
10
82
71
75
34
66
52
69
57
33
58
53
16
50
34
21
16
97
98
77
86
95
 5
68
33
39
80
36
13
64
57
10
98
36
46
87
54
97
30
34
13
57
42
28
43
47
22
89
 7
43
92
44
17
85
47
23
72
63
22
65
81
21
13
33
60
63
12
92
14
81
49
83
92
 4
89
17
 8
94
72
27
28
80
62
30
39
56
81
 1
55
35
87
18
96
86
96
13
25
54
74
42
22
67
31
29
24
55
29
13
 6
74
13
23
88
58
34
39
16
95
20
36
40
48
72
84
60
28
77
14
79
19
74
91
91
80
81
33
99
16
21
 4
45
43
56
13
56
50
64
72
18
62
59
17
49
18
 4
53
86
85
14
45
71
92
89
89
53
15
86
 6
69
12
63
77
42
25
 1
80
56
50
45
28
28
87
80
75
61
83
46
10
92
72
42
61
 8
29
26
82
40
39
21
99
39
90
87
17
24
19
27
53
76
73
 5
99
35
76
49
87
14
 1
97
33
13
70
88
67
54
 7
29
13
97
90
43
19
80
24
56
 1
23
91
 3
 9
63
59
 3
79
39
 2
14
81
 7
53
89
 4
84
36
62
11
38
22
77
22
82
82
92
13
20
 2
68
 8
85
87
76
70
20
67
36
58
51
11
11
30
95
42
88
96
58
95
53
90
40
97
84
46
57
96
96
76
44
39
61
10
66
17
85
 9
11
78
33
18
88
24
58
51
98
93
96
81
90
50
40
48
 7
76
94
20
95
87
67
52
 1
71
99
78
25
69
47
41
61
96
58
43
79
31
57
11
90
52
49
31
52
68
84
75
42
22
90
72
80
82
98
31
93
55
88
81
38
98
65
30
53
47
12
12
62
93
96
24
 8
88
15
 9
19
97
32
11
 9
20
90
33
 4
78
70
49
89
71
63
81
86
34
31
86
30
77
25
 2
83
48
47
49
45
90
97
79
77
48
12
35
27
81
40
25
67
47
46
89
13
20
95
42
60
77
12
69
92
57
65
83
97
99
65
93
57
72
37
 1
24
 9
41
82
81
33
28
70
81
32
73
83
47
25
90
19
61
 2
69
83
 4
77
35
29
72
26
92
12
57
67
 5
30
63
38
17
31
11
29
71
86
67
44
86
 7
37
31
88
69
99
50
41
78
82
49
71
 3
83
77
52
 4
17
32
 8
20
11
67
23
 5
16
44
22
91
54
72
 3
84
83
 5
64
43
95
41
54
54
11
11
42
70
13
76
54
17
70
44
89
21
92
96
27
74
57
71
70
93
80
73
20
88
49
36
27
91
76
61
19
54
26
16
54
90
54
17
91
47
10
 1
24
81
39
 3
81
59
53
31
37
 3
95
76
28
34
56
33
18
57
80
71
28
