1000
 2
76
35
29
35
10
 1
68
 5
49
 6
56
28
30
59
57
73
19
82
 7
18
 3
26
67
54
90
46
54
21
60
64
 8
67
15
77
70
 1
68
81
71
33
47
74
52
85
 4
78
33
64
46
67
88
54
71
21
84
57
 7
16
73
21
56
65
 9
70
32
95
42
 8
10
 1
93
83
40
65
53
97
85
59
84
51
13
36
13
85
97
22
63
44
80
14
21
 1
26
 8
81
68
38
36
73
39
57
60
17
86
15
94
88
61
63
 5
75
16
57
47
75
92
 9
12
28
14
74
17
40
 2
17
31
84
61
 2
70
31
73
49
27
 7
19
16
 2
19
66
37
89
57
81
78
84
10
55
47
46
86
19
16
23
10
64
83
45
59
98
50
89
15
89
28
42
13
 2
50
44
38
 3
18
61
62
22
32
46
81
49
61
52
31
56
90
55
43
26
89
35
32
78
70
 9
57
60
48
21
72
 9
81
 6
77
55
24
38
11
57
37
60
92
44
10
31
40
67
40
53
86
20
 9
53
13
41
10
62
28
55
73
48
 3
54
33
89
 1
 6
82
11
 5
52
67
73
78
12
59
51
73
45
70
84
22
78
23
28
97
79
72
 7
27
43
74
79
 7
 4
87
20
 7
34
32
43
31
22
60
52
 8
17
89
58
79
25
42
33
63
27
25
57
65
26
24
23
93
86
35
45
76
67
88
45
29
15
18
68
63
24
 9
88
84
22
85
65
84
92
79
 8
63
91
16
11
81
67
90
13
96
49
46
46
79
 3
38
35
33
23
97
92
55
67
69
93
48
87
43
59
 7
78
62
41
 5
91
 8
32
91
32
54
97
45
87
 9
54
76
15
97
79
24
28
37
94
49
 5
54
 2
71
68
69
98
45
60
33
82
 8
48
20
34
30
98
60
24
76
57
33
15
 6
54
86
92
34
94
11
25
67
36
37
69
61
20
77
17
80
64
91
 6
24
74
81
 4
13
89
 9
57
66
 9
38
45
95
21
85
 7
36
89
 3
 5
22
12
49
71
58
91
92
12
82
60
97
 8
43
82
34
98
42
77
65
87
23
93
52
31
54
57
35
81
33
70
 7
28
 4
23
83
13
41
30
48
60
 2
67
70
 6
86
82
22
48
 4
80
48
26
88
53
16
35
75
58
31
94
67
96
27
60
93
14
91
12
17
80
86
 9
76
52
87
40
10
78
 8
54
67
61
39
 2
42
34
73
88
39
62
36
46
10
20
74
40
50
69
82
11
32
83
60
75
27
28
88
70
 5
74
54
90
86
32
78
72
94
74
85
95
 9
53
63
59
68
93
71
75
24
28
28
77
65
75
32
48
57
50
69
82
95
69
40
 2
 2
53
67
14
92
 9
16
32
30
66
92
76
87
65
49
49
43
68
55
98
30
91
71
90
58
29
86
78
43
59
51
 7
36
29
62
23
18
71
40
45
36
79
59
65
43
77
49
13
24
21
54
82
74
64
60
36
 5
15
57
88
40
37
82
92
95
10
82
20
83
92
46
54
43
19
59
14
45
75
20
92
67
62
72
59
79
22
86
89
53
 8
56
58
15
93
39
22
73
97
 7
47
40
98
25
52
50
59
47
30
40
94
21
85
56
14
18
84
64
88
51
28
47
56
17
60
31
17
35
27
46
36
70
68
70
14
83
 2
44
20
36
47
 8
72
22
60
58
45
55
31
77
87
61
 3
15
52
36
88
84
88
92
13
73
19
71
70
93
57
33
38
93
68
 3
20
61
40
 2
57
28
71
15
94
 5
38
37
33
65
37
65
55
 9
89
46
55
 2
86
64
57
61
48
95
68
52
18
78
22
52
27
45
89
 3
58
77
95
66
54
 4
13
96
97
18
97
66
99
37
 3
59
25
65
62
62
99
 7
70
57
30
57
50
60
59
51
40
 4
13
91
71
17
50
98
 8
88
68
66
74
60
91
16
77
60
67
49
34
16
25
 4
96
33
12
89
26
 3
60
26
66
36
93
59
88
44
35
68
52
 5
32
41
65
23
38
45
69
 3
94
49
46
78
29
40
68
83
18
86
88
34
49
84
97
90
 5
45
28
70
16
66
56
95
14
35
71
25
 6
93
44
70
33
58
95
39
19
75
82
 3
50
20
 3
39
43
51
32
43
95
72
95
53
96
60
 2
93
89
96
19
68
60
43
38
30
57
30
95
23
95
77
 3
65
56
21
50
38
55
60
42
52
66
23
21
84
77
24
39
17
80
38
52
92
64
81
57
31
89
76
88
89
59
27
70
30
33
75
41
86
95
58
72
61
58
39
52
90
53
38
93
66
58
26
39
68
75
 7
84
10
95
68
32
31
 3
12
92
43
