1000
81
33
24
57
47
20
 6
10
44
66
62
 6
86
46
88
71
36
35
21
49
53
97
79
 8
 2
11
54
23
56
91
54
71
25
45
12
57
53
 5
67
82
11
 4
39
90
26
19
83
10
67
41
60
 6
52
14
10
77
65
 1
53
13
67
95
18
18
92
71
10
67
99
61
39
58
86
67
85
31
14
 3
61
45
71
49
28
57
25
44
12
 4
61
80
11
27
 3
23
16
44
66
31
35
16
74
 2
57
92
80
 5
34
99
 2
25
19
65
56
11
50
99
53
 6
 8
85
72
80
21
59
60
55
80
32
81
 3
24
67
60
47
37
23
47
20
40
 9
35
21
21
43
77
35
77
65
24
23
97
 4
28
84
98
37
36
82
13
46
15
28
36
18
42
27
60
75
91
80
80
 1
57
36
11
36
35
88
75
17
17
31
50
24
 5
40
83
19
22
 5
91
36
91
 1
51
 2
94
81
82
58
63
12
56
54
 9
25
95
87
81
 2
40
54
 6
76
 6
96
26
49
35
 3
 5
33
60
36
86
80
73
83
95
61
31
62
57
98
84
80
27
51
59
23
12
60
82
12
66
11
78
59
61
80
34
16
70
83
40
65
18
84
27
65
16
22
 7
67
19
85
11
29
43
89
58
52
66
10
39
58
70
97
55
28
29
55
84
25
 2
85
20
25
51
87
58
83
26
34
79
33
39
75
98
79
90
22
17
70
37
57
68
95
83
11
91
 8
91
57
13
27
78
76
63
 5
 1
27
35
 5
89
74
93
 6
54
31
35
48
96
40
35
60
61
67
47
59
70
31
16
86
60
28
65
56
76
 4
 5
74
26
95
48
36
71
29
61
15
48
75
28
85
84
45
82
80
21
65
79
24
92
50
31
37
94
72
11
79
67
23
50
90
33
49
12
15
30
94
71
76
53
89
 6
76
77
51
 2
83
47
35
87
91
 8
68
 8
16
96
48
42
98
22
98
78
93
77
 2
56
14
22
75
82
89
47
13
23
38
92
74
 8
 1
16
18
15
 4
71
97
91
64
19
77
69
49
 7
 8
39
10
59
25
41
39
 1
87
25
36
53
49
52
27
45
46
85
47
52
19
31
35
35
55
98
 9
59
41
31
 2
85
34
54
45
26
51
41
35
18
56
99
84
46
55
89
27
46
 6
91
27
29
 1
23
94
47
73
18
56
63
77
80
61
19
71
17
96
70
73
58
74
19
12
83
88
41
52
53
62
 6
 2
58
25
59
81
 1
24
54
85
 9
 5
23
84
98
67
62
21
93
39
36
41
12
70
48
99
22
81
 7
18
81
88
30
91
87
10
13
46
98
 3
97
42
 5
31
77
23
84
93
72
98
23
36
10
66
47
65
46
71
32
87
52
89
36
97
20
42
49
38
98
31
70
42
18
 1
 8
98
13
10
60
49
99
23
13
35
29
18
31
40
52
88
 3
10
40
64
 3
14
76
30
92
46
74
38
90
86
49
27
94
53
60
19
72
73
90
28
44
67
72
26
46
 8
 1
23
99
37
74
 1
82
97
95
42
33
60
48
26
60
19
27
95
14
30
 1
90
84
44
91
52
71
46
69
79
 5
15
21
54
53
46
 9
13
 6
42
69
73
59
84
70
12
97
53
80
93
83
42
60
18
85
74
44
46
19
72
96
25
37
45
43
73
69
94
44
75
20
75
90
26
34
15
40
75
44
39
34
13
96
91
13
57
85
 8
84
69
85
30
76
71
95
14
93
77
26
23
25
25
94
59
42
18
88
25
 4
52
63
60
16
60
17
63
77
23
17
25
52
90
36
88
78
83
55
72
91
76
72
61
46
55
25
92
13
69
29
76
54
40
44
35
43
47
76
26
22
87
30
39
75
88
16
99
18
90
13
 8
58
88
30
19
48
19
24
 8
79
16
31
14
31
92
89
16
34
97
86
34
60
85
 5
 1
86
49
34
 2
60
75
86
37
10
40
91
92
19
31
28
67
22
97
43
66
20
27
33
89
 4
42
23
25
53
 9
36
90
10
70
76
15
13
83
17
16
57
69
22
62
91
61
95
73
13
66
85
49
56
17
23
76
62
23
37
22
 7
10
42
28
68
58
98
47
33
21
65
33
11
21
58
93
48
41
 9
60
26
83
52
58
20
96
33
34
20
90
52
31
78
98
66
63
82
29
30
87
27
47
17
 9
77
50
 8
35
17
64
66
96
26
20
 5
79
37
59
58
52
78
 5
64
43
68
47
70
82
68
 7
70
11
42
89
77
 5
61
23
54
19
70
78
93
86
81
53
81
76
81
58
16
53
42
36
38
34
25
86
40
 9
40
26
90
76
78
29
73
 9
59
13
46
63
