2000
72
29
45
46
22
14
65
42
32
85
28
23
45
94
31
23
26
82
60
79
26
57
83
93
88
83
30
17
83
56
 4
62
47
75
97
92
18
99
57
68
64
 8
65
31
52
11
99
71
86
82
24
86
64
31
68
72
63
74
80
34
11
60
61
83
62
85
96
98
30
38
 3
18
75
47
80
26
40
50
97
33
97
53
 1
84
19
95
77
 6
14
26
62
16
74
60
22
39
54
35
84
10
 6
56
83
19
50
33
59
22
43
85
88
96
69
47
99
34
84
36
25
13
49
97
72
45
 8
30
31
61
99
59
30
 2
90
97
53
90
15
52
12
66
95
93
 4
37
53
82
44
27
54
47
 4
 4
20
 9
31
34
40
56
11
66
27
55
20
84
26
12
36
30
46
54
68
43
23
66
50
13
48
33
87
92
19
34
72
69
24
36
79
33
 1
32
50
54
 8
77
63
 6
49
57
30
22
66
47
81
67
51
 3
 5
65
 1
37
96
94
66
11
64
86
10
17
82
26
10
62
15
10
62
41
93
43
97
 3
 3
36
46
96
26
89
 3
11
18
24
 6
84
65
28
79
 2
83
17
67
47
25
30
89
59
37
 4
59
19
63
12
 2
26
95
25
99
29
99
96
97
10
10
97
 4
32
10
25
40
37
 9
 3
40
83
15
 1
58
47
28
88
10
44
47
60
92
16
21
24
92
29
19
 7
49
25
74
83
80
90
65
53
24
61
87
76
11
41
80
22
28
57
62
 3
77
11
44
72
95
69
63
56
33
44
26
74
72
95
74
62
72
34
89
10
 7
25
40
50
16
94
74
15
14
30
94
68
70
68
71
64
33
90
79
28
77
75
81
89
76
65
49
97
58
92
63
32
59
89
57
24
34
76
69
37
19
17
44
91
41
31
72
88
24
96
96
29
32
88
70
72
67
90
 5
39
68
56
87
86
50
25
 6
78
93
83
60
77
52
78
 9
65
90
67
 9
31
86
13
15
34
46
 6
97
83
49
37
25
20
77
77
87
77
45
11
19
80
66
64
63
61
14
83
52
63
68
 8
65
12
35
72
 8
 4
16
11
92
11
22
77
59
58
 6
66
 9
42
 5
37
 8
82
75
33
19
45
 3
12
16
47
70
43
49
86
77
20
18
79
87
43
 5
81
81
96
33
55
23
90
19
54
88
99
49
21
89
61
86
25
14
50
 7
61
38
19
88
43
23
 8
60
90
52
 6
 4
57
24
86
43
97
43
78
 7
19
52
10
96
15
21
79
48
26
42
97
 8
33
58
47
34
 7
75
99
24
48
47
58
85
32
39
50
57
57
31
19
83
77
50
81
72
68
32
78
 8
12
72
60
74
74
70
92
58
34
35
65
67
50
58
21
64
34
15
97
14
88
92
58
84
 4
28
44
73
70
32
 7
94
78
95
56
32
85
55
84
54
19
99
87
23
78
18
73
76
28
37
53
28
31
88
 5
62
 9
35
30
64
94
76
72
53
55
91
 9
78
47
42
 7
40
85
66
57
92
95
 3
53
80
11
83
44
79
 9
18
22
96
35
15
88
87
98
65
47
56
 8
42
55
81
26
 9
 7
53
98
25
73
53
53
40
60
60
15
37
11
26
31
32
36
83
62
 5
72
52
24
50
56
93
36
23
38
84
70
75
88
51
50
63
46
49
84
 3
49
16
 7
71
 5
94
89
28
34
46
 3
44
45
41
97
26
87
81
73
 9
13
99
19
17
18
19
72
68
93
 1
 9
10
40
73
87
56
82
85
62
48
56
26
 4
66
80
 9
30
36
86
53
88
68
41
14
87
46
17
58
27
22
44
97
29
26
 6
79
93
64
11
67
10
84
10
87
46
 2
61
82
17
69
59
66
82
71
96
82
80
30
70
94
17
 3
35
 5
32
66
83
 3
92
59
70
86
78
74
54
18
45
78
80
62
36
63
72
 1
94
80
62
36
88
77
19
76
70
86
14
54
89
90
68
32
89
 5
46
55
97
 1
15
23
53
20
39
15
52
 1
49
59
92
58
28
73
80
46
66
71
57
47
35
53
58
 5
14
79
23
60
33
62
83
95
70
37
52
48
47
85
14
12
73
62
85
61
94
69
16
42
74
72
80
54
66
79
78
64
35
81
66
82
38
64
35
36
64
 9
62
82
26
87
53
74
89
57
13
46
73
66
35
16
61
90
72
74
81
84
73
67
 4
92
26
24
76
93
34
49
96
14
36
37
 5
 8
87
13
99
 9
47
64
82
84
63
66
 8
61
 8
71
65
89
53
64
51
88
43
35
70
51
50
 4
25
46
62
23
23
 2
18
96
66
 7
97
63
51
 8
10
37
55
42
87
 6
12
87
12
47
71
72
94
64
55
12
33
21
71
25
63
50
29
 1
31
46
 9
63
 9
88
18
98
70
22
99
11
54
34
23
44
27
59
15
65
90
55
72
22
22
64
12
90
93
24
80
 6
94
24
12
 8
57
84
31
89
23
60
 3
68
78
11
12
97
60
86
91
 8
76
48
75
 1
35
48
85
 2
46
47
44
91
66
41
11
96
55
89
47
82
31
35
77
37
70
86
 2
58
59
66
72
67
30
80
27
35
79
30
89
44
44
20
97
 4
82
59
10
 7
48
40
31
56
41
81
 6
59
71
11
21
 7
55
78
85
32
63
86
95
90
44
18
79
22
49
37
25
58
67
80
66
34
18
68
60
56
85
79
20
 5
59
27
12
94
63
53
19
10
29
99
63
97
 4
62
73
62
53
92
23
43
28
58
96
99
78
 4
20
 4
80
53
18
58
43
76
25
49
82
65
23
30
 4
47
19
63
17
65
45
13
85
78
96
22
57
92
81
45
79
75
 4
88
27
77
53
32
71
98
18
66
96
39
 4
48
 8
54
63
63
25
72
29
46
10
78
59
27
31
28
56
35
 5
 6
16
75
 9
71
41
54
21
29
61
16
75
41
27
37
91
44
 3
50
55
76
22
55
21
77
34
61
10
57
17
55
73
15
70
97
96
 4
55
82
 8
99
32
37
71
88
22
94
38
34
57
43
20
21
73
52
51
57
54
 5
39
21
21
11
36
20
87
65
44
86
30
90
80
39
18
44
22
47
70
39
70
41
53
35
15
90
98
75
67
94
61
 2
48
 6
82
33
81
37
 2
55
88
83
57
75
21
74
16
20
49
23
20
 9
41
76
28
91
20
21
70
83
68
64
 7
75
50
44
76
73
31
77
54
18
52
98
86
56
46
28
31
21
58
75
73
69
37
52
27
49
99
92
18
54
88
39
53
17
44
19
37
 5
38
47
94
76
42
89
32
75
10
20
82
76
38
 8
94
 2
83
73
 5
15
 5
33
35
92
97
84
69
91
13
53
57
22
93
52
83
28
50
55
63
94
97
66
90
85
67
70
 7
13
36
44
27
72
66
18
70
20
98
66
35
35
23
24
88
41
23
94
90
35
51
46
12
98
28
80
91
20
 3
62
93
31
87
64
70
72
 3
68
34
84
30
47
40
54
25
53
46
 2
83
72
94
40
 5
56
64
94
59
74
31
25
87
26
94
 6
64
31
14
39
17
54
95
52
63
86
81
30
55
 6
98
64
70
81
83
50
56
28
72
12
76
55
59
15
50
53
13
 8
24
37
53
68
93
89
82
12
 5
40
68
13
35
97
78
12
10
15
55
47
34
49
41
99
 7
25
40
78
 4
82
 7
32
63
76
90
29
 6
39
83
77
94
58
18
28
67
91
73
48
62
62
17
87
50
58
42
31
 8
85
45
74
44
97
98
92
12
34
36
60
 8
 9
45
79
 9
93
56
68
41
94
37
99
27
 9
84
94
 3
35
97
99
69
37
56
33
52
33
66
28
31
94
14
76
38
57
74
75
56
89
18
 4
31
62
75
13
33
37
84
69
74
11
98
23
21
71
62
60
93
65
49
95
20
42
51
57
23
85
37
39
81
91
50
71
93
96
56
60
45
28
51
77
30
62
87
37
22
81
65
28
17
22
44
77
12
53
89
60
69
45
60
74
63
38
 8
82
69
49
11
33
64
58
30
63
22
11
70
 2
67
57
74
85
59
73
 9
75
71
 3
77
12
70
33
26
97
14
68
53
22
86
12
23
45
21
 2
73
38
83
28
12
99
89
81
 7
51
35
40
61
15
 1
63
74
14
 4
90
80
53
79
15
60
42
55
30
40
30
86
29
46
90
34
31
35
36
51
38
91
15
52
88
75
42
34
 5
48
35
29
11
25
 6
42
 8
13
71
71
93
68
48
62
 7
21
73
77
83
25
33
49
 5
66
39
93
31
89
27
42
91
74
20
94
30
25
42
17
75
 2
 7
13
38
72
77
85
99
77
18
 3
96
21
41
20
60
77
60
32
29
96
58
29
88
41
82
28
32
 1
68
56
41
31
21
45
47
77
19
26
70
10
26
81
28
28
27
29
74
80
82
25
89
52
47
32
53
45
 9
46
49
35
18
42
28
 8
53
15
51
67
96
91
74
17
68
69
80
 6
82
78
19
43
84
13
64
68
29
26
43
90
58
48
59
68
40
94
54
55
18
56
29
85
55
22
69
11
89
11
 8
76
22
 4
61
38
17
18
55
20
60
16
10
92
63
15
85
 1
10
66
33
 2
 4
85
 2
33
60
89
 5
 9
 8
29
 9
18
77
76
63
52
 1
52
 9
37
19
45
 7
75
23
17
