800
18
64
40
93
41
62
15
33
96
77
24
66
85
51
52
36
29
37
29
23
21
87
63
76
31
66
70
74
32
33
23
96
31
49
11
84
 4
42
52
62
10
83
18
77
61
28
35
52
50
57
18
98
 5
67
 2
85
59
75
24
11
31
41
15
78
79
18
67
19
37
 9
31
50
93
36
 2
42
19
26
57
52
12
83
 5
17
52
94
94
51
49
93
62
47
61
60
62
36
83
83
40
75
75
33
20
66
18
 1
48
11
82
50
69
63
 8
13
83
73
46
90
45
36
92
19
72
 2
42
 4
99
36
11
20
84
71
52
90
59
61
97
 7
54
69
67
23
90
96
76
96
68
 1
69
89
34
84
30
 6
59
27
92
91
35
33
74
60
74
52
95
71
64
75
97
36
37
39
94
68
17
49
 6
48
94
63
96
32
 6
25
49
70
54
10
28
59
47
65
35
97
 9
 3
33
70
16
28
26
35
38
72
71
24
10
 1
31
39
21
62
 5
70
84
73
83
87
 9
71
58
46
87
56
 2
83
 5
39
86
94
72
27
41
 9
21
58
12
36
 7
14
32
 3
29
31
63
66
58
26
12
89
95
68
90
 4
76
12
28
29
 6
15
74
60
62
61
46
20
67
19
20
60
19
40
39
30
19
40
42
89
94
66
62
70
10
89
32
91
12
23
15
 5
71
14
16
91
84
 6
91
89
83
13
 1
60
25
11
24
69
16
91
 6
19
27
61
 9
83
67
59
82
79
57
66
11
41
91
58
23
23
13
20
75
 5
98
30
53
12
77
46
12
32
65
24
16
44
66
63
72
41
 8
38
42
47
53
99
12
28
68
 3
 7
98
88
48
41
 4
61
97
74
97
99
47
68
84
33
 8
30
64
89
 6
21
14
92
17
 5
80
 9
69
59
13
32
36
73
71
28
17
81
88
43
75
58
11
90
99
11
60
12
51
 7
85
49
10
68
33
 2
24
64
80
 7
 4
42
 6
34
80
29
 3
21
40
34
20
38
59
96
53
16
74
 1
44
11
94
97
27
70
81
77
87
42
21
11
51
 1
16
96
72
45
97
73
65
24
13
83
18
62
76
77
38
15
28
46
82
63
13
51
13
46
 7
57
29
39
 6
29
10
16
 2
 6
40
60
76
 4
41
70
16
61
62
50
91
84
83
 2
99
 6
83
26
16
15
81
44
61
60
65
40
 8
 2
83
52
45
97
96
94
45
17
20
62
18
48
89
62
 2
99
23
59
12
82
12
75
47
31
77
 6
 2
91
65
16
91
 9
 5
76
11
50
86
88
64
 4
 2
76
63
67
98
80
40
 1
95
43
74
24
95
 9
85
41
53
39
70
98
55
58
56
30
21
30
50
86
15
99
30
51
94
57
91
93
49
 7
71
64
49
78
79
28
16
49
42
80
76
28
91
78
25
80
36
35
83
30
97
75
46
11
71
47
21
24
17
44
55
65
99
61
44
68
 6
39
19
38
65
83
18
28
78
73
18
19
 1
96
58
58
72
37
 4
25
54
71
 6
69
45
86
92
 4
57
61
47
80
13
46
 9
40
37
81
61
64
26
74
42
31
51
82
16
72
79
32
71
67
74
 7
86
54
63
35
 1
90
16
30
36
61
47
88
46
41
71
 2
98
38
13
16
61
94
24
56
37
 3
 6
72
91
85
67
25
12
14
41
47
70
15
78
31
95
23
40
48
55
50
21
69
32
17
 3
81
 3
13
91
79
17
49
24
16
66
49
99
 2
37
53
36
31
57
88
83
22
26
52
 5
57
18
96
67
 4
71
44
44
 3
46
 9
59
 9
54
84
90
67
56
49
72
 6
28
53
88
40
75
47
 4
61
29
10
39
94
73
35
32
25
37
34
70
57
37
27
65
 2
59
52
47
