500
78
65
55
92
45
71
40
63
46
70
25
81
94
 3
15
19
 7
 6
80
33
 8
32
11
86
87
44
96
12
84
74
59
70
91
46
40
12
75
65
54
68
77
64
17
90
81
 1
56
73
53
 9
16
48
15
 4
69
21
42
29
36
31
78
39
26
70
39
42
10
89
 3
54
37
14
56
 5
96
63
94
64
44
46
56
 7
87
 3
61
79
57
51
70
18
69
36
18
55
72
27
12
63
 9
60
97
93
89
66
59
38
93
90
35
80
 1
52
51
62
76
25
42
46
87
 8
47
67
10
61
74
86
82
73
93
28
58
42
80
 5
37
26
58
26
 5
50
44
89
70
36
72
50
38
25
 1
49
95
60
44
41
41
27
64
57
57
72
68
65
47
40
19
58
27
29
24
34
 2
 4
11
98
14
81
50
52
 1
96
27
95
41
12
25
 9
22
36
51
50
24
22
14
12
38
37
23
94
28
45
20
40
28
97
75
68
20
 2
14
60
61
21
55
50
 1
98
57
56
80
77
45
 9
28
57
 7
14
67
10
55
 5
29
76
 9
31
99
61
21
22
96
49
86
76
90
60
72
37
76
93
 2
72
17
23
 5
35
40
44
21
28
39
11
22
46
42
65
53
 4
 2
10
78
41
73
 6
89
12
31
64
 9
41
92
99
16
58
 6
31
36
87
51
83
24
20
32
81
75
30
 3
79
 8
62
93
42
26
64
 3
93
41
85
95
64
39
 5
92
57
54
24
89
39
87
89
73
13
84
66
96
47
19
31
65
31
25
22
 6
41
87
95
58
63
58
30
71
78
87
31
45
42
69
89
85
77
59
21
43
 3
65
48
54
16
97
80
10
59
56
 8
41
75
37
93
37
 5
49
81
17
 7
27
83
37
63
10
84
84
52
96
21
16
57
27
61
 1
82
 9
70
34
39
49
51
73
96
92
76
55
39
26
88
59
37
74
80
79
62
22
45
43
59
91
86
70
16
26
10
98
24
90
52
59
82
46
97
48
41
17
23
52
22
93
11
 4
37
94
 6
 6
18
46
21
94
76
81
79
 7
52
18
 4
87
 3
32
37
31
35
89
98
83
29
25
70
90
46
53
14
21
63
98
97
69
41
25
68
44
69
54
15
48
74
53
66
76
66
69
92
13
72
17
15
71
67
76
18
53
34
 7
75
58
53
