2000
37
65
80
73
18
52
81
38
59
98
 1
92
97
59
34
17
34
68
16
52
77
50
77
40
18
31
88
66
86
 1
80
 3
21
60
66
91
75
13
75
90
14
44
89
88
14
26
18
24
15
20
89
33
64
76
18
27
60
44
75
55
61
75
79
38
74
 6
 6
24
65
51
15
67
21
66
50
64
 7
 4
45
72
38
45
36
12
18
13
94
95
63
48
85
 7
56
74
69
18
54
15
40
24
 7
84
28
56
83
28
65
45
84
45
28
11
31
36
55
59
 7
29
73
32
54
33
14
10
73
57
46
30
60
58
31
75
17
36
14
36
52
55
41
84
48
18
44
73
68
44
71
77
96
 6
90
 1
 7
52
76
90
17
93
73
53
41
65
65
 1
 7
40
46
61
25
28
 6
77
 1
92
49
78
72
78
30
 4
48
31
54
52
41
20
12
 8
83
61
91
46
93
25
47
52
89
43
66
80
46
88
10
49
38
56
64
26
13
 8
99
11
21
 4
43
24
27
 5
81
54
70
49
10
51
57
86
 8
23
72
94
92
18
 7
38
23
58
54
 1
88
 4
 4
60
69
 6
70
32
 9
36
78
40
68
56
69
55
12
99
22
58
95
33
58
59
11
86
45
37
39
99
40
27
86
81
 9
24
50
27
48
32
75
92
55
15
75
77
70
86
49
 4
24
 8
84
42
49
 8
81
83
45
 6
75
 5
82
47
 2
17
35
47
76
53
 7
32
39
82
69
78
31
13
58
58
49
61
46
62
67
42
42
23
35
90
41
23
66
35
68
84
43
48
41
36
 2
89
90
65
65
77
72
41
80
94
18
97
10
53
17
 7
61
60
32
94
74
71
10
28
73
89
78
66
96
98
28
55
 5
84
42
79
94
38
69
68
94
85
27
40
 2
45
15
87
 4
56
12
21
76
76
77
18
76
99
89
36
15
76
47
31
83
14
 2
29
37
 5
 8
90
66
86
65
28
62
89
60
11
55
28
68
14
87
41
17
51
76
32
77
38
29
77
93
49
59
89
 8
76
75
 3
84
94
10
32
 4
18
 9
20
26
40
96
 3
88
91
24
83
48
44
 2
87
15
36
36
74
13
52
73
61
92
96
66
43
42
27
58
87
14
70
25
57
27
99
32
46
54
80
79
 4
35
71
95
 1
71
93
 7
33
94
44
91
 9
89
71
34
24
69
91
72
58
64
59
68
 4
29
71
85
56
44
20
17
92
93
71
29
43
13
90
85
94
75
87
99
47
23
93
78
21
 5
55
29
80
18
67
67
47
42
99
 7
67
33
56
67
20
82
36
91
19
99
14
87
94
41
 7
 7
28
19
64
69
99
30
42
30
24
36
85
23
60
24
85
63
46
97
45
40
43
 9
23
93
64
94
58
96
43
22
80
42
35
98
94
49
 7
77
38
98
95
77
15
 9
 1
79
89
47
92
 4
53
13
 2
26
43
70
53
53
30
75
41
95
51
58
87
80
 4
33
77
21
82
80
36
96
64
68
10
59
33
69
45
21
55
35
20
36
70
79
93
28
43
52
72
87
19
29
39
79
23
 5
28
87
80
42
18
45
53
19
11
62
95
68
73
12
34
28
 8
84
36
96
26
70
23
30
 4
69
43
49
76
 8
92
24
58
49
95
70
50
73
13
48
17
34
19
97
82
36
83
87
58
67
34
23
27
26
 2
81
87
59
44
39
22
73
57
20
55
19
46
79
78
25
78
17
20
65
97
37
11
50
10
77
50
24
15
77
 7
39
23
56
61
24
99
35
33
82
77
94
88
66
15
98
77
43
99
57
99
96
94
87
32
12
22
36
45
44
88
 7
10
52
41
69
44
73
47
 1
98
39
19
22
12
 2
41
84
61
66
34
71
18
13
25
70
56
68
44
73
89
63
25
74
16
 3
14
11
42
70
83
19
47
40
60
45
66
81
26
13
74
32
45
38
25
46
63
30
23
69
 6
68
14
63
53
68
37
23
14
44
46
18
66
93
33
83
84
83
72
13
26
80
97
73
11
 3
49
77
51
33
10
59
48
78
35
71
61
96
23
48
24
 3
28
70
13
52
56
63
88
26
39
47
61
 8
46
19
17
86
10
32
80
67
30
80
23
25
52
63
98
90
54
 4
30
91
46
28
95
45
40
66
78
33
59
85
10
38
71
96
56
80
 5
84
 7
41
26
72
86
 7
49
63
73
 3
48
15
34
86
46
36
50
41
49
83
65
38
 8
71
 7
34
53
30
33
47
21
53
45
89
79
66
 9
91
95
40
50
10
55
 7
43
40
52
89
72
34
81
96
74
45
46
98
51
80
14
40
61
23
26
 8
69
63
 4
99
68
21
43
 9
56
 6
62
95
76
70
77
28
14
39
66
87
38
30
18
 7
96
87
 3
43
62
14
75
60
13
39
47
97
52
 7
30
34
76
10
87
97
61
73
16
40
88
90
71
32
98
44
55
82
59
81
 8
54
70
99
 7
71
68
13
94
89
58
34
76
26
56
63
85
27
33
12
50
59
68
49
95
 7
 7
 6
68
59
14
15
51
84
25
30
40
49
85
 6
62
94
92
59
89
40
 1
28
43
90
39
22
44
66
83
92
75
80
25
 7
60
18
94
61
87
42
76
30
86
49
78
57
 1
37
68
10
59
81
71
86
86
99
34
15
45
90
27
25
75
24
22
13
10
85
93
15
 7
32
86
92
33
71
16
32
96
29
13
86
61
99
92
46
69
52
82
70
87
 5
49
68
 5
 1
78
59
84
36
63
93
34
55
24
84
58
65
30
14
72
87
59
60
54
92
47
34
86
52
59
40
90
32
58
70
96
73
83
53
37
89
19
35
28
12
67
43
21
25
 9
 9
81
22
53
76
80
 5
76
99
60
95
48
47
55
41
25
97
26
 2
34
75
 3
15
29
 1
80
97
 6
80
64
92
 1
46
13
38
45
49
70
28
81
17
54
77
41
90
67
47
75
39
96
40
41
78
99
27
25
72
21
 3
37
77
19
59
15
76
89
42
 1
67
34
99
22
76
62
85
42
37
98
13
 1
 8
50
41
18
82
36
86
96
55
 9
18
66
89
97
57
18
72
70
34
87
89
69
 7
20
94
13
11
61
25
 4
47
45
35
63
55
93
86
96
 3
95
74
43
30
11
40
96
72
37
27
48
13
90
47
56
78
52
 9
70
37
20
68
24
 6
17
78
45
28
 2
56
57
31
29
79
52
22
97
28
98
32
60
59
50
72
98
44
61
94
59
77
30
44
48
51
80
91
82
13
37
 3
90
30
75
72
64
39
 4
72
60
25
68
14
31
 3
35
 4
13
55
34
80
38
82
27
13
88
28
83
56
66
39
20
20
14
20
91
77
32
46
94
59
45
68
59
41
54
21
 1
96
41
26
 8
10
46
26
27
19
85
24
27
94
52
75
 7
16
34
 9
35
41
17
14
59
56
 3
74
 4
83
96
92
75
35
 4
77
 3
 1
 2
32
30
31
 3
42
84
51
87
65
43
26
26
51
13
 7
67
76
66
33
99
29
22
59
79
24
24
 4
28
99
19
20
78
48
73
21
 5
51
21
17
71
74
10
78
72
74
22
65
86
94
18
58
 8
86
18
29
87
39
46
80
50
53
47
80
14
43
24
54
69
96
79
28
70
89
24
 4
65
75
42
51
42
45
51
95
 7
77
79
 8
63
85
72
41
19
75
56
43
 2
 6
88
91
83
90
92
68
 4
17
36
24
 6
26
36
48
57
30
38
 7
91
 3
79
51
 8
33
72
59
90
72
 4
14
97
50
 4
96
44
21
73
71
55
88
31
62
 5
67
53
87
18
72
82
48
61
35
73
64
82
72
46
 4
29
20
30
48
14
 9
43
22
56
47
22
14
66
55
26
36
82
15
25
46
64
17
24
77
26
18
 3
97
10
17
31
41
10
68
59
43
24
38
15
24
34
99
21
20
35
90
74
60
69
54
69
48
 2
32
40
45
 5
70
94
50
67
99
97
36
20
42
 1
51
59
17
58
49
 3
79
39
62
23
92
65
47
 5
42
86
64
90
 5
37
99
26
78
57
67
94
78
49
48
48
34
47
62
14
43
50
50
94
61
27
59
48
75
20
 6
36
10
64
13
53
46
59
86
30
 3
86
41
93
33
28
35
 2
 9
78
20
37
39
 3
65
54
92
22
75
89
82
94
41
21
57
71
58
71
88
83
48
64
76
60
10
19
63
 3
51
91
 5
55
12
39
48
59
39
32
90
45
24
84
72
81
56
27
60
61
12
82
87
22
25
83
 2
40
60
89
90
86
47
40
31
25
73
91
36
97
 9
89
44
 2
65
32
29
 3
52
32
61
74
33
88
18
21
52
55
56
75
25
83
60
19
71
77
69
19
85
22
89
33
 8
 2
17
81
 4
86
58
21
23
19
80
33
26
48
78
61
62
56
86
97
82
34
38
77
68
45
72
51
78
21
17
13
68
44
42
57
92
64
87
29
61
85
 6
45
43
78
88
57
86
69
13
24
60
40
11
73
79
93
66
23
28
34
51
19
20
10
25
87
33
43
63
54
59
36
98
 3
85
59
90
58
51
92
27
52
30
55
89
51
43
79
46
17
55
72
44
67
85
95
41
18
70
54
58
61
 5
83
90
83
96
26
47
49
80
26
91
69
15
93
 6
91
96
75
82
 4
29
97
69
10
88
12
43
71
