800
 5
92
63
72
60
76
56
59
86
60
40
48
99
20
56
38
50
 5
 6
29
81
98
52
42
65
43
43
82
84
35
83
63
59
98
42
26
69
15
28
48
20
 6
18
 3
58
 2
67
42
88
33
 3
83
30
96
13
60
27
60
34
12
80
20
52
98
89
89
28
84
88
44
53
89
69
87
40
66
56
59
75
81
40
70
14
55
39
70
60
67
78
29
12
62
70
46
 5
49
82
80
43
55
69
89
39
30
68
74
74
21
30
54
72
60
64
17
24
68
 9
99
37
 5
78
48
52
79
93
83
18
59
71
51
30
82
58
80
69
99
 2
96
 3
77
15
56
19
67
67
26
37
84
36
69
62
92
32
77
53
43
80
 4
38
63
34
37
57
42
 3
56
93
15
94
43
39
84
43
47
48
77
 3
17
81
95
13
72
25
42
90
34
38
70
62
94
84
76
97
32
12
45
42
70
41
76
26
61
12
24
42
18
67
50
70
62
 4
32
29
16
86
42
55
95
44
 9
66
49
50
99
37
93
 3
37
16
79
 7
66
16
57
74
14
38
64
52
26
17
98
76
55
74
14
78
70
69
 1
37
42
16
72
97
17
70
33
61
96
58
52
59
54
34
 1
 1
 3
52
97
53
34
35
19
92
62
30
88
 8
86
28
45
 3
90
31
76
63
97
65
28
44
40
 3
68
38
92
99
15
88
77
 5
36
89
83
66
76
66
85
78
73
49
38
69
83
48
 4
30
85
51
97
36
 9
24
15
79
14
59
20
71
88
56
58
10
 5
56
72
98
86
33
88
95
11
51
52
81
32
 5
70
26
30
44
52
43
70
98
 4
13
86
 5
56
62
62
43
97
80
41
18
79
64
18
52
74
56
51
34
44
97
65
20
11
32
52
90
85
94
62
87
24
26
91
31
 9
29
44
12
84
29
92
12
71
46
 4
 4
74
33
56
92
11
95
17
68
81
54
 3
14
 4
45
97
33
28
39
46
66
67
73
96
46
43
58
14
45
95
71
36
88
60
93
96
87
35
 7
80
47
72
98
42
 9
97
94
45
96
 3
68
73
12
 6
49
42
53
29
75
69
98
85
15
64
32
34
 2
52
57
85
 2
10
71
 8
67
38
41
44
94
37
62
67
29
 9
39
85
51
62
60
34
77
33
26
58
99
98
79
35
22
11
 9
11
 4
15
79
46
59
71
49
 2
36
61
38
76
29
97
90
48
25
 2
16
83
62
88
50
18
91
 7
97
32
11
71
21
49
78
69
32
80
67
30
44
15
64
67
53
21
76
89
82
23
62
59
92
40
25
31
68
49
 9
19
77
33
25
43
46
20
43
 2
13
38
88
11
 9
14
68
63
56
21
77
49
 4
21
 1
95
84
97
56
59
47
24
13
22
30
80
18
40
 9
26
58
 5
25
81
 8
22
95
10
80
17
22
39
31
47
13
39
24
33
 6
83
42
87
28
97
13
62
87
47
37
91
 4
58
31
25
94
 8
15
78
30
 1
87
53
42
64
34
66
42
59
66
47
93
62
69
36
22
 8
64
49
 6
44
31
32
97
88
18
73
71
46
89
 7
10
69
17
61
35
25
84
96
91
46
 6
78
 8
32
19
35
14
81
71
46
62
15
41
 7
31
75
21
19
24
61
14
43
 7
80
45
86
37
81
72
37
40
50
67
25
28
25
69
25
57
25
83
80
56
38
 9
72
13
60
90
87
44
53
64
29
61
85
96
32
 8
30
85
98
33
 5
24
44
58
 7
94
53
81
32
97
35
 7
25
70
90
27
70
21
67
47
57
15
22
85
20
40
63
30
98
11
98
88
28
94
52
23
79
68
80
84
79
57
55
57
23
60
36
28
15
56
 5
67
39
35
82
66
 2
