400
82
73
10
50
 3
27
51
14
68
71
46
71
 3
80
21
57
93
42
79
88
33
 7
56
65
 7
39
57
46
21
70
51
43
63
75
78
12
54
34
17
13
 7
99
84
21
51
61
21
27
28
 1
28
58
19
35
 1
17
16
53
36
81
96
26
62
79
 2
 7
54
66
91
97
83
 4
77
 3
87
 9
93
44
83
32
15
38
19
52
86
64
92
55
66
56
24
57
44
86
10
61
50
82
63
 7
 7
13
40
96
31
99
73
49
57
11
25
85
81
53
40
78
78
45
60
80
30
96
51
56
89
40
99
45
 8
80
55
62
90
82
48
80
68
68
87
92
72
58
38
90
98
99
 1
85
32
38
98
74
33
83
72
95
60
88
10
73
24
35
99
95
29
21
41
33
34
45
90
22
61
88
86
30
91
90
34
51
83
11
77
 8
42
80
60
25
77
38
86
73
89
38
90
 4
 8
53
23
16
22
26
69
55
43
18
 6
74
22
 2
92
90
64
42
38
32
74
16
13
32
61
 7
55
56
46
46
41
18
 6
11
70
72
70
67
31
45
38
65
 2
77
 8
64
52
52
 7
19
90
84
93
73
48
34
25
23
 6
19
80
68
89
 4
 3
36
32
33
68
84
 6
79
57
64
54
76
 7
73
 9
19
32
37
23
88
 9
 1
 6
86
84
23
 4
41
29
81
91
61
70
81
28
12
47
52
43
77
15
57
14
94
30
78
84
 7
66
 5
88
48
77
98
49
76
47
52
87
87
70
14
31
25
82
 7
51
 6
88
 4
19
96
16
93
 4
38
28
91
18
69
29
36
16
54
 3
33
60
29
22
67
63
 8
33
57
 7
65
 5
82
65
99
18
34
26
27
69
35
18
98
 5
84
72
93
35
58
 7
82
37
27
47
98
 9
32
14
34
92
62
43
83
 6
88
 8
58
11
93
80
91
73
48
24
50
