200
92
44
80
42
54
64
35
49
91
59
90
 4
35
99
74
65
30
30
92
47
85
21
59
74
81
20
40
85
54
11
50
63
93
63
 9
40
 8
88
45
86
49
74
80
18
88
29
98
17
17
90
93
32
59
36
30
29
93
59
97
57
37
39
 8
25
26
63
85
24
12
40
34
 2
28
68
15
45
50
80
10
42
79
32
26
92
99
69
91
58
20
32
31
94
63
28
29
63
14
36
 5
82
69
79
95
85
27
13
58
73
37
80
 9
17
68
80
94
86
 9
87
28
96
35
87
61
99
95
54
52
45
33
35
85
40
87
75
99
15
95
38
94
22
63
62
65
98
80
16
28
 6
88
63
88
62
62
35
36
11
97
 9
85
20
 6
73
65
58
59
 7
80
48
30
31
30
46
38
70
25
32
60
80
74
76
35
79
98
56
69
44
22
 2
28
89
 7
26
96
21
 5
27
84
63
50
31
