1000
 5
22
 1
42
49
95
 9
80
80
29
94
44
54
94
79
22
20
56
79
69
 9
48
74
76
48
57
22
22
69
51
96
31
11
99
89
92
80
24
39
 4
82
56
63
21
74
12
27
88
54
48
34
 6
49
52
68
28
 4
 5
87
44
39
54
79
27
69
78
80
14
74
36
99
98
92
96
97
94
25
78
 2
55
56
34
 1
17
30
40
79
30
20
43
65
63
25
90
26
42
25
11
 2
95
39
83
 4
93
98
50
68
23
 1
87
97
 7
43
43
68
 7
11
22
56
 2
10
 7
35
 7
19
54
19
 5
65
 1
 2
61
78
32
41
 1
43
76
70
 3
92
41
84
16
76
63
52
18
41
11
24
49
34
83
 4
37
11
55
16
29
26
18
56
68
93
51
69
16
 7
97
20
63
87
51
 2
36
66
41
81
25
71
36
77
59
 4
24
97
50
86
10
38
12
89
89
57
10
82
23
22
21
25
91
50
67
70
37
62
 8
68
83
14
38
48
33
84
 7
71
37
63
76
29
43
87
35
87
99
21
11
40
38
99
80
75
96
25
13
23
33
47
54
86
56
25
99
15
46
84
49
41
90
71
81
18
90
30
63
93
96
85
35
57
94
79
46
82
11
22
33
24
74
14
85
68
85
15
90
11
31
87
27
61
12
14
62
31
96
 9
50
33
85
12
75
23
 5
 8
51
21
93
45
92
48
14
89
91
13
54
 3
21
74
52
77
69
27
89
 6
57
41
14
37
29
74
28
80
64
23
85
 3
13
 8
59
19
92
69
 7
73
52
63
 9
33
39
38
81
 7
83
83
68
79
30
20
 8
 1
18
37
51
93
63
39
65
56
36
11
83
90
71
54
25
37
28
 9
51
69
26
33
 3
 5
67
19
55
96
85
34
50
55
22
82
35
79
73
51
81
29
 7
43
 6
28
94
68
43
22
64
87
45
97
97
86
 8
68
98
69
16
33
59
47
22
31
29
23
25
85
26
34
81
58
95
65
17
21
69
76
48
45
91
85
12
27
 5
25
97
70
42
20
73
91
25
21
16
28
13
15
21
78
88
62
22
48
61
82
72
82
32
38
36
91
25
31
33
87
30
66
84
49
45
98
13
95
85
15
31
21
27
65
85
49
63
 5
66
77
42
50
87
45
57
 9
14
21
64
 4
51
31
94
32
87
21
42
85
76
90
81
81
79
52
16
23
38
15
86
28
92
96
64
67
33
67
50
42
94
63
90
28
65
32
50
36
37
73
48
 3
68
40
89
76
80
38
 3
87
59
 6
29
95
81
26
36
83
42
26
54
89
 4
22
72
75
36
84
84
88
72
62
65
22
49
37
15
43
62
67
99
 5
89
81
93
68
29
62
51
90
 7
20
44
95
74
70
63
66
81
 9
22
 2
40
17
78
60
41
89
 3
32
63
 2
99
65
26
19
22
 5
40
68
87
32
78
70
31
 7
48
54
97
63
80
41
16
79
 1
40
59
82
26
31
31
82
30
72
81
 9
29
20
86
55
23
83
 7
95
67
23
60
62
79
93
98
80
71
45
59
24
19
 6
61
 3
43
16
12
34
21
83
 9
21
13
 5
94
74
 3
16
57
17
43
40
 9
 2
28
75
70
76
51
 5
75
35
73
58
23
75
90
20
89
25
 4
10
28
35
58
20
90
10
 8
48
68
76
34
12
91
58
67
64
 1
58
75
23
26
10
47
14
68
 9
30
41
45
86
50
99
70
29
98
30
50
 4
82
33
56
 3
31
45
56
63
75
92
66
79
62
29
 3
41
39
65
 6
54
78
99
94
49
49
73
55
31
31
24
83
99
73
95
21
72
81
70
84
47
44
66
25
37
85
69
35
19
52
70
25
11
13
38
87
40
92
22
79
14
 9
11
37
37
42
32
46
 8
91
44
93
32
70
61
19
80
79
17
86
31
99
62
 4
24
71
20
 8
82
86
 9
30
97
49
23
90
50
56
13
99
78
29
37
34
43
65
29
75
 3
40
63
53
59
 6
47
 3
87
50
30
71
97
42
68
76
49
24
13
58
71
92
77
35
 1
20
47
91
97
45
89
 6
43
19
23
66
85
 3
99
66
40
 5
76
33
 3
83
 9
71
82
67
58
89
30
42
37
90
38
49
92
85
12
37
36
 6
90
31
33
90
88
34
71
25
69
52
88
79
11
43
 9
53
58
71
54
65
51
98
80
87
99
62
15
70
99
78
33
56
79
46
51
29
41
50
79
91
 9
64
18
30
34
60
19
44
85
88
20
 5
59
71
59
31
42
63
75
34
68
16
19
21
88
97
58
14
16
12
18
64
38
76
36
43
82
87
62
52
17
28
98
58
73
71
 5
12
