400
80
69
58
88
67
12
 8
54
 2
78
13
92
 1
 9
18
48
39
 2
 9
66
43
69
46
12
96
35
60
44
40
 5
27
13
36
78
16
53
96
24
48
54
55
 2
40
57
54
23
77
85
58
61
89
34
46
 6
78
48
99
39
69
95
40
60
21
67
27
30
88
40
74
52
63
76
 3
65
84
53
73
71
41
73
24
68
60
33
61
 6
26
28
20
50
81
58
50
57
85
14
38
48
81
98
25
96
23
84
27
95
47
50
18
48
10
86
94
25
89
29
60
27
91
 9
62
24
 6
73
26
93
 8
65
 1
15
27
13
71
66
72
28
57
73
51
55
47
52
55
81
74
92
70
23
14
33
56
28
81
74
81
10
27
74
46
19
91
71
76
 2
30
83
21
37
72
45
41
 9
15
94
25
98
16
91
15
51
86
99
67
13
79
74
59
78
 5
15
31
61
37
15
 5
19
17
76
58
31
95
12
83
83
73
93
33
64
15
 4
56
86
45
12
50
71
 3
56
19
19
12
37
65
59
 8
 9
 6
53
42
87
41
10
98
37
67
89
70
79
69
87
19
65
52
31
49
62
95
97
44
11
61
 7
93
76
24
64
24
70
98
25
18
60
97
59
97
41
 5
69
53
90
92
64
19
78
82
26
53
54
72
69
48
90
 8
53
94
76
51
13
49
79
23
91
48
56
33
50
58
 6
26
 1
63
72
35
71
54
97
46
43
16
 3
16
50
 1
 5
99
 4
54
87
67
26
97
72
38
44
35
42
18
36
93
68
86
94
40
84
 2
72
11
44
67
91
84
25
35
84
38
25
 5
36
12
73
61
 9
27
47
30
 6
79
92
98
57
59
33
64
98
20
92
68
17
20
92
87
13
 9
56
12
 3
41
78
 9
62
 4
 4
93
52
44
61
 3
38
76
94
91
36
62
55
53
93
35
71
82
33
