800
86
63
82
61
27
60
19
54
 6
46
94
36
91
 8
19
38
78
32
72
30
52
51
66
 6
97
26
78
 4
48
88
15
53
22
11
89
82
77
28
33
15
32
89
47
63
46
48
 7
51
70
72
17
79
96
 1
40
71
63
98
12
91
27
57
25
96
42
92
26
15
 1
76
12
66
34
62
39
92
43
32
65
60
61
36
16
 1
19
52
 4
87
 9
26
92
87
 8
21
31
90
91
48
48
60
56
99
48
 1
 8
57
69
98
28
92
66
18
73
39
88
13
30
53
87
41
51
31
33
37
38
20
94
29
63
76
37
60
 4
98
10
97
92
24
59
91
45
73
56
61
71
62
75
73
33
61
92
 3
56
93
66
17
59
 2
47
89
96
35
92
86
94
88
32
19
77
72
53
17
35
27
52
11
67
43
35
73
31
43
91
26
36
54
45
39
11
24
91
35
75
43
36
47
81
88
26
11
97
74
18
53
37
14
48
71
20
77
53
38
25
76
31
50
48
12
46
49
27
50
 8
14
35
74
11
85
13
32
73
 5
34
59
38
15
84
 6
 1
33
36
24
34
26
10
46
29
98
97
25
68
29
43
58
39
57
53
69
85
78
31
59
25
16
17
14
23
48
 8
83
47
69
69
96
 6
32
78
48
73
79
39
14
31
92
89
34
 8
82
57
21
46
36
79
18
 9
44
20
86
 5
36
38
36
91
39
19
71
14
84
23
85
25
82
67
54
76
90
90
69
 4
89
20
84
 4
 5
96
70
19
72
68
86
35
94
99
63
12
84
32
84
33
46
29
75
17
85
32
84
66
 5
71
71
91
62
62
75
87
64
19
83
26
72
29
77
89
76
13
73
57
33
 1
28
54
13
80
39
55
49
25
 1
90
55
54
52
 5
71
50
67
55
28
76
36
69
93
19
87
64
65
97
84
47
97
67
57
91
17
58
 9
15
20
85
59
52
93
53
32
52
70
97
91
78
44
99
16
63
74
 3
 4
78
80
71
24
77
71
18
82
82
24
39
28
45
24
99
74
84
 7
85
46
12
95
65
43
57
97
15
19
91
38
88
68
71
78
46
29
12
36
87
78
85
35
98
48
67
78
 4
21
36
16
60
34
36
71
63
72
10
 6
43
52
10
88
34
86
 5
45
31
45
86
56
57
76
78
82
 9
30
71
79
73
32
79
76
87
47
46
 5
44
91
76
19
 7
31
47
17
44
22
64
 4
32
27
12
80
54
65
65
38
37
44
22
11
40
 4
12
80
71
46
37
85
 9
71
22
23
21
79
 4
99
67
97
56
13
54
40
66
44
55
97
70
 3
47
68
57
39
76
86
50
49
13
98
74
90
 7
40
28
39
 1
34
51
91
 2
96
 5
63
95
59
 4
61
79
83
38
15
 3
93
83
15
 2
91
31
43
11
85
97
79
33
89
 5
23
54
37
32
41
92
59
64
80
55
67
47
37
98
89
37
48
62
18
80
74
86
93
16
55
61
94
18
94
29
67
79
61
89
41
63
73
31
88
 4
25
27
57
94
57
25
47
55
 6
81
49
99
39
44
21
88
14
57
23
15
67
83
81
 2
80
12
10
33
 2
54
43
16
92
 2
31
12
92
24
42
 8
32
13
 5
65
11
37
64
52
78
86
77
45
10
34
 1
46
38
22
14
99
22
49
43
18
11
65
 2
40
96
 2
22
23
98
 7
 9
73
81
72
73
32
47
38
75
31
19
61
50
 4
25
16
35
95
16
46
69
46
45
 5
89
91
13
18
93
59
19
 9
 2
88
20
 7
57
78
50
92
42
73
77
95
17
93
68
90
65
23
48
24
59
59
90
 1
24
49
61
72
25
92
33
61
25
53
88
41
83
61
53
31
12
42
50
