800
14
48
52
30
38
 3
56
68
 9
12
38
81
31
47
68
53
16
38
22
22
 6
34
75
27
25
81
70
55
29
31
75
89
38
46
40
 5
46
56
45
12
73
82
87
83
71
 6
77
79
46
19
68
97
78
93
40
61
55
37
20
89
61
50
90
29
41
77
38
24
97
46
 5
96
36
90
30
97
94
60
75
17
 6
13
74
 6
14
77
 1
 4
73
96
47
25
97
37
70
88
37
65
49
49
79
 1
29
25
64
10
13
61
69
77
32
30
85
21
 5
30
41
68
84
47
71
66
 9
62
 8
61
72
70
91
92
99
81
67
56
79
85
70
77
 5
40
60
36
91
62
24
 9
45
84
90
57
90
72
83
12
84
41
53
 5
25
64
15
 3
39
52
40
60
89
48
16
87
94
41
31
20
69
43
 3
97
 5
20
84
46
87
44
93
57
74
31
96
60
30
43
64
95
33
30
67
68
66
71
 5
94
96
 3
42
28
51
88
56
67
13
21
45
46
20
10
33
85
 2
38
95
29
60
62
45
35
74
16
22
48
88
92
94
13
43
95
49
64
97
97
58
61
22
 7
89
79
 1
99
78
42
14
 2
 6
19
59
64
 9
40
76
45
68
71
 6
39
83
14
91
30
 7
44
36
54
39
79
 7
29
35
72
15
35
53
28
73
96
78
51
46
72
54
90
72
90
71
25
39
19
19
31
19
45
63
92
71
24
65
80
61
77
92
64
23
15
29
 6
74
32
61
54
 6
98
24
28
22
55
91
 2
83
26
95
56
24
18
66
41
77
61
59
83
 4
74
70
 7
52
24
25
97
23
50
 2
66
99
38
13
49
 1
77
84
 4
 5
36
56
41
30
58
60
35
99
 2
83
68
75
74
75
54
 5
34
 4
83
53
30
42
35
60
66
59
13
10
33
 7
45
40
16
87
94
79
12
86
24
56
66
54
71
35
69
 8
76
55
99
77
 5
20
82
20
17
91
48
48
36
72
29
 8
47
98
 8
25
87
38
55
82
71
38
59
27
90
67
83
70
47
48
57
 5
59
98
54
73
78
70
33
12
97
33
 8
35
41
60
44
50
50
93
 6
82
49
 6
72
 9
83
78
77
56
55
 1
33
91
 6
87
25
34
96
42
48
33
32
56
47
36
67
82
42
93
69
54
 8
19
35
93
77
53
65
93
44
62
93
 4
33
89
65
 8
11
34
55
28
14
33
35
31
55
50
75
86
99
27
93
51
45
19
21
 7
35
61
10
61
13
74
68
16
50
97
14
99
60
96
50
20
29
89
61
67
81
16
27
70
 2
77
31
36
34
 8
 6
23
85
77
53
55
46
83
92
70
60
62
87
29
58
49
82
79
78
21
27
96
 3
68
87
 4
15
11
47
84
26
 9
97
91
56
96
90
64
40
71
90
73
23
76
84
79
21
10
69
43
31
94
 5
71
34
42
37
27
95
45
70
93
 6
41
14
33
61
59
73
 6
28
19
95
99
84
78
60
58
 4
97
31
18
43
24
28
69
25
64
62
51
78
44
83
81
92
19
84
42
94
52
17
16
73
 4
47
99
75
56
29
95
90
26
99
83
49
71
89
86
57
62
61
63
84
17
33
89
41
56
43
82
36
10
90
50
78
 1
99
92
 7
43
66
43
 5
 6
16
87
72
42
42
41
48
58
38
17
23
19
23
76
40
63
37
89
51
15
28
91
75
80
13
71
79
20
 6
73
 1
46
32
57
23
92
93
75
50
71
11
42
81
56
17
30
13
44
23
75
87
93
20
43
35
13
56
99
75
12
41
82
68
51
 8
84
87
24
18
53
49
19
 3
39
36
79
38
54
15
 5
63
17
82
20
17
25
61
61
12
14
59
95
25
85
35
24
13
36
44
