1000
33
29
35
84
34
42
40
30
 6
29
96
48
65
39
 1
69
52
26
 9
84
 8
52
29
63
35
52
99
12
86
82
37
88
20
22
 5
20
41
58
65
99
78
17
72
42
26
60
53
64
74
33
66
59
89
70
66
43
42
42
50
41
48
60
37
94
46
 7
56
33
39
24
73
31
39
22
52
65
65
36
68
99
92
 3
83
17
33
65
87
15
31
 7
16
 6
66
 3
55
14
38
87
50
20
17
47
11
56
62
98
38
84
60
16
73
67
 5
20
80
71
73
 3
77
 6
97
33
11
38
12
64
 4
80
62
31
66
10
60
46
96
96
65
66
56
 2
80
56
68
45
54
27
 1
69
46
55
88
27
86
67
70
 6
57
 8
68
15
39
60
12
68
51
52
22
53
16
99
53
51
97
26
23
93
30
29
 8
93
82
 5
49
72
83
16
53
12
69
 5
 7
21
30
57
 9
91
69
 2
48
14
27
35
97
 4
77
 3
82
59
70
88
89
57
 7
45
57
22
29
43
38
92
12
39
46
86
48
66
 7
15
89
40
12
50
58
67
79
63
80
73
60
72
61
28
52
13
47
77
82
41
 5
73
26
20
47
 1
88
82
49
87
74
 6
86
25
18
19
17
50
11
67
68
33
43
48
30
28
28
44
24
12
69
76
40
92
40
 1
32
91
 8
68
38
83
 2
64
28
21
43
59
56
97
25
90
95
88
88
85
58
30
67
70
54
70
29
58
15
44
24
73
23
21
46
82
67
73
 4
27
81
 4
40
95
77
82
78
37
19
53
31
66
68
35
45
44
54
79
49
 9
51
27
48
12
70
 8
22
53
34
40
13
64
12
56
30
40
28
37
50
51
85
52
68
59
35
 3
57
53
35
80
88
26
20
 7
98
27
24
82
22
88
83
20
87
82
78
74
 6
82
 2
54
39
 8
43
18
77
17
73
51
19
20
 8
23
74
95
41
 5
86
59
29
82
 8
83
 9
14
 6
19
38
60
34
 3
41
83
65
18
36
94
 5
75
51
60
74
 1
75
61
11
88
76
99
44
87
27
55
12
16
48
77
67
48
45
26
52
64
33
36
74
24
 7
34
66
55
79
66
80
86
41
66
69
59
40
34
27
24
59
59
36
51
87
32
96
78
52
93
69
11
14
82
31
 9
90
99
54
62
19
68
23
 2
 6
11
96
46
88
 7
 9
15
60
58
58
34
59
51
36
51
 5
94
67
74
63
51
21
82
23
59
29
85
74
22
 7
 8
64
84
10
73
29
74
91
40
63
30
25
97
43
73
51
43
49
69
99
72
13
31
54
95
36
95
24
98
99
43
58
96
11
80
96
47
12
59
91
17
99
59
56
57
66
93
32
67
27
68
89
 2
36
70
63
27
58
97
46
62
93
 7
27
97
36
 2
22
60
38
36
53
90
94
40
44
15
 2
66
87
66
75
50
36
49
56
75
98
96
13
65
70
17
 5
49
83
71
24
66
14
88
52
44
39
48
73
77
51
54
68
 7
48
22
32
83
 7
80
43
16
37
53
26
 5
49
90
26
62
19
18
62
95
79
93
47
77
33
 7
54
83
12
45
33
88
69
48
28
47
44
51
13
14
73
82
13
38
 2
93
96
 2
50
68
29
22
95
19
62
93
47
19
57
79
36
42
13
44
25
93
92
29
57
96
29
58
26
 6
90
89
22
24
 6
78
12
85
 4
88
10
96
86
 8
 7
71
95
 1
99
81
66
67
15
40
50
24
33
39
99
92
37
75
72
96
74
59
87
66
64
72
59
46
44
38
50
93
64
86
79
86
55
87
 2
 9
55
 7
27
40
29
85
83
20
66
79
68
 5
95
66
20
95
84
62
68
55
88
43
37
85
93
19
18
88
25
65
71
80
88
45
41
91
70
26
83
 6
99
43
82
69
93
94
35
58
78
25
96
88
 9
93
70
78
87
58
17
65
 4
 7
80
53
78
39
10
 5
59
34
51
72
43
21
21
57
51
75
 6
 5
67
64
13
22
40
55
28
22
66
29
76
88
58
86
75
57
 9
12
44
15
67
69
85
 3
23
 6
83
42
18
28
55
44
96
16
77
47
91
81
29
29
66
91
96
35
27
66
52
80
86
16
58
62
37
76
26
38
88
25
66
 6
21
52
50
46
35
52
48
63
41
 8
40
73
49
36
72
94
19
90
51
73
40
43
57
 3
86
82
68
79
15
36
64
41
54
38
 7
38
72
81
82
74
42
53
78
83
96
93
96
65
16
86
62
43
21
16
45
97
 1
 1
49
87
91
35
67
52
86
53
87
10
20
42
31
 2
17
23
 6
51
14
23
57
51
74
66
21
59
98
90
24
20
41
25
