200
89
 3
96
 6
98
 8
31
17
10
82
45
60
93
40
76
56
84
58
14
82
 4
26
67
66
97
90
86
12
19
39
23
82
83
74
83
66
45
11
25
36
16
70
64
42
76
82
58
34
86
81
 7
65
71
98
43
68
67
54
81
61
 9
30
50
64
57
32
16
87
29
44
 5
75
29
39
37
75
69
 3
79
95
50
94
14
33
88
 9
69
34
95
78
72
73
63
74
69
 5
55
28
13
79
93
48
17
70
15
67
 3
15
80
57
38
12
37
81
68
66
94
 3
78
44
24
25
60
20
37
86
19
66
65
72
20
85
81
77
79
42
85
91
25
52
11
13
11
35
59
79
25
73
29
38
74
61
33
10
66
10
80
86
 8
93
23
33
 1
88
30
92
81
96
99
11
83
13
59
46
41
 7
77
90
58
 5
31
82
31
32
60
 9
36
86
41
 8
17
19
 7
40
44
98
72
66
87
24
