200
33
 9
69
 6
65
71
75
99
49
84
33
75
90
40
93
23
10
23
92
31
19
53
94
82
90
66
46
30
42
42
72
38
90
57
12
40
64
90
96
 9
78
32
88
90
28
43
 4
92
14
28
82
73
47
34
81
34
64
58
33
64
98
79
30
19
 5
94
20
99
31
76
19
15
 5
13
68
78
38
72
29
43
 9
54
29
 5
35
41
80
92
95
42
54
70
 9
22
50
69
32
24
53
74
72
74
80
83
11
57
47
73
87
88
59
72
76
33
 3
83
89
24
13
64
39
28
49
 3
96
85
62
80
77
 9
96
85
99
39
87
63
24
59
32
45
47
62
58
63
43
59
99
98
18
43
72
42
95
88
83
46
75
95
66
26
90
70
57
91
11
36
24
88
18
66
43
96
80
75
65
84
83
85
37
74
21
67
29
 1
14
52
39
20
61
86
34
65
68
94
62
83
11
39
40
76
