200
16
89
28
64
51
13
85
84
17
24
54
68
97
76
17
98
89
 8
26
81
62
 3
 8
42
57
22
61
86
94
31
60
29
85
98
53
22
17
74
98
 1
14
45
10
77
44
58
49
83
64
 7
70
19
87
95
 5
83
46
52
26
61
55
 7
81
32
43
20
11
74
33
70
58
53
87
81
86
24
50
10
 8
80
28
54
23
55
40
29
13
 4
75
47
49
 4
86
67
71
57
50
43
 9
64
53
15
85
46
99
22
90
74
 8
39
44
 5
13
21
56
47
22
72
90
97
30
26
47
42
73
26
68
60
18
14
81
65
28
36
77
68
59
16
47
23
 3
61
88
52
 6
31
65
90
30
11
69
47
39
69
55
38
 3
 1
87
79
99
41
85
87
 1
69
99
93
20
73
 4
99
17
 5
34
 6
35
71
64
10
60
32
52
18
84
15
34
93
53
26
10
41
 1
89
96
76
16
59
94
77
