5000
17
48
 4
66
91
34
25
41
66
12
18
79
 1
55
55
48
89
58
66
69
 7
38
36
49
98
96
81
83
69
93
50
17
87
75
 4
14
56
97
40
38
62
 9
27
85
68
22
87
68
46
31
19
93
36
17
79
37
90
92
30
65
29
24
62
81
54
94
94
71
27
32
83
21
86
68
14
66
92
65
23
70
86
70
28
69
34
12
 5
90
61
37
81
84
42
83
 8
73
52
71
65
56
29
31
55
69
74
56
57
58
41
70
89
43
20
19
43
31
77
70
45
81
68
28
25
48
72
61
 2
26
65
25
22
18
87
94
23
47
10
95
58
33
74
26
88
58
 5
78
30
46
38
48
 8
64
20
18
71
91
78
52
31
50
27
38
96
41
24
35
32
 2
22
70
41
95
50
34
92
72
44
12
84
15
87
11
71
80
70
21
56
89
19
60
54
45
14
52
39
45
58
70
93
66
90
25
49
86
23
 4
47
28
89
38
16
73
90
33
85
54
19
10
35
48
44
 3
 1
96
50
67
24
83
 3
32
96
57
39
63
51
79
45
55
68
48
41
38
60
93
12
99
72
95
15
18
86
 9
 7
 3
73
72
 9
43
48
43
71
58
95
77
36
44
33
84
64
17
45
46
43
51
75
79
11
 5
25
96
51
35
11
49
52
92
49
22
 7
98
28
45
72
98
23
12
 3
91
 8
43
29
28
35
14
86
75
38
69
47
51
 9
37
69
14
26
78
25
17
69
83
13
13
 5
48
12
10
80
29
 2
85
 8
34
78
36
72
31
12
69
48
39
72
51
62
77
58
64
79
40
67
29
56
77
36
23
38
42
92
60
40
85
45
67
86
68
54
96
61
59
 5
51
31
94
38
26
95
65
52
57
35
15
16
87
97
10
37
26
12
51
13
24
47
19
91
34
21
93
89
77
77
49
96
97
30
79
93
 8
88
32
33
20
78
16
 6
64
56
69
22
79
32
36
70
89
21
53
46
47
 9
88
21
54
68
29
68
44
 9
68
82
37
94
92
30
43
20
90
66
43
64
31
43
 1
24
91
57
52
48
95
60
24
69
69
77
11
53
17
45
87
57
75
46
62
39
46
19
74
91
22
29
 9
29
51
 1
61
37
43
64
14
90
38
36
42
46
86
83
44
24
12
 2
81
84
45
24
46
20
77
22
20
45
27
19
64
28
75
42
98
44
55
78
90
82
58
15
37
 2
22
66
55
42
 2
58
42
23
56
52
54
 5
56
 8
48
56
54
55
18
10
28
60
 7
34
25
83
 6
27
14
93
 9
21
94
44
59
47
53
80
42
26
24
60
66
35
33
95
82
19
90
60
84
93
24
96
38
25
84
59
91
 2
53
10
12
14
56
35
78
42
21
83
15
68
96
80
68
23
46
44
13
53
55
47
94
75
54
38
 7
50
97
84
91
54
 3
51
60
 7
94
54
44
 8
43
27
53
50
57
36
59
52
19
66
79
99
 4
31
83
19
 4
18
83
71
66
34
55
 5
79
50
30
53
31
11
98
94
41
20
 9
86
23
52
43
79
54
20
89
20
23
21
97
61
35
19
 2
65
23
78
45
47
78
87
53
26
21
16
91
26
23
16
92
20
46
48
37
34
44
 6
 7
99
37
22
91
12
95
67
51
37
39
86
31
45
84
91
24
19
53
71
84
95
79
17
75
16
11
41
66
15
64
76
53
43
 1
38
32
49
22
39
82
 9
17
23
92
34
65
35
96
50
53
81
47
70
86
71
88
55
40
43
63
93
72
29
10
78
 9
71
91
26
31
56
 6
25
93
49
18
21
69
40
81
57
80
42
56
88
 4
73
20
49
88
65
72
16
14
 9
21
54
85
17
54
69
23
86
88
56
41
25
 7
87
33
72
50
 2
27
52
 2
60
74
66
19
22
45
14
49
95
14
 5
86
44
90
70
13
71
86
46
61
91
66
 6
66
84
78
48
34
66
22
 2
81
68
29
40
93
27
32
95
52
21
85
57
67
40
20
21
69
 4
91
95
12
40
11
43
14
35
 9
31
24
55
24
80
 1
65
79
27
12
34
 8
10
57
52
27
50
84
58
 2
57
37
 5
93
47
85
37
48
88
75
34
13
25
67
92
33
76
76
78
24
13
99
40
65
54
41
18
19
17
15
35
 1
63
35
85
32
56
90
37
88
87
88
51
63
87
75
31
77
70
36
 5
43
25
45
59
32
23
98
26
25
34
97
31
13
22
95
31
31
23
92
16
77
82
96
23
20
22
16
36
23
44
13
14
 4
42
91
30
67
11
28
46
96
30
32
25
71
10
57
95
97
 2
18
75
90
16
54
61
22
77
16
 1
67
72
53
47
57
86
46
13
68
 4
39
30
68
73
75
22
44
 4
69
 8
28
85
48
33
42
21
27
49
97
48
62
41
48
30
 8
20
38
28
72
89
63
87
48
92
56
87
43
44
30
75
90
66
94
20
32
34
78
35
88
42
56
77
 1
89
30
88
44
14
64
84
93
62
19
45
86
28
65
37
14
40
65
93
89
42
63
94
68
42
82
86
20
66
94
55
41
 6
17
15
31
88
42
18
93
58
30
54
89
95
83
34
19
77
19
24
43
78
76
47
24
43
68
 5
14
19
89
19
45
68
45
72
53
72
57
42
15
23
33
93
 6
33
79
40
58
46
96
29
36
90
67
62
18
46
86
13
71
72
 9
51
37
78
87
22
99
65
82
12
59
27
94
33
91
44
12
62
81
60
35
70
67
65
49
70
34
80
21
34
 6
67
96
82
 3
60
47
24
72
41
75
34
88
61
15
45
10
 8
21
53
 6
51
 8
 2
42
61
20
50
13
98
92
83
35
18
87
89
83
56
65
32
82
45
77
58
23
38
32
94
38
74
30
15
 2
76
22
79
73
 8
64
26
54
74
54
79
89
12
99
97
85
36
18
96
48
92
13
84
42
93
15
46
59
65
50
92
 4
14
20
52
86
 9
51
70
17
 4
91
33
 7
 6
32
76
66
86
11
68
98
72
93
57
85
82
68
58
68
75
72
83
 3
63
75
66
16
39
30
 1
22
 5
27
52
39
29
70
45
50
20
89
92
73
44
12
68
53
84
33
90
67
70
77
28
49
44
 2
66
 3
41
39
82
47
15
20
42
40
84
87
68
19
67
30
12
17
40
48
56
 2
 2
81
96
69
85
26
13
54
 3
42
94
99
38
97
29
31
97
57
 8
79
45
35
55
11
84
46
63
88
64
62
 8
50
52
22
27
95
33
64
73
87
 4
75
86
68
17
13
99
69
36
68
45
32
56
53
66
24
46
81
86
54
92
 6
55
74
85
97
30
78
92
24
93
78
33
15
78
81
39
74
 1
20
35
 8
54
85
34
65
 8
21
51
18
13
90
74
 9
78
11
63
82
50
56
19
20
 1
17
98
 9
 3
18
39
54
84
97
22
74
28
34
69
77
31
18
20
71
71
81
27
87
 4
55
76
91
29
82
35
53
69
49
36
40
85
68
23
12
49
78
45
92
53
81
23
83
34
93
92
89
90
22
43
41
 3
63
33
67
 6
14
39
 8
25
82
93
23
52
31
67
90
45
97
74
27
21
44
27
58
64
84
35
58
93
16
84
57
98
49
65
90
14
20
99
50
34
85
47
12
28
15
23
16
64
49
 4
73
12
44
85
65
14
86
32
93
 1
75
88
 4
57
85
27
76
88
78
58
37
15
81
94
89
28
39
 8
 2
46
86
48
65
 9
15
77
45
23
56
90
49
30
25
60
33
91
 7
93
71
57
76
26
 2
30
59
54
75
70
28
18
42
79
21
43
67
87
97
50
30
77
 8
41
12
94
96
80
85
63
 5
62
61
47
12
88
67
88
61
65
26
67
22
18
18
98
27
46
79
24
43
23
35
11
18
34
 2
 7
30
99
81
80
32
52
61
80
90
 3
40
48
93
88
28
28
64
43
93
82
35
40
36
88
15
89
56
 4
19
42
76
74
75
40
30
95
99
 6
23
76
28
94
11
13
19
12
 4
60
12
 4
18
62
36
24
 7
51
81
14
76
84
 4
61
26
 2
96
95
21
13
78
82
34
51
49
65
53
33
60
38
12
65
29
78
25
11
80
23
94
74
23
30
62
25
28
 9
72
92
59
35
30
80
97
71
14
21
89
87
28
 7
98
96
43
45
89
21
32
50
78
82
37
24
27
49
66
47
99
22
75
43
46
94
17
90
49
76
18
93
90
 4
77
77
78
36
23
97
77
56
41
50
99
70
 6
53
94
49
25
21
93
62
29
51
41
84
26
87
77
27
35
76
 7
31
29
36
99
30
13
15
85
78
39
24
70
78
 9
23
31
81
55
57
38
12
61
 7
44
88
86
61
95
73
88
76
99
56
96
24
22
68
 8
88
17
57
96
35
81
14
84
84
56
70
65
21
26
75
32
 2
62
58
11
45
66
87
37
91
43
38
75
22
68
69
36
 7
82
33
68
93
77
13
10
84
93
11
41
19
 4
79
38
21
12
23
96
24
21
66
72
21
16
10
48
64
14
68
60
54
 3
15
95
55
67
29
94
73
81
69
57
 7
83
70
11
47
18
76
27
26
43
22
23
60
11
73
78
29
98
27
79
12
10
89
 1
23
15
41
80
91
63
87
70
85
31
22
16
60
17
91
65
27
78
94
47
99
27
 4
18
41
22
23
26
57
42
11
92
46
46
46
48
80
95
74
23
 7
76
22
51
39
51
 8
65
52
33
44
42
29
72
48
97
75
41
62
64
67
49
 7
64
22
47
66
 9
77
42
12
43
64
 4
84
51
55
76
39
59
70
72
52
37
33
67
26
39
50
71
66
98
14
90
76
92
93
60
43
12
15
75
57
38
 4
62
48
84
80
55
70
67
 1
18
22
96
92
40
26
44
30
90
84
63
64
32
90
39
52
90
42
34
24
77
35
 6
11
56
68
52
81
60
60
94
 4
53
77
21
89
27
13
 1
31
32
83
26
87
52
93
49
34
99
49
95
33
42
46
25
25
51
25
92
23
74
36
28
92
23
68
39
98
75
20
79
11
92
53
91
44
39
98
54
26
11
72
46
66
70
58
58
29
71
20
76
65
88
98
39
24
27
63
22
92
42
54
36
77
26
 9
 1
93
86
93
68
55
 5
42
68
45
72
15
55
52
 2
74
10
68
 3
21
86
 4
27
53
69
41
92
92
13
84
45
80
23
93
 1
37
89
 4
21
12
81
87
69
30
48
74
85
35
31
84
27
49
10
82
43
50
19
12
 1
87
33
33
25
27
69
97
96
59
 2
93
63
53
40
 8
92
90
53
17
25
67
16
69
81
97
35
57
57
90
39
67
52
59
 5
69
95
26
78
55
98
62
74
97
90
61
31
20
77
52
73
53
81
62
73
67
95
56
72
76
 8
30
37
68
39
 2
25
88
50
74
26
13
40
22
57
35
20
57
76
31
73
47
93
98
78
29
46
27
 7
84
17
29
92
47
50
73
66
79
69
33
40
96
24
15
63
82
88
69
32
78
33
48
41
75
83
19
94
99
12
89
62
13
46
55
71
43
53
34
45
33
99
89
74
35
17
 4
22
63
87
15
63
86
89
72
43
12
97
27
71
28
82
94
20
49
23
41
61
40
54
 4
98
69
63
93
24
55
82
16
78
54
60
30
11
64
75
 6
60
 1
75
78
 7
92
 4
78
47
65
95
19
38
81
93
29
57
71
91
28
18
45
36
85
 1
15
97
21
33
18
46
42
77
60
39
81
62
89
57
74
17
13
95
67
40
34
51
56
60
90
99
19
46
12
24
46
70
82
71
42
44
72
97
74
86
77
96
86
55
40
57
11
17
 8
39
16
61
85
35
25
60
54
87
44
54
88
30
24
79
60
41
90
20
79
58
95
96
16
41
94
63
85
53
18
39
43
27
34
57
46
93
74
15
57
38
26
50
26
68
45
25
26
49
15
95
 9
89
89
20
 8
48
49
22
90
29
16
90
82
44
44
43
48
 4
41
93
69
22
34
 3
99
91
32
15
30
23
 9
65
51
89
42
79
56
77
45
30
39
 3
27
82
61
60
13
90
44
82
56
73
31
90
82
36
 6
85
 4
69
90
74
12
81
24
88
33
 9
41
76
20
42
40
28
69
37
85
27
54
36
 9
75
49
43
55
81
38
37
64
68
75
15
 4
98
13
59
62
54
41
49
 7
71
63
73
21
89
55
87
35
83
29
69
41
68
46
98
26
17
 9
49
14
94
60
86
34
76
45
68
25
84
40
52
77
79
 6
98
35
 9
97
75
61
54
45
43
59
77
70
47
99
 2
50
77
17
54
68
33
18
72
88
41
90
16
 1
80
43
95
30
52
55
44
 4
50
85
43
55
69
 5
54
41
 3
 5
27
69
86
58
68
 6
 8
63
34
74
69
62
17
91
 2
68
 5
61
27
76
82
78
73
 4
43
63
18
41
85
76
91
41
67
13
97
43
94
74
77
51
96
74
 4
64
89
79
98
89
74
75
76
14
51
24
13
80
30
18
20
51
90
86
49
80
83
82
93
99
25
77
14
33
77
12
52
42
72
24
57
15
53
91
12
 9
 5
40
49
56
62
13
63
44
26
85
16
67
18
20
16
77
84
10
 4
36
78
55
84
64
38
84
77
24
78
79
 5
19
41
20
69
40
84
89
98
47
79
79
47
17
95
17
67
48
34
67
36
53
85
19
30
18
91
18
67
67
70
52
85
29
84
58
71
15
26
38
32
11
74
71
 6
17
34
12
 9
 6
69
39
16
54
70
66
75
16
75
75
43
69
34
72
46
42
98
42
64
34
99
93
33
 9
71
63
62
26
26
91
56
64
17
14
54
79
88
 8
69
91
63
 8
33
25
56
48
33
86
79
60
60
23
 3
39
27
32
60
54
99
76
53
83
92
61
42
77
73
38
79
96
17
99
65
60
71
 2
12
34
59
 8
55
93
88
79
18
 6
 2
 2
67
36
 7
71
83
70
55
56
44
 8
 1
17
65
39
85
18
25
76
 3
39
59
35
89
78
94
23
83
74
 9
66
 2
50
55
 3
82
85
63
77
42
30
52
86
79
69
56
82
 1
45
22
96
83
48
38
96
54
87
95
26
88
48
29
47
33
41
20
42
40
66
29
76
12
85
34
88
56
25
45
25
44
 2
67
58
77
12
75
18
39
51
90
75
58
15
12
18
59
54
90
41
95
32
97
85
79
48
90
83
91
80
 9
10
64
30
 9
94
57
84
82
39
89
 5
49
42
56
58
77
95
 4
95
29
79
77
74
74
72
22
61
57
44
52
 8
 9
26
61
94
28
37
 7
92
55
52
14
 4
73
93
54
38
30
44
51
87
38
38
23
53
44
51
74
96
 4
34
15
51
90
14
99
83
41
13
17
34
71
90
75
29
99
93
36
80
55
72
42
79
49
91
79
 8
78
80
33
45
35
16
67
25
85
56
 1
 2
96
45
89
81
96
43
99
82
 1
 4
90
88
28
41
80
40
27
15
 3
39
35
66
50
15
88
50
 6
15
 6
82
48
83
80
56
36
75
76
34
69
85
80
81
21
32
 4
53
26
60
77
76
58
29
54
64
40
44
37
92
36
81
52
73
80
77
12
66
76
29
46
45
30
85
80
83
35
59
24
60
 2
53
34
43
23
26
60
74
77
86
87
97
71
53
 9
52
98
59
42
87
41
30
22
97
82
46
74
60
54
83
14
60
84
53
67
78
78
52
61
44
92
21
82
16
37
35
42
92
63
24
61
34
67
37
 5
64
89
59
71
61
 7
96
83
99
16
18
83
44
19
 3
52
68
78
45
97
91
66
99
 4
11
92
88
90
12
 6
77
78
62
73
34
14
31
30
55
28
69
94
25
22
94
50
41
11
87
85
83
43
71
 3
92
32
73
65
94
86
30
13
54
18
56
13
 2
79
13
72
92
27
 9
76
76
54
86
80
 6
99
90
24
77
63
95
98
32
46
91
20
 2
39
90
54
41
72
58
50
19
79
45
91
14
40
 4
83
92
88
70
35
 8
63
12
65
92
38
 3
14
10
52
27
52
94
73
90
11
83
85
27
82
61
62
65
53
93
17
86
88
18
69
93
43
25
35
34
37
17
79
25
21
85
40
83
21
77
50
29
64
97
76
66
72
26
 6
 6
34
80
89
37
30
21
72
 1
47
15
29
85
30
59
37
97
 1
93
83
16
40
77
62
97
11
74
55
29
35
34
29
96
16
93
73
81
 3
86
 8
34
96
98
46
42
88
49
91
45
42
40
40
24
86
43
39
87
57
72
13
15
50
26
76
64
97
25
70
94
61
27
23
33
49
75
69
25
24
42
60
95
45
 3
52
52
93
45
43
84
16
26
25
69
53
68
35
34
80
36
63
93
22
71
95
31
75
14
68
 6
 1
10
94
69
18
30
50
95
55
78
70
73
10
40
54
86
42
44
22
24
78
65
23
48
57
75
41
62
51
54
95
99
46
51
78
87
77
42
42
95
28
54
53
35
72
90
44
 5
71
60
89
53
14
17
 3
71
99
14
 8
54
67
 9
86
69
45
83
33
63
53
34
25
39
22
10
56
46
46
28
25
11
56
49
26
36
19
70
40
24
43
84
79
35
19
62
66
26
41
46
12
12
80
69
79
59
 9
 6
81
82
82
69
11
38
72
59
51
83
35
78
58
14
39
 6
72
25
11
72
39
26
42
 4
 4
40
 5
86
70
37
23
20
61
14
41
10
99
66
54
65
21
 3
14
62
64
95
99
20
39
47
60
65
94
72
 9
39
30
58
82
92
44
 3
53
54
67
10
93
12
71
25
92
62
25
99
14
17
48
70
93
88
65
14
92
41
 9
17
65
57
49
66
79
67
38
30
49
34
99
34
20
11
97
85
43
65
88
76
 6
 8
87
85
52
96
71
43
41
73
40
56
93
87
53
67
67
66
67
40
23
 5
98
50
 9
18
27
71
16
15
70
31
67
74
38
38
65
52
12
42
50
 5
32
35
35
78
67
56
31
11
35
 2
43
34
35
16
57
10
96
48
83
71
62
59
87
27
49
69
80
82
76
20
72
51
14
46
91
 2
52
28
63
97
27
31
37
10
16
87
75
39
24
32
75
17
93
54
65
47
47
68
 7
39
89
80
70
 2
95
25
24
51
 2
72
67
94
14
90
93
46
81
18
77
29
16
84
83
57
25
 3
 5
89
45
71
11
93
 8
24
16
13
75
58
51
42
45
79
54
44
52
87
60
73
 7
56
92
76
60
14
55
16
54
94
24
79
40
60
21
39
25
49
90
18
35
77
52
13
47
33
45
55
81
80
42
49
 3
48
55
46
32
74
 2
43
10
11
50
14
15
64
23
94
65
51
85
19
38
61
66
20
 5
13
69
13
25
72
 6
48
11
38
13
79
85
69
91
 7
58
31
15
64
34
60
62
95
92
20
98
92
35
36
93
47
49
98
68
72
89
12
77
72
11
65
17
85
65
48
50
 2
97
33
66
70
50
72
43
 4
 1
46
41
84
60
74
87
93
50
67
90
60
71
95
42
40
17
67
34
49
97
 7
66
40
64
90
55
47
97
69
32
98
21
13
32
14
32
94
67
87
 5
87
94
77
45
67
41
94
73
77
36
24
91
86
85
56
23
73
47
78
94
70
50
84
17
 5
97
71
53
63
 9
73
49
31
48
93
73
19
81
 1
63
27
 7
36
43
78
14
11
78
50
14
22
46
38
83
87
85
99
76
20
12
93
47
21
55
62
30
52
 2
85
24
45
 2
43
37
85
33
19
18
80
67
84
37
 7
40
82
73
56
61
74
16
93
79
46
77
20
26
46
24
69
60
53
91
34
39
50
30
41
22
91
20
67
60
37
 8
33
48
62
21
58
13
 2
71
98
11
28
55
81
98
39
28
30
63
52
66
 2
59
71
95
47
61
27
 5
94
62
66
29
73
27
81
87
82
39
51
 8
14
46
91
90
41
48
99
48
94
10
61
87
95
82
22
54
15
82
 1
18
 8
16
27
 8
75
19
92
94
46
77
88
 2
88
14
39
60
55
79
81
98
91
84
 5
57
92
61
19
35
33
 2
39
58
71
93
72
66
51
49
93
24
81
 1
78
38
45
18
17
94
99
36
33
 3
26
54
54
34
87
83
73
79
58
22
12
90
77
 3
50
32
92
27
28
11
47
10
81
 8
77
56
21
86
75
92
 4
94
69
70
29
38
98
71
95
33
20
28
38
36
35
90
 6
44
57
46
89
57
20
46
54
16
50
 4
89
86
 4
60
36
19
70
70
93
47
63
80
89
55
21
89
79
73
76
30
81
48
77
88
17
20
98
82
52
74
 3
24
15
 5
29
82
71
25
44
74
62
99
45
 4
59
12
33
62
51
46
56
37
16
 3
60
14
95
17
11
28
25
 6
43
63
29
12
15
40
47
76
83
88
90
91
28
63
 4
80
 3
83
 9
52
50
55
47
74
77
70
58
25
96
24
21
39
54
54
15
36
49
46
97
44
49
 3
89
82
15
21
19
46
48
77
60
49
58
65
 8
39
80
90
85
81
23
47
84
18
86
10
 1
68
41
47
56
 8
73
89
 8
84
34
68
97
 7
56
50
57
58
98
84
27
80
86
89
 3
80
77
 9
58
91
67
30
62
54
21
26
49
58
64
 8
48
75
33
37
31
63
89
96
96
55
14
60
32
94
87
69
83
78
71
55
80
17
93
 2
23
 2
42
99
 3
92
97
 1
55
89
85
87
 6
32
81
90
26
77
67
76
46
84
46
15
48
88
35
65
86
65
32
90
51
79
80
19
40
22
24
95
25
21
81
18
 7
36
36
93
39
21
44
51
90
63
99
93
63
85
23
54
 7
14
27
50
63
11
31
70
78
63
62
 4
95
23
36
58
13
 8
29
51
74
43
53
38
83
55
53
60
43
 2
11
70
74
50
87
19
24
82
11
70
34
43
 7
20
56
 8
86
75
 3
89
10
92
18
57
23
23
37
90
87
53
49
30
94
94
12
71
99
17
42
40
64
76
19
99
24
27
39
49
89
69
51
33
97
31
 5
39
 5
27
64
11
51
94
87
23
93
46
44
83
19
52
73
86
49
75
45
78
48
86
28
77
27
73
28
98
87
65
14
23
72
 7
71
66
69
91
14
91
50
77
89
 3
75
12
24
86
53
89
19
34
89
49
48
84
 1
58
 3
57
41
77
74
 2
20
52
66
19
36
35
30
 7
27
73
66
52
67
74
43
63
80
77
41
32
27
48
77
20
33
27
40
87
95
35
58
28
64
86
48
37
16
99
82
96
 8
55
87
67
66
96
28
98
59
30
14
46
16
 2
35
94
71
17
 4
80
57
88
86
13
45
70
18
 1
48
47
68
52
 2
77
62
92
18
23
24
34
38
72
34
60
77
10
91
76
81
98
49
33
 9
76
29
30
22
94
69
96
44
22
29
24
34
28
98
80
37
81
22
70
89
67
94
68
10
62
60
94
56
81
35
52
98
15
98
 8
78
88
94
22
85
50
53
17
58
33
 3
92
11
83
60
69
 8
 7
88
71
79
27
 6
36
 4
 4
13
57
52
11
57
39
18
13
84
85
27
47
78
 1
44
49
73
 3
99
27
24
50
 6
22
 3
80
28
61
35
49
58
42
31
73
64
52
