200
72
65
74
90
31
44
43
22
43
15
10
81
 8
40
56
52
35
44
91
25
33
92
75
76
78
34
12
17
22
89
44
37
65
87
49
74
39
53
51
11
 9
30
43
30
61
58
55
63
88
62
51
38
18
 4
83
40
99
38
99
41
28
15
27
82
72
91
19
55
17
79
16
95
86
94
66
 7
28
31
91
48
72
48
35
95
 9
59
57
 7
 2
27
54
 5
 4
66
21
11
63
39
73
41
15
53
24
87
24
44
37
19
70
53
58
98
80
94
42
74
55
92
72
28
 3
19
90
29
56
92
59
 8
55
51
22
72
77
13
38
79
12
80
33
 3
43
30
23
92
54
50
96
85
99
46
74
43
68
94
52
72
94
52
40
45
14
11
97
30
46
 7
88
52
89
60
54
33
 3
70
21
92
81
27
38
74
84
74
80
69
12
90
97
24
20
11
40
77
51
54
53
24
62
89
80
67
