2000
99
93
66
45
79
51
86
45
69
75
47
46
93
85
41
45
78
30
14
 9
68
56
15
34
67
41
25
33
48
75
49
62
59
16
99
38
64
73
65
35
44
63
93
 5
10
92
84
31
38
96
86
50
92
12
57
46
33
83
28
54
80
15
56
84
38
33
93
 7
38
92
72
82
 9
 5
21
10
43
80
 1
67
52
86
25
 1
90
38
92
62
36
74
21
28
97
66
25
21
70
15
11
50
74
59
32
99
94
75
75
82
 3
87
38
74
29
51
45
77
88
40
77
87
32
15
63
45
 9
76
93
34
38
96
27
 4
44
33
32
86
84
 9
33
78
97
68
22
61
24
 4
90
31
 5
36
41
13
26
68
41
25
22
98
71
72
66
67
47
35
17
86
40
25
 3
96
87
88
35
80
46
18
37
12
23
48
55
48
82
13
68
60
59
27
39
99
39
71
33
76
93
48
57
97
89
82
25
92
58
37
15
94
76
21
18
 7
27
48
56
12
75
46
57
72
45
42
61
52
48
48
58
36
14
81
27
57
90
10
73
11
79
81
36
88
51
28
61
79
11
88
16
71
60
58
37
45
50
95
85
42
24
 4
12
14
73
 6
84
61
21
43
13
20
16
17
93
53
81
84
 9
76
 1
55
43
79
55
73
98
79
45
50
 6
59
61
26
 8
39
62
29
86
19
34
 2
60
52
48
68
80
82
50
20
50
 8
47
74
39
98
48
 8
79
38
22
97
14
10
30
84
 9
99
93
90
85
48
52
90
78
97
81
 1
86
85
10
47
20
40
26
 4
 8
 1
97
56
65
39
97
68
95
 2
68
35
25
43
98
65
29
75
71
98
71
 6
41
 8
96
78
85
63
 3
99
28
35
46
67
35
99
87
61
10
26
37
57
87
19
12
73
33
64
66
34
58
99
98
85
75
21
95
86
78
50
27
75
70
93
49
87
63
 3
26
46
17
68
19
 9
75
57
73
59
73
31
40
72
54
51
61
 4
55
 7
62
45
54
73
68
10
91
42
 9
62
57
17
 6
88
97
28
21
92
82
59
57
25
21
43
88
44
66
93
 8
90
71
62
73
99
55
85
51
 9
50
77
13
 3
66
76
98
47
59
69
17
61
38
20
62
56
93
14
50
12
80
54
34
32
38
22
 4
 4
96
18
46
38
30
28
47
25
 5
97
25
40
22
95
79
71
42
13
33
95
36
89
58
51
50
44
83
75
91
55
22
19
63
93
69
21
32
55
93
57
68
85
52
41
35
41
77
91
64
 3
56
48
11
52
45
43
 2
58
46
25
87
62
97
20
10
15
83
39
82
63
32
39
17
27
89
87
66
77
77
99
51
32
72
75
 7
19
36
81
36
75
56
47
 8
82
94
87
68
68
 4
38
31
81
37
16
83
92
 2
73
 6
 6
42
81
13
35
65
 1
31
36
56
66
21
60
 1
65
52
85
72
14
38
29
82
17
44
76
83
43
77
40
92
52
66
65
30
33
39
24
64
 6
12
92
27
11
98
60
 9
66
42
77
90
98
91
52
28
38
13
54
40
88
75
 9
17
39
81
31
98
60
87
96
49
29
 4
 5
67
32
85
10
56
89
26
98
 4
52
74
78
90
22
52
46
75
25
28
23
75
 7
 7
 8
 2
77
90
39
44
74
80
26
92
61
65
24
68
39
69
23
64
95
 3
35
67
50
95
26
49
39
56
92
15
86
21
37
87
10
47
18
22
99
37
45
13
38
97
 5
16
79
60
59
21
56
64
30
 6
59
 2
95
25
22
56
12
31
72
23
97
 6
89
35
85
99
25
90
83
39
11
11
36
17
29
10
50
17
72
20
60
96
49
46
97
59
77
90
57
64
13
34
96
99
60
97
77
44
28
81
97
75
35
 7
92
36
69
51
75
98
91
 2
 2
78
80
30
 4
 6
20
98
91
 3
20
98
79
 9
74
55
16
66
46
71
78
26
81
60
23
83
41
37
43
 3
72
13
19
38
68
76
21
16
69
89
62
81
63
81
27
72
94
96
 6
27
77
43
51
89
23
16
71
21
45
44
 4
66
80
31
58
 8
88
31
93
38
57
44
98
82
72
69
50
25
89
82
36
31
79
 2
74
62
49
90
58
50
38
72
35
22
89
 2
53
66
80
57
98
15
26
17
17
35
35
73
99
97
41
50
80
33
66
74
43
37
52
72
90
26
40
40
53
98
88
45
19
41
38
44
45
91
22
31
18
14
 1
22
54
18
40
 1
98
30
14
10
85
 5
39
25
61
45
27
88
 6
26
67
54
56
 6
16
 3
79
 4
 8
85
84
43
75
69
34
13
83
14
33
71
57
79
64
52
21
79
47
56
37
83
79
25
34
91
50
79
30
63
82
88
50
47
86
90
27
88
87
 4
82
39
 9
51
90
75
75
63
25
41
 9
50
67
10
90
18
99
91
70
29
52
78
67
77
29
59
75
73
80
78
99
 9
52
96
41
 7
67
12
52
18
81
85
90
68
72
73
91
22
87
61
68
69
18
27
82
99
30
31
89
53
22
56
92
45
22
81
22
28
99
26
58
95
33
64
22
95
68
 6
70
50
29
82
84
61
17
 3
11
80
51
50
49
42
97
62
20
25
27
56
35
50
61
75
95
68
31
93
18
66
30
57
48
16
66
 2
41
14
 4
27
71
45
97
71
61
96
10
59
67
58
15
57
43
50
82
41
97
10
38
69
76
60
90
 2
79
25
50
44
43
77
88
40
15
11
85
23
17
20
23
30
61
51
40
96
94
60
55
24
35
87
21
53
79
 6
43
33
55
83
40
 5
84
57
43
 5
27
96
42
 5
89
62
59
81
56
 9
68
52
24
53
29
48
 8
65
62
82
93
76
40
67
98
93
 6
49
39
 1
95
 7
28
15
97
88
40
22
 2
41
45
29
72
76
49
52
14
60
56
 6
50
63
70
92
95
46
70
54
26
15
66
 3
36
52
73
75
98
20
10
43
93
59
54
 9
37
93
71
24
79
27
53
69
83
78
47
23
79
28
62
59
88
15
12
 5
14
69
52
85
97
13
28
16
34
 7
42
43
55
 2
78
84
53
39
 2
10
69
77
42
81
23
95
 2
 4
92
29
 3
95
37
10
88
51
55
54
 7
82
83
77
 5
24
29
66
39
96
24
 7
46
80
26
84
60
30
15
53
51
74
45
12
54
12
73
44
40
71
47
 6
42
23
63
86
71
38
68
29
11
70
38
63
58
31
77
93
90
77
 8
29
 7
59
60
88
62
37
49
69
98
45
50
96
17
71
52
70
 5
69
97
 1
33
60
 3
65
51
 8
62
74
 6
78
 9
68
 1
40
65
58
10
 1
51
97
90
65
59
32
94
 7
88
88
 4
 2
44
67
28
71
85
88
65
53
25
63
64
36
86
42
94
96
95
89
61
76
25
70
79
28
71
85
26
54
69
23
99
11
50
80
 5
51
 8
31
81
10
20
74
 8
98
67
43
90
 8
94
23
68
90
75
46
57
18
96
 5
44
87
54
75
60
72
63
69
56
97
57
16
12
11
11
87
62
62
40
84
21
46
19
74
65
13
67
 7
57
21
54
 9
69
24
59
71
84
60
43
35
60
55
78
84
 3
93
72
60
39
70
51
 3
53
81
28
28
72
59
24
54
42
21
70
87
 2
32
58
56
 8
42
56
46
77
12
73
 1
37
86
86
18
32
12
 6
53
92
82
95
40
93
93
29
18
 9
95
85
 4
32
23
90
98
 2
83
81
48
55
 8
 6
52
28
19
45
57
23
24
69
17
74
12
 6
40
15
28
24
41
93
23
44
92
30
58
49
89
70
49
 6
54
22
27
96
46
28
14
50
52
72
90
67
94
69
33
48
29
11
19
12
94
61
72
 5
59
52
44
86
41
50
96
23
50
92
97
28
14
20
93
12
42
33
40
81
10
83
 2
24
79
37
72
55
70
15
18
31
82
37
35
20
87
16
82
41
96
66
 1
42
 6
25
75
53
42
33
52
56
 7
58
75
43
36
36
38
72
79
89
22
97
12
13
30
20
84
73
61
72
25
27
60
39
97
93
75
99
39
90
49
95
53
65
 4
26
16
32
15
43
58
57
52
90
71
85
78
20
 9
64
83
43
34
42
48
77
84
16
 6
92
89
 9
 4
60
38
15
37
99
 7
35
49
10
63
22
66
 3
52
52
72
11
61
66
94
86
 2
63
82
76
83
14
74
80
25
72
31
71
70
52
19
 3
68
40
31
68
72
21
22
37
22
86
56
44
63
87
41
44
72
28
29
16
34
42
87
21
44
51
97
12
84
50
93
84
33
26
 1
78
87
32
74
 7
17
53
16
31
58
73
61
70
64
55
99
32
99
92
47
81
24
99
17
19
32
25
 1
 2
 5
54
45
56
28
59
73
32
46
98
88
40
11
 3
94
25
66
53
55
24
60
89
53
37
 6
56
43
93
93
21
75
19
61
73
94
81
42
47
67
46
93
54
53
 2
10
90
74
80
42
10
 1
46
23
93
 3
75
11
44
84
96
63
18
51
13
47
16
29
87
92
72
 2
88
10
34
40
 5
63
83
33
17
26
98
89
16
15
99
89
90
27
72
92
43
63
32
56
70
84
96
77
70
68
45
18
10
22
40
25
96
 1
63
99
23
21
78
20
 9
85
32
 1
87
15
32
66
12
34
14
21
82
63
18
