1500
 1
67
97
47
50
33
92
71
65
38
87
79
92
24
56
11
58
24
16
99
57
27
36
79
11
35
49
87
58
43
 1
52
70
 9
21
13
78
44
52
80
85
78
18
71
52
54
62
13
63
78
51
78
10
88
77
36
25
94
18
72
24
 9
35
66
42
49
48
84
53
30
51
75
62
18
40
21
47
63
94
46
27
93
88
 5
65
86
66
81
66
80
85
29
65
68
36
35
92
28
29
81
89
14
99
85
74
99
98
69
30
59
 2
52
 3
90
38
16
91
94
52
43
36
66
 8
68
34
38
33
41
47
44
37
56
 4
25
86
30
44
27
59
89
53
63
96
56
85
51
35
83
53
99
59
28
79
83
60
28
80
40
29
52
76
61
69
96
 8
 2
68
10
43
63
12
90
65
 4
70
68
24
11
38
10
 9
91
79
30
93
24
46
86
52
 9
 1
20
 2
96
42
27
11
92
75
12
88
27
68
15
14
18
80
84
 8
71
24
37
17
75
81
28
19
38
86
53
93
87
89
82
85
28
97
 1
19
54
10
 4
46
 2
57
41
39
55
60
80
76
89
93
37
31
65
98
84
43
38
22
73
44
28
17
59
43
93
94
10
33
56
44
40
28
26
37
80
81
71
15
20
17
84
70
18
 3
79
43
45
 2
93
20
25
42
93
73
56
32
91
17
79
55
74
25
63
89
 1
81
79
75
34
18
52
60
31
95
22
79
52
94
40
76
33
67
22
24
52
18
63
57
78
70
69
79
92
67
92
40
83
89
19
56
17
19
 7
88
66
40
27
 7
24
 8
87
95
45
72
14
18
86
85
52
73
69
81
72
 1
 9
63
37
29
93
81
14
54
 7
37
 3
25
87
87
42
26
42
 7
84
35
78
67
80
54
87
82
83
81
39
98
18
 9
27
72
89
57
 8
98
13
93
97
63
37
45
48
49
15
74
67
89
16
19
40
 5
39
60
52
85
 1
26
25
93
69
88
60
27
25
69
64
 6
 1
99
93
60
97
68
62
56
24
89
70
24
51
15
96
58
41
54
88
44
28
 1
18
59
22
27
31
32
 5
58
59
86
94
93
 8
66
53
62
 5
64
84
 2
26
51
44
38
74
26
71
57
17
78
80
48
73
10
 8
 3
75
65
73
64
48
51
49
90
62
84
55
41
 8
47
44
42
25
82
29
55
60
25
52
84
63
82
50
53
 4
80
92
94
33
74
61
74
46
26
47
 8
90
96
45
64
64
 3
86
35
61
 5
29
73
95
94
32
50
63
21
20
52
81
32
77
75
56
79
81
21
29
64
15
54
32
52
42
39
27
49
28
 5
42
73
50
50
88
 1
 5
62
65
31
54
25
38
41
95
20
 7
73
33
86
29
39
 5
40
39
75
56
23
 6
29
21
69
83
15
83
90
 1
24
90
27
23
22
 1
 1
64
12
17
91
52
20
97
95
40
45
 6
68
71
59
75
15
73
 5
52
47
12
31
 3
44
55
72
46
50
 3
71
93
52
11
69
43
59
74
55
43
24
15
97
47
42
97
71
78
63
58
60
41
51
58
94
67
 8
35
72
65
29
77
35
51
 4
86
57
14
84
62
87
20
90
66
38
81
58
97
49
23
65
49
 4
43
91
67
46
22
27
81
74
73
64
31
37
74
21
62
44
 2
24
15
95
64
66
64
25
 7
15
59
 3
53
60
96
62
47
77
94
 5
92
92
95
48
29
46
57
70
51
24
65
19
11
35
38
32
95
63
42
42
48
 2
79
16
99
39
 8
87
77
10
99
56
93
43
39
89
28
68
56
 6
51
69
83
94
82
71
50
20
20
44
87
93
69
12
68
40
73
37
51
52
91
91
57
61
20
64
30
14
 1
17
41
83
30
71
64
 3
92
79
76
55
25
19
50
 6
64
27
38
 4
73
37
53
48
81
20
46
50
52
85
50
56
 7
77
35
13
28
82
14
97
51
 9
56
 4
83
39
41
26
65
33
16
 3
80
68
98
95
75
90
56
25
57
88
35
77
49
31
64
79
67
 9
99
59
 1
 1
31
 7
54
11
27
24
36
11
39
 8
61
 8
36
28
32
95
90
64
84
96
84
58
55
56
71
39
58
97
46
85
21
95
57
73
78
80
36
93
77
34
49
59
66
77
68
 8
49
22
56
12
68
83
56
 1
95
28
 5
19
93
47
37
95
23
31
97
87
82
46
54
47
22
78
 2
72
30
49
61
15
55
56
72
87
27
69
65
30
69
20
24
17
47
 1
18
33
54
40
28
 4
77
49
30
19
39
16
60
29
73
38
37
55
15
79
68
80
63
19
90
92
11
98
95
 5
85
49
90
63
97
54
30
48
58
79
68
70
29
10
95
90
98
11
80
53
26
72
79
57
64
46
64
56
90
32
96
26
50
29
21
72
67
 2
94
21
 5
74
35
76
32
28
91
83
92
75
33
56
23
10
54
48
 3
11
84
13
14
81
16
95
74
25
29
66
15
 5
24
89
79
17
53
41
16
30
38
 8
31
91
96
32
72
65
49
62
34
19
 3
72
18
 8
47
 1
71
68
95
79
23
85
31
98
32
37
 7
87
88
75
37
38
67
63
34
73
76
 9
28
76
97
26
35
71
75
67
97
99
40
37
63
60
12
64
33
61
94
13
41
58
89
19
98
19
46
42
64
94
70
 7
66
41
19
32
53
63
93
12
81
22
64
55
32
84
36
53
61
65
83
67
57
23
93
10
42
65
89
25
67
27
26
22
49
78
 8
85
89
29
16
93
22
70
12
96
62
47
80
66
54
65
 1
72
18
69
 8
99
94
67
10
58
84
30
46
16
71
81
56
78
36
65
16
58
54
22
34
76
71
64
67
13
61
93
33
46
44
 7
77
33
97
83
 1
34
13
81
71
47
34
17
44
53
43
94
 5
51
20
18
68
64
40
79
55
96
38
51
48
51
17
70
78
52
96
46
40
91
12
79
76
66
50
21
32
98
23
61
27
13
72
80
35
69
 4
51
34
21
55
11
 3
 2
77
13
23
96
49
61
90
16
96
51
67
27
41
 5
67
50
44
29
61
80
72
98
40
52
61
63
29
86
85
20
33
55
23
10
57
 3
21
 3
 4
40
47
37
86
77
40
49
82
87
36
86
23
90
91
32
72
19
68
21
99
87
18
93
65
17
15
61
63
 3
89
20
 6
44
97
 5
12
60
85
 6
90
42
87
41
58
71
11
17
 7
22
43
52
39
19
46
22
 5
39
70
84
54
29
37
30
17
53
45
41
53
19
28
 2
91
88
48
27
49
53
19
57
99
62
58
 3
76
71
74
65
45
21
67
25
81
 5
61
27
34
42
42
57
58
90
27
33
71
48
23
92
14
62
16
31
96
86
49
48
73
30
18
58
62
 7
42
43
27
57
64
71
46
31
 7
84
 5
13
52
68
96
91
79
17
 2
18
10
88
22
86
12
77
29
79
98
 4
17
93
92
26
10
 4
59
 2
21
84
11
75
 7
17
80
49
21
35
43
93
98
