400
67
27
83
69
15
33
69
51
88
24
28
67
95
20
32
47
58
65
64
61
78
75
49
46
32
 5
59
50
42
35
14
59
66
82
60
91
27
25
81
14
20
25
99
68
37
81
19
81
40
71
95
98
14
 2
50
62
40
54
37
70
17
34
78
90
66
 2
57
30
68
 5
10
86
41
85
92
99
12
84
58
40
11
 9
33
29
32
92
28
43
67
20
56
93
84
32
 8
43
58
81
52
23
96
75
21
48
95
58
28
68
64
70
92
61
40
53
17
 9
39
 3
86
57
76
82
51
 1
88
77
34
94
81
82
45
45
63
50
50
59
69
52
52
20
36
94
43
64
36
44
 8
31
35
 3
96
60
80
82
75
99
68
25
61
 7
22
19
60
 4
21
49
10
69
99
38
27
35
63
15
98
55
60
78
88
18
23
66
 6
90
37
18
 4
40
58
43
65
30
13
71
41
41
19
 6
79
 8
65
44
41
27
82
 5
20
24
18
13
65
31
96
81
31
71
52
49
37
 1
93
 7
95
93
32
74
52
33
98
60
12
89
97
60
 2
42
23
45
42
44
62
64
65
63
50
43
59
10
77
94
92
96
 5
 1
68
16
 7
24
83
92
 5
60
32
15
73
35
44
63
15
23
71
73
93
 7
36
43
74
55
53
98
13
31
14
78
16
21
78
95
12
73
43
64
74
67
39
67
11
73
17
 8
83
41
83
57
58
74
50
33
55
31
45
15
 3
94
64
29
52
68
85
19
66
39
65
29
43
51
99
18
82
45
97
26
50
 6
28
19
49
63
98
30
77
95
41
18
43
84
29
67
34
60
29
54
37
95
99
98
44
87
56
16
 6
73
80
 3
34
35
26
72
 9
26
96
67
20
81
18
53
69
55
17
44
80
17
13
55
38
73
25
25
 6
64
20
 1
40
47
84
57
50
57
71
13
