300
29
 7
 9
 3
65
79
55
57
58
87
 5
 9
53
30
88
19
25
25
94
80
94
89
79
98
47
10
93
85
39
82
11
67
69
24
98
44
93
63
26
91
89
91
 3
74
25
83
98
36
49
78
 7
51
56
17
91
96
29
33
19
19
47
 4
88
78
24
44
44
28
73
47
32
 9
 2
65
47
23
71
38
36
80
61
50
22
53
88
22
93
47
68
38
38
35
19
97
62
43
79
83
72
43
19
63
53
45
56
 3
36
39
17
90
85
75
73
81
82
42
 5
42
52
32
97
 2
 9
36
27
17
57
75
67
16
36
10
42
54
40
26
61
55
88
39
85
47
 2
25
40
78
48
 7
17
20
 5
15
96
52
10
55
44
22
60
71
70
74
 8
82
49
68
16
55
68
33
45
75
97
25
15
20
67
 5
 6
68
28
16
58
46
95
82
44
61
37
82
38
16
15
54
81
54
47
66
73
27
82
10
70
34
70
46
24
37
 5
83
58
85
44
91
94
57
68
42
36
57
71
78
27
76
75
 8
76
47
36
20
82
14
51
12
47
34
14
45
 2
33
49
94
35
50
63
22
65
68
37
41
32
82
10
99
35
 2
71
46
28
20
17
 5
78
77
68
30
83
32
42
68
90
53
47
83
84
85
84
91
95
78
69
48
97
 8
11
44
41
28
73
41
99
66
82
12
72
63
76
15
 7
17
