5000
59
33
35
70
34
90
71
71
 6
67
44
14
92
82
13
17
93
22
40
83
82
74
70
 5
72
86
48
30
96
59
28
95
21
48
38
48
35
12
55
79
60
49
53
 6
 1
73
75
81
61
84
14
19
 3
57
17
87
23
33
24
51
36
 9
55
34
58
34
48
64
52
93
48
 5
51
91
89
88
13
23
42
91
14
26
51
53
43
25
86
78
17
49
81
34
52
37
19
63
26
97
11
49
66
59
47
24
 7
80
71
89
26
23
17
14
29
84
13
87
84
 5
63
 1
58
 3
 1
24
89
88
54
46
26
 8
96
69
59
47
23
 8
 1
62
34
67
30
71
73
97
32
60
79
50
 5
39
 3
63
93
18
80
96
88
17
75
21
 8
93
99
23
 8
97
15
 4
60
39
40
19
13
78
60
75
98
 9
52
10
79
77
32
58
24
81
39
65
84
88
64
14
68
41
31
45
83
67
37
48
53
78
68
74
61
61
95
68
45
47
57
66
80
76
51
64
91
35
20
78
13
74
75
37
49
95
27
 3
59
20
76
60
97
 4
25
96
57
51
70
76
38
52
42
56
77
 5
31
40
84
83
89
17
 4
58
35
84
40
65
47
98
 2
25
88
44
56
96
34
85
81
83
46
89
92
58
72
48
38
40
15
33
44
88
32
96
84
32
42
37
78
14
68
69
75
67
 3
85
43
 3
43
74
 8
 6
59
78
66
61
41
48
21
69
16
73
52
73
57
66
79
97
66
58
47
66
92
86
40
38
20
59
12
20
23
29
10
74
14
99
67
16
58
91
89
87
23
76
39
21
94
13
12
65
52
95
75
 6
44
57
56
38
13
23
68
11
62
52
57
54
88
91
51
34
59
54
97
 2
93
41
85
68
95
53
98
57
11
80
43
78
65
20
77
75
25
14
65
97
75
80
16
20
34
81
15
89
 1
41
 1
25
59
49
14
20
35
42
54
 1
31
33
72
82
26
48
55
71
75
62
99
60
96
82
52
56
73
77
 8
16
58
94
48
82
21
70
97
33
 9
66
90
35
69
52
34
83
13
52
39
55
50
75
18
36
82
65
24
58
98
72
25
 4
34
91
86
 7
55
54
54
28
33
48
18
11
54
25
48
 3
37
74
75
63
10
47
11
26
13
66
88
27
76
46
 7
 4
47
41
60
42
 6
40
49
82
49
43
41
82
89
20
76
19
32
93
 4
45
87
57
18
86
86
60
 2
77
44
59
42
28
43
87
11
41
92
47
95
36
18
44
62
21
48
93
33
73
51
20
65
57
85
69
26
37
27
55
13
28
10
58
65
45
85
12
75
64
 4
81
53
83
22
74
82
99
74
82
74
67
70
 1
97
65
82
30
65
52
78
93
71
13
57
74
58
85
63
25
87
82
 3
32
27
83
67
94
96
 7
86
12
 8
56
89
16
32
45
23
70
17
70
 6
50
22
70
38
25
51
36
83
78
81
77
22
73
70
50
80
98
98
36
73
87
83
62
26
81
97
83
29
 8
 9
86
97
39
 5
53
78
 6
17
46
78
49
83
38
68
64
82
60
11
15
78
91
96
 3
 3
60
24
45
24
72
90
43
11
55
64
 3
59
19
73
 6
80
23
 1
59
20
64
17
46
12
48
29
 4
22
89
88
34
10
89
46
92
32
18
72
59
46
91
38
24
21
36
93
89
11
34
26
55
13
62
20
47
51
 8
27
64
17
52
53
41
97
44
78
41
44
33
 8
28
79
69
70
14
22
83
79
13
23
 3
49
25
80
54
96
77
39
92
20
29
38
13
68
69
 7
81
28
43
77
38
 6
 3
27
22
38
25
91
48
42
11
81
19
88
87
38
64
41
35
66
16
42
62
68
12
81
49
23
16
25
86
46
67
44
19
48
40
39
37
56
27
67
 6
95
24
85
96
 1
30
18
97
65
50
56
64
79
 4
15
92
80
23
19
91
60
61
73
 2
51
77
91
67
38
27
13
 4
22
22
 2
41
76
96
63
33
17
26
39
68
44
46
59
99
59
36
84
13
30
71
17
57
89
45
36
70
57
62
 3
96
65
79
23
44
72
20
85
87
50
34
94
46
28
13
79
52
86
50
16
42
58
58
70
75
66
15
38
30
31
59
41
57
76
18
52
62
90
66
67
95
38
27
45
99
99
80
 9
17
36
15
32
 3
49
89
98
34
30
15
79
67
71
52
98
45
52
19
19
87
34
10
58
75
 6
12
36
66
20
39
60
45
31
43
68
55
99
45
42
90
73
34
69
37
90
83
18
 4
37
25
71
46
96
32
85
28
19
60
36
17
46
88
 9
74
35
 9
87
89
 6
13
 8
91
41
24
35
29
95
 8
16
62
22
38
83
96
75
26
43
40
93
98
35
61
36
34
 9
22
66
40
71
37
60
91
79
64
20
89
27
65
88
85
79
33
46
17
47
35
58
95
99
82
91
16
45
37
40
94
83
93
85
29
26
56
51
86
12
22
47
 1
17
 6
72
91
69
10
94
83
78
90
36
52
94
12
25
59
96
22
10
95
27
78
 1
24
74
45
67
16
30
64
 5
84
 2
41
46
 4
16
76
96
15
14
28
91
17
42
65
47
35
48
22
89
74
 7
49
67
33
67
35
89
 4
33
68
24
25
93
99
 2
16
22
96
34
51
13
42
 6
19
23
69
62
10
73
84
26
74
64
63
88
27
73
89
97
86
87
 5
78
70
34
42
33
26
63
22
32
90
55
67
59
99
93
32
19
 8
73
86
55
52
 8
63
12
32
85
 8
70
 9
38
22
93
24
80
63
27
43
86
84
61
89
46
69
26
 7
81
44
16
14
68
40
17
71
21
76
35
36
18
25
79
22
95
55
39
51
17
92
71
87
10
 5
44
64
 9
50
77
 1
87
84
95
73
 2
92
44
 5
59
11
98
84
 3
 8
96
92
47
24
32
75
43
95
46
85
25
84
44
93
89
43
83
47
79
14
47
88
37
27
68
35
48
64
94
83
 1
60
89
92
48
32
36
79
89
71
31
76
94
12
74
12
57
19
11
25
 5
78
11
24
60
56
15
54
88
14
57
98
92
19
22
 2
29
67
61
 6
99
50
 2
 7
52
57
97
12
 1
82
19
21
74
 9
70
 1
81
34
11
64
47
25
73
53
75
53
54
14
90
 2
66
58
45
 2
33
31
 5
77
20
50
36
71
71
31
76
19
54
98
29
41
74
76
69
45
70
34
75
70
46
29
 6
93
56
96
15
27
92
18
31
14
92
39
92
59
23
59
70
 8
43
62
55
99
28
11
67
 8
27
82
35
11
51
56
17
81
81
41
23
62
49
39
79
88
19
52
30
51
27
22
85
59
61
89
35
61
83
96
29
29
66
 1
24
48
23
17
43
94
41
71
 5
77
63
80
74
13
45
23
24
91
34
43
26
42
80
41
64
14
55
73
10
11
59
51
29
90
 9
38
71
40
79
30
16
78
98
36
 7
79
67
41
74
55
91
56
64
 6
19
36
59
78
49
88
41
39
26
57
62
83
55
59
63
13
89
12
35
 4
11
 8
43
67
25
59
 4
52
42
 5
47
88
41
52
60
14
73
 3
25
82
28
96
54
 1
 3
29
49
91
10
77
64
27
55
 9
23
37
 6
88
54
26
29
39
93
11
61
28
28
 9
31
78
34
97
78
13
61
58
92
 1
33
40
27
43
24
57
79
62
54
36
46
96
92
58
87
23
91
77
38
60
47
90
19
96
14
21
36
 3
58
 1
60
44
92
 5
71
87
59
35
36
97
18
96
28
15
 4
60
53
27
 5
78
77
 6
22
16
35
41
81
77
 6
26
44
 7
39
35
73
19
25
46
36
39
66
55
68
32
80
30
99
81
58
30
66
89
33
80
79
80
72
 7
26
74
39
 2
39
93
58
55
97
96
13
13
42
77
15
87
29
44
77
91
11
 3
31
23
80
66
 3
61
68
12
22
99
10
 3
36
 8
84
11
46
 4
54
40
10
45
88
98
19
51
97
15
42
 7
87
42
95
 7
26
53
36
79
60
73
69
33
63
40
43
80
43
40
26
80
 8
33
34
56
 5
81
12
16
44
15
45
42
 6
49
75
88
52
77
26
34
46
63
98
31
93
46
52
16
 2
 3
17
 1
93
45
53
21
46
41
29
60
 9
95
 3
23
63
10
89
84
80
49
11
73
43
10
91
25
76
67
 4
70
68
48
38
87
19
32
82
71
88
24
97
70
 4
94
75
36
77
44
52
25
 4
65
79
14
85
80
24
57
59
32
83
59
71
65
 3
71
61
29
81
99
27
14
45
45
12
35
76
27
88
 6
77
45
85
 5
67
25
32
76
73
80
63
54
25
57
62
73
22
94
73
60
58
60
82
30
92
88
91
21
61
96
58
82
74
90
63
34
53
41
63
32
 7
55
81
32
 9
97
14
31
 5
 8
75
31
67
61
96
22
62
18
70
42
33
12
71
97
51
18
46
 2
66
52
81
13
96
51
78
48
63
75
22
26
56
71
65
35
11
75
30
76
70
57
49
76
43
95
35
 9
 9
90
16
41
82
 9
 9
27
 6
50
88
70
61
41
 4
82
76
54
 8
44
35
32
70
14
28
43
98
80
89
29
74
 8
49
84
22
69
22
20
93
 9
96
38
19
49
23
 8
95
61
67
35
42
22
38
21
22
90
48
15
63
98
16
53
42
20
68
82
90
87
54
55
 1
32
29
15
53
20
18
47
60
53
21
 5
76
11
59
89
15
92
37
29
58
59
15
71
 7
 6
60
76
19
84
93
42
23
 2
56
88
39
 4
60
89
80
87
32
56
93
40
89
49
99
47
98
48
72
73
22
43
63
60
18
69
72
30
 4
70
69
59
33
75
 1
 5
11
26
59
25
88
 1
50
22
63
64
46
 9
35
41
63
39
24
87
27
12
27
74
91
79
93
85
73
81
10
 4
35
11
79
 6
23
62
77
51
68
55
64
62
52
72
42
92
63
36
53
84
35
24
73
11
90
72
19
94
90
76
30
 8
 9
96
21
36
21
31
81
37
49
20
21
31
32
64
18
92
76
31
88
72
47
94
37
11
51
32
83
64
98
86
38
32
60
19
36
88
23
94
81
90
59
84
11
16
24
45
50
38
76
72
53
51
42
57
97
11
28
69
37
21
94
92
75
34
 2
20
76
88
18
52
53
58
42
96
56
20
86
11
31
42
11
95
23
75
25
76
31
64
50
73
74
46
 2
 6
77
75
15
26
37
23
24
39
70
92
 9
94
29
10
 4
89
44
21
98
19
16
64
19
54
 7
26
17
25
41
85
61
74
77
31
55
47
59
40
75
24
 5
56
48
94
45
 8
78
48
71
 4
30
44
96
91
71
27
96
66
97
82
28
44
38
77
 8
82
50
80
34
44
28
 7
23
24
15
 2
68
97
35
84
93
29
67
59
81
94
50
62
64
62
38
93
71
84
17
34
96
22
95
 3
98
 1
61
26
88
76
37
 6
 9
23
21
30
85
41
46
36
29
67
46
65
74
 1
51
87
56
26
 9
91
66
52
64
79
36
34
78
54
63
 5
18
75
26
83
 6
52
21
97
72
31
44
64
72
73
86
76
24
79
12
52
41
37
40
83
98
58
76
29
 3
93
 6
 9
29
71
23
42
82
54
68
64
23
84
84
99
60
61
55
94
15
69
19
 5
68
87
34
36
11
72
95
30
76
86
71
 2
15
32
52
19
60
72
94
17
50
20
48
45
68
35
36
71
56
39
 2
82
63
96
66
40
88
39
20
36
68
 8
11
 3
92
84
12
95
77
76
64
37
73
48
82
35
72
36
77
33
48
57
30
47
23
52
46
33
88
58
21
12
67
64
73
37
50
37
46
 9
88
70
38
21
88
61
83
60
73
41
28
 9
66
75
25
16
63
76
83
64
41
17
13
79
83
 1
 5
46
47
85
48
60
73
95
71
72
61
38
89
70
93
59
32
43
57
30
50
68
23
25
83
92
48
84
63
18
49
94
47
75
17
 8
57
 5
32
24
21
 1
28
41
93
78
74
37
29
89
38
42
20
42
67
90
50
83
83
15
84
69
18
56
39
84
61
68
57
62
86
62
36
30
98
16
27
53
82
52
57
 8
97
18
90
35
75
96
81
15
91
48
32
32
68
34
19
39
59
12
82
10
81
55
64
90
53
93
72
25
 5
18
51
71
 1
45
70
 3
54
 3
75
72
88
 7
13
63
96
 8
17
13
55
73
12
82
81
80
52
24
48
91
58
79
51
83
43
59
78
99
13
60
30
 3
23
50
67
98
80
84
23
91
64
93
71
66
72
76
77
45
40
79
 6
 7
61
67
51
30
60
62
37
39
17
85
54
26
16
54
85
16
31
72
89
36
89
72
98
93
37
47
77
98
66
17
24
26
 4
95
57
73
29
76
53
 6
29
12
94
36
41
97
76
35
13
64
61
23
15
57
 1
37
26
 9
13
19
66
 4
71
16
54
30
45
65
71
15
78
27
43
33
44
27
81
 5
46
15
18
55
23
72
59
59
10
69
 7
34
39
20
74
19
88
30
30
98
12
92
 6
93
32
15
99
 4
20
31
20
 8
70
 3
86
 3
80
38
43
 1
38
43
91
58
29
51
17
51
88
 6
93
84
75
73
48
38
 9
64
85
34
55
17
32
48
98
28
 4
21
64
 4
78
15
59
95
44
72
80
95
23
95
55
64
55
35
75
60
11
86
71
56
36
 1
11
80
91
79
50
 3
 6
84
27
91
78
42
28
50
70
29
15
70
13
59
46
12
72
51
74
46
 6
86
57
55
32
32
65
59
72
60
18
27
70
27
40
59
50
34
65
13
25
38
71
27
 8
57
88
39
48
 1
56
48
37
91
75
11
 1
19
21
22
41
62
65
82
26
44
99
94
98
50
66
75
 9
73
14
51
23
15
81
21
33
 4
28
29
 9
66
 8
55
19
14
 2
70
63
64
29
36
46
85
21
23
25
59
97
12
70
61
26
64
73
65
98
17
25
44
16
76
22
86
 4
 7
 6
25
53
43
 2
57
17
40
52
65
45
 2
29
42
97
84
 7
94
15
22
68
55
82
68
67
62
71
17
72
34
90
67
32
22
44
12
13
38
 8
30
12
54
30
27
 6
84
76
37
57
19
11
11
17
35
50
 6
54
60
63
13
54
 5
62
24
11
34
63
83
54
15
54
24
40
82
60
23
48
86
15
96
13
45
62
56
22
68
88
40
20
98
88
57
60
96
88
47
 8
47
21
99
79
 3
80
29
97
42
39
54
45
53
68
77
 9
39
42
17
84
26
57
68
53
96
60
79
76
24
 8
91
29
10
52
33
35
32
80
32
94
80
93
15
82
 4
62
77
27
28
44
83
 3
90
86
71
84
34
16
43
87
 9
33
97
34
29
12
95
69
35
22
 8
84
 8
71
36
44
60
95
77
97
99
85
82
71
52
80
15
90
49
14
45
75
78
47
89
22
69
76
30
27
60
44
13
70
92
42
83
10
60
37
45
97
96
 5
78
82
10
16
49
99
42
37
20
19
74
 6
75
45
56
44
15
45
60
58
89
 1
62
98
57
56
47
27
28
49
27
59
62
23
74
36
 7
83
66
86
32
92
48
36
48
99
77
38
63
62
 1
47
64
73
 4
54
89
57
76
79
65
25
54
32
67
81
63
62
 7
61
43
87
82
68
55
39
84
29
73
98
21
12
52
65
48
30
63
44
50
82
10
80
72
38
 2
28
54
37
 6
84
53
99
44
86
 8
17
63
83
45
25
49
90
70
26
 1
38
35
60
47
26
39
 1
20
86
54
55
52
70
26
70
39
65
32
12
 8
52
77
 2
51
15
77
23
67
 2
28
30
36
66
 6
 1
20
78
94
74
89
26
 1
86
49
 7
13
57
 9
40
17
57
28
75
93
87
 7
46
11
 9
50
38
42
49
61
20
23
34
 8
 5
88
68
 9
 2
81
89
94
 8
81
71
72
14
61
43
59
66
97
34
23
64
60
13
79
33
98
 6
86
40
36
91
92
27
27
36
80
84
55
69
50
64
37
81
94
65
 7
24
16
62
60
95
 8
29
26
12
96
35
16
17
32
41
76
51
20
90
48
36
13
19
63
77
35
89
12
54
52
44
78
98
69
16
90
27
74
70
88
34
 1
21
47
98
27
11
61
36
89
60
27
19
27
23
30
12
30
16
79
54
28
73
84
17
52
 6
27
79
48
89
18
47
53
84
81
62
13
 4
93
17
66
27
73
34
50
83
66
17
75
 2
41
41
16
46
20
71
58
33
49
98
62
62
64
73
71
44
40
18
35
52
57
12
70
 2
29
25
21
62
64
85
68
27
40
72
20
28
61
 5
37
18
65
30
58
35
66
76
36
40
77
69
54
58
23
86
83
14
72
35
87
89
 6
57
69
89
47
 1
50
56
70
 4
99
 5
21
13
90
26
44
69
82
33
87
20
34
93
45
50
43
22
15
 6
 9
70
52
17
92
14
71
80
31
41
95
 5
16
58
93
84
22
22
 3
10
 9
 6
93
70
54
 5
63
64
53
99
 4
71
47
81
51
97
18
43
55
57
91
64
68
88
15
65
97
81
19
89
31
 7
72
64
55
16
98
 9
98
32
69
45
19
64
80
68
35
78
80
44
75
75
75
77
 2
84
84
36
82
35
66
58
 4
10
89
35
66
49
63
93
61
 7
11
79
74
16
94
52
18
86
76
 4
42
77
30
 6
96
68
73
99
27
73
51
36
80
22
34
67
56
62
54
22
41
87
55
43
20
53
82
25
 4
94
60
33
 2
 3
15
48
37
63
89
12
52
20
75
99
 2
87
41
31
87
40
83
26
17
19
41
 2
40
97
49
48
74
23
46
61
34
86
99
71
92
37
98
44
 5
99
44
98
96
 2
 7
22
56
67
74
11
46
94
63
40
53
72
 8
58
 1
39
 9
46
53
59
62
18
15
 7
29
95
72
30
78
52
74
 5
81
49
94
24
61
53
76
55
77
64
11
92
79
62
37
56
80
59
 8
52
89
99
41
36
63
82
73
27
 4
57
33
83
80
53
67
89
85
99
36
86
99
 5
 2
75
97
39
20
37
56
99
81
89
79
99
94
34
48
46
64
 4
57
75
51
72
75
92
76
37
98
73
40
22
 4
14
45
31
 5
40
72
86
84
86
89
95
37
75
79
57
87
49
31
69
85
45
95
53
95
44
54
39
61
65
84
42
25
63
97
65
49
85
 1
60
77
61
85
90
79
55
86
11
44
75
96
31
42
73
14
53
36
13
70
62
44
39
55
73
55
49
48
85
92
73
97
61
 7
86
55
89
30
39
90
45
42
30
20
91
94
43
39
47
44
22
29
72
26
32
16
91
48
85
22
92
 4
68
37
35
 3
47
19
 7
23
97
52
59
64
41
90
52
17
 5
89
56
31
16
67
31
98
51
20
17
16
15
78
86
61
10
79
79
53
49
32
53
 4
77
15
93
51
60
37
 9
89
83
66
51
65
64
58
98
56
76
 2
15
28
95
10
61
55
 7
69
35
10
21
82
37
24
92
 3
42
 4
55
17
55
 9
75
58
45
75
55
 7
29
10
59
81
 4
19
12
43
10
80
41
36
90
77
15
94
58
47
30
33
43
84
23
26
84
74
48
33
 4
49
 2
54
75
76
23
65
45
75
66
41
22
47
68
90
83
25
 3
28
23
44
51
98
80
11
76
94
82
99
42
48
33
34
35
76
87
81
63
41
43
48
86
 1
83
69
13
32
94
79
76
72
27
96
84
83
86
64
54
83
34
 7
69
43
89
36
12
81
13
60
48
81
58
48
19
52
77
73
74
42
54
28
56
56
64
94
36
50
41
82
16
92
21
23
13
41
77
22
 7
14
91
59
15
45
89
39
34
59
83
94
20
86
39
15
75
39
27
39
78
50
68
63
41
54
22
91
28
52
46
18
22
53
66
34
76
72
87
54
25
23
79
77
93
17
72
46
96
17
 6
40
60
19
41
63
33
34
12
58
42
66
92
 7
76
11
73
46
15
90
47
76
 5
75
38
75
 6
67
24
85
 1
22
81
14
 1
71
79
 2
16
33
63
84
55
63
59
34
13
34
48
69
85
11
12
54
 9
85
30
52
44
57
10
57
92
15
41
90
88
14
50
51
36
86
45
37
39
 3
39
 2
96
 4
18
88
14
28
72
93
95
56
23
80
64
88
96
44
95
96
61
 7
87
32
64
51
64
64
22
92
36
31
66
74
14
37
14
95
98
21
62
58
43
24
81
42
96
52
93
89
59
99
19
10
34
96
83
93
88
71
59
39
60
78
28
73
71
82
58
90
13
54
67
73
52
59
67
28
41
20
59
93
51
91
86
55
30
65
15
34
21
44
14
72
98
60
54
80
 2
26
72
84
94
75
19
24
48
69
37
40
70
47
95
20
62
72
34
10
57
79
11
86
96
58
43
96
11
75
22
37
54
85
75
98
59
18
92
52
75
94
46
87
29
76
57
88
 8
80
29
46
64
61
73
23
71
18
 2
28
27
 7
57
43
 5
15
82
61
94
97
13
60
98
 8
47
90
35
33
41
77
19
85
33
52
73
21
49
76
23
66
39
90
49
22
32
58
49
 2
 7
14
57
17
49
13
 9
17
88
77
74
27
92
28
56
91
 8
19
78
52
34
37
51
80
 2
18
52
73
64
 1
 4
69
53
 2
77
61
22
29
15
67
15
85
 9
51
 4
40
95
38
11
49
45
33
67
59
76
68
35
52
82
97
19
50
10
71
31
84
56
 1
94
89
52
35
69
65
69
85
13
69
38
 1
95
58
11
26
38
51
44
75
77
46
57
15
11
46
27
 1
43
30
67
88
78
36
72
34
92
71
60
93
 6
35
 8
83
14
64
85
76
80
83
17
81
69
61
65
31
96
82
39
81
85
14
56
66
33
67
52
 8
20
69
59
22
17
14
46
34
13
 3
49
17
78
84
84
 1
45
69
72
35
83
18
52
74
58
21
40
54
62
43
90
38
82
38
12
 3
25
40
21
24
38
11
57
61
59
44
55
78
35
50
 8
 3
24
67
92
72
53
48
 9
62
19
79
 7
41
12
60
39
52
54
13
20
67
30
39
32
11
99
10
59
98
68
93
79
90
19
 8
 9
 4
59
99
23
80
 3
56
43
64
36
32
31
70
81
84
53
 9
29
47
73
49
20
88
49
78
69
99
63
42
14
71
72
31
65
89
14
86
59
11
64
92
75
55
52
43
24
71
51
28
68
 5
48
44
91
48
 3
66
60
76
12
84
 3
54
75
52
53
40
88
41
81
38
53
44
55
45
37
39
51
45
68
40
82
89
97
50
31
15
13
50
61
40
42
29
27
10
32
98
 7
85
22
88
10
94
20
70
88
23
93
12
76
41
81
92
99
87
34
 4
99
71
97
48
88
21
50
71
73
49
79
35
 1
67
64
58
29
95
92
60
92
22
99
99
58
50
85
69
45
97
42
25
 9
66
 2
15
53
54
98
91
75
47
76
62
10
37
35
64
73
16
22
33
76
80
 7
26
 7
25
 1
86
43
25
79
22
15
 3
82
39
65
85
26
55
16
34
 2
15
 7
57
26
 7
24
90
82
45
51
54
37
95
76
78
67
97
13
84
72
84
23
42
28
43
32
71
40
11
21
 2
59
61
59
96
 2
65
 8
10
68
86
18
99
86
 2
