500
49
79
12
81
98
47
28
65
95
98
93
78
 1
85
90
22
51
46
 5
80
 8
 1
35
42
89
72
99
20
13
24
30
 8
79
20
75
99
40
79
17
82
80
54
20
29
38
11
 2
19
26
 5
59
94
50
61
40
99
94
55
82
79
80
74
17
22
60
80
62
 4
48
46
 1
12
50
98
58
19
20
 8
92
81
64
87
 6
30
42
45
66
25
 1
16
96
56
51
59
83
45
65
23
52
34
74
63
12
25
61
34
67
49
23
18
18
30
80
17
57
18
59
94
57
58
62
62
89
92
73
99
42
15
55
26
95
15
21
 4
 7
29
68
78
77
 3
71
40
51
19
92
21
 2
75
29
15
82
76
32
16
75
12
47
74
30
99
98
71
13
56
35
98
64
67
20
53
91
48
38
33
88
34
13
38
97
 5
18
64
28
84
57
 3
44
26
18
24
 2
 7
53
55
98
50
12
41
83
13
63
94
85
36
42
19
46
97
49
20
72
89
47
66
 6
28
86
64
54
29
77
47
37
73
77
78
19
75
91
80
84
79
43
43
 2
 4
47
75
64
68
 7
20
28
 4
80
 3
49
83
59
45
38
98
63
 2
36
75
25
55
12
95
61
29
12
10
 1
52
62
71
66
40
 5
34
87
10
40
96
29
13
11
65
16
 5
 2
97
63
 6
20
19
47
 7
84
56
58
56
33
83
72
83
54
46
60
10
50
22
92
61
52
12
50
95
66
16
92
 7
19
74
 9
37
35
46
91
63
20
86
63
90
32
13
93
10
40
16
34
40
 7
89
19
64
81
70
52
11
17
18
23
31
39
61
79
28
45
34
 4
66
72
 5
 6
22
19
47
96
 8
54
55
41
49
 1
33
59
13
18
79
85
76
80
85
36
58
80
74
 3
79
40
96
25
67
65
10
61
97
25
68
 9
70
 2
21
79
11
81
79
 2
10
22
32
49
69
98
70
60
85
35
12
50
43
29
74
92
23
95
84
51
24
 3
92
55
94
60
59
97
61
19
91
35
72
27
 3
89
29
35
53
17
17
65
62
45
34
44
51
43
 4
33
99
46
70
27
70
59
91
79
93
90
93
 6
66
43
22
37
56
99
49
77
54
28
64
 8
91
50
27
38
39
10
86
18
 7
62
60
93
88
39
77
78
39
94
61
57
36
 7
91
30
33
