1000
54
82
36
50
63
50
58
54
 3
 7
11
12
46
69
62
 5
27
25
26
23
42
71
18
30
12
46
71
61
91
48
39
39
14
43
84
47
39
56
80
81
 7
36
99
96
70
15
43
73
 1
14
82
23
34
51
47
57
62
90
52
55
42
76
94
 7
 9
 9
96
22
73
99
37
57
 5
65
63
45
51
81
 1
84
30
86
52
86
12
25
28
17
49
40
80
32
67
 3
87
80
63
77
52
 7
45
22
84
92
43
17
 2
32
25
26
45
82
59
70
27
15
54
39
 4
57
96
97
16
88
56
36
61
90
50
 5
57
70
32
70
47
77
21
76
35
70
31
11
59
93
89
53
22
43
33
44
86
13
73
29
40
53
94
97
36
58
89
 9
32
10
 3
 5
29
90
83
90
 7
 9
 3
10
98
26
60
80
70
36
20
 6
64
 4
98
56
55
91
64
13
 2
85
47
67
26
63
28
93
97
92
18
60
79
28
71
 7
87
76
63
58
32
98
81
96
91
35
34
64
89
 3
43
20
22
60
35
14
 8
99
74
13
97
30
63
49
42
43
62
92
29
24
33
52
86
66
83
97
97
92
91
95
88
17
 9
66
31
54
15
42
64
24
 4
50
43
32
 5
79
 2
 5
 3
69
88
33
56
86
33
11
85
 1
85
49
29
51
21
 3
34
 7
34
22
93
10
13
72
75
 1
22
15
70
32
87
97
12
48
11
51
60
45
95
39
47
 7
26
64
51
93
79
63
88
10
11
 6
24
28
82
20
46
71
90
77
42
49
52
41
 9
48
11
12
24
73
19
89
22
27
63
75
 9
42
75
34
40
47
11
28
 7
69
33
72
70
75
82
 2
41
30
70
88
10
 2
72
30
70
70
71
37
62
78
15
11
99
76
46
84
49
 5
55
 1
90
69
40
73
95
38
97
56
43
35
37
26
26
44
54
10
70
99
40
89
19
90
69
78
70
38
45
21
78
77
38
15
69
17
 5
96
73
92
12
92
63
83
71
75
64
26
86
35
43
84
36
92
34
 4
86
73
13
24
53
80
85
65
26
49
83
64
46
53
43
82
70
48
67
54
10
96
33
 6
70
76
53
 4
91
20
51
64
97
75
64
94
70
39
24
83
56
67
22
21
11
87
49
58
92
43
69
83
16
76
35
49
80
88
10
97
62
87
11
28
 8
47
14
64
18
 5
43
53
38
14
20
58
62
79
28
82
66
82
29
69
73
43
66
33
61
10
75
67
22
40
48
62
93
34
90
12
42
18
94
 5
53
22
58
 6
87
43
13
28
56
57
50
69
85
54
28
44
30
64
52
69
71
56
96
44
 1
70
75
74
 7
56
20
78
54
 6
67
50
96
24
38
73
92
40
87
98
81
 4
10
76
75
59
92
24
30
53
85
57
49
70
96
45
 2
31
62
27
65
65
22
40
20
 6
30
 8
83
89
40
33
10
20
 4
35
59
85
96
 9
38
80
43
95
32
37
25
81
36
86
60
 8
85
83
43
84
10
 5
14
33
 5
49
54
 6
39
66
95
35
14
20
11
60
59
21
91
64
12
52
80
96
41
 6
48
88
82
31
 4
48
42
71
14
55
 7
46
26
13
64
41
69
98
45
24
26
74
82
92
52
76
23
87
32
64
70
99
59
49
97
59
18
58
13
92
47
93
10
89
92
 7
98
73
 7
59
28
42
84
 8
12
48
43
54
74
96
93
19
 1
17
23
76
43
 7
48
 1
40
86
29
74
 9
78
44
 1
79
29
83
58
12
 5
72
76
78
75
77
30
42
17
24
52
28
43
65
67
 3
93
 6
20
64
 9
74
36
67
91
14
66
64
11
77
48
17
24
21
52
33
94
66
44
79
70
34
16
72
93
 8
27
33
27
47
19
48
46
90
24
21
93
81
37
34
50
56
89
36
99
12
72
47
61
18
49
 9
64
75
21
73
21
71
72
63
96
76
63
74
22
86
92
79
34
77
 2
89
17
90
52
33
14
72
29
19
67
39
 4
24
90
50
39
95
11
73
29
92
78
43
75
50
92
63
 7
25
45
74
12
56
16
44
17
44
34
77
73
63
34
29
78
91
23
 7
98
24
83
26
30
92
30
46
38
 4
52
24
42
 7
46
96
76
79
83
79
71
76
10
46
19
19
23
88
51
52
23
41
92
64
94
41
19
 8
96
31
91
84
24
62
80
51
38
11
65
25
91
56
14
11
78
48
37
47
25
13
11
13
35
94
65
45
33
24
49
54
 5
85
38
63
69
74
16
54
 8
33
 7
85
47
28
54
96
59
97
58
30
69
92
55
55
86
56
28
18
22
80
84
18
66
50
38
33
84
51
51
84
25
