1500
54
 5
74
39
48
72
18
51
96
 8
42
69
37
 8
76
77
51
71
42
11
71
14
83
 4
38
53
 9
16
97
29
10
86
24
79
17
17
66
54
65
27
70
69
91
71
92
99
75
89
78
 4
21
50
84
73
16
65
30
24
38
60
76
93
56
51
97
76
 9
11
41
57
79
95
58
83
91
11
88
29
93
59
84
70
97
 1
57
79
28
19
30
 5
30
40
88
58
22
18
98
95
13
 7
91
95
94
41
96
19
 9
51
94
58
 9
35
90
79
22
89
83
26
15
64
22
20
89
15
25
17
91
 5
45
54
67
72
85
45
63
75
20
52
85
51
29
18
16
 2
14
49
13
26
 4
67
89
31
88
 1
93
29
27
27
71
64
57
73
75
61
36
37
60
47
54
72
34
45
50
89
33
80
74
 6
65
 9
 6
15
90
84
 6
89
88
13
79
 4
92
82
48
83
19
12
 5
65
84
39
28
75
38
53
72
21
 3
26
80
87
44
16
24
42
74
26
47
39
96
80
17
22
 6
81
30
29
48
48
97
80
54
70
62
67
55
84
52
14
83
24
45
40
84
13
38
80
21
89
84
 9
10
30
19
14
83
17
10
58
85
74
71
94
10
90
77
64
12
29
90
35
62
99
72
18
97
48
77
19
33
44
88
70
92
43
14
75
22
77
92
32
25
84
26
78
16
85
90
91
11
59
41
 6
45
 9
68
86
61
56
17
12
34
93
21
 3
80
86
74
56
36
89
80
20
34
51
11
62
56
79
16
82
20
37
99
 8
58
44
31
20
31
55
76
65
71
75
46
94
81
14
23
71
67
11
73
 1
49
37
21
34
37
24
62
81
87
 4
12
84
52
31
57
 1
29
44
27
50
11
60
22
46
75
59
27
90
74
34
63
62
83
84
97
45
87
 8
37
42
27
88
67
35
97
30
42
24
51
13
84
94
42
56
 5
62
13
43
99
45
39
88
47
 5
18
23
30
 3
59
56
46
25
26
 4
 5
22
90
35
77
90
65
31
 8
86
77
 3
47
62
19
69
 5
25
67
34
12
31
 6
66
54
72
24
26
89
 5
44
45
10
64
43
76
49
14
14
53
10
72
49
77
96
71
87
28
50
80
84
67
44
60
72
10
53
83
74
12
64
59
13
93
15
40
93
16
43
13
 6
21
45
61
14
86
 2
27
88
90
90
19
40
20
27
18
17
36
56
21
28
38
67
82
35
16
97
90
 1
54
40
18
26
56
16
16
48
76
 5
73
57
16
29
11
 2
56
39
38
 9
13
40
30
23
66
88
72
85
61
84
13
48
20
19
70
30
67
73
63
50
24
47
65
 9
45
14
83
63
76
59
66
88
89
27
18
18
93
16
39
13
63
47
62
34
82
54
20
46
48
14
89
40
42
64
67
23
 7
41
22
39
12
59
55
70
 1
87
48
94
47
38
99
34
42
 6
58
87
41
20
22
72
76
80
35
61
79
90
52
54
 9
54
75
62
34
13
70
39
66
39
43
58
92
33
85
40
98
27
75
52
32
83
48
79
12
65
 7
79
15
58
 3
32
47
41
47
91
43
83
82
53
90
46
87
33
30
83
31
94
21
23
50
97
24
11
73
12
 2
 4
66
79
66
90
12
53
 2
41
 4
 7
76
39
74
39
59
19
24
66
89
63
84
31
80
53
76
14
23
65
84
83
75
80
36
69
82
17
80
88
37
36
70
 9
 6
38
36
99
47
16
53
28
40
47
 3
56
33
26
10
13
65
 6
78
82
47
29
96
81
50
56
19
79
99
57
29
20
36
41
70
 7
11
40
38
 9
82
 3
50
48
20
95
62
30
26
89
61
65
18
24
90
66
84
28
50
41
23
80
26
87
 9
 1
85
 5
90
44
97
22
55
98
 1
57
65
61
 9
20
10
68
46
64
69
91
18
97
42
45
99
58
24
31
61
75
96
69
 3
11
12
25
13
 2
26
97
41
 5
79
70
79
60
60
95
58
81
70
 5
37
71
 9
22
10
90
 5
80
96
74
 9
96
49
14
85
30
23
 5
 1
60
64
85
53
19
68
51
52
16
31
90
71
79
68
 5
 9
66
28
66
49
43
57
94
89
27
65
73
 5
49
27
10
19
43
72
63
67
46
25
15
96
74
 8
39
11
84
90
38
95
83
11
87
28
88
20
68
14
 5
96
20
49
23
82
18
54
 2
79
77
82
42
61
92
37
11
40
42
 8
30
41
33
61
76
28
29
97
26
27
49
97
67
 1
60
82
37
 8
51
15
86
 6
37
46
41
46
52
54
64
88
93
68
75
17
71
33
46
53
34
94
12
78
15
83
51
44
68
50
23
79
53
42
44
83
23
89
25
 9
80
60
69
28
52
82
28
74
60
67
86
74
21
43
55
31
63
53
90
 4
92
85
60
34
91
14
22
53
89
26
22
38
85
 4
56
34
52
25
39
31
25
58
91
86
79
51
 7
 5
14
22
15
62
52
 4
75
67
52
39
60
64
61
58
 8
81
97
67
54
 1
 1
51
10
60
15
36
53
92
69
10
65
77
 8
40
49
17
39
 7
44
32
46
66
96
77
34
68
 6
48
72
67
89
25
74
 7
86
97
 2
63
56
10
24
94
77
84
11
89
20
69
17
78
84
46
 5
72
68
59
77
26
85
 3
81
53
82
16
22
18
63
38
77
36
84
58
48
68
35
25
 8
89
47
34
20
88
64
82
81
74
 7
89
33
82
62
73
22
11
53
91
63
95
80
33
57
84
20
73
18
75
78
52
 5
91
47
33
56
89
96
72
52
19
40
55
12
77
 1
43
15
61
18
77
94
37
24
98
74
77
40
95
83
44
93
83
32
84
34
99
 4
21
42
12
16
89
95
53
99
32
 9
59
96
57
87
14
78
22
30
 5
91
12
19
77
63
89
15
91
41
87
21
73
15
 5
10
48
87
 5
96
90
52
50
45
24
33
88
73
44
52
13
79
81
86
26
29
78
51
10
24
12
 6
58
14
 5
11
48
53
96
12
15
62
80
96
24
13
 4
 6
76
81
25
26
61
99
24
61
85
36
70
10
86
45
37
20
85
20
56
87
41
74
25
50
 7
10
50
35
28
62
19
21
79
16
21
77
99
65
79
41
94
 7
33
76
88
53
20
 1
92
38
95
10
60
22
66
88
99
51
34
38
20
91
53
 8
88
75
 5
62
47
98
58
70
91
 4
54
58
66
70
72
86
41
69
 3
17
66
89
 8
33
49
98
74
50
47
44
48
15
29
58
62
 2
 4
67
31
18
48
85
34
35
53
64
65
39
21
 9
65
19
 3
21
98
12
45
59
24
86
34
13
 5
14
63
58
84
93
56
89
24
71
70
 7
77
59
74
49
32
39
62
48
80
98
96
 5
47
74
11
35
48
36
93
35
83
97
82
66
76
 5
76
25
26
45
99
20
 4
53
29
85
59
92
26
78
55
11
62
74
22
95
 4
30
16
55
23
95
 4
84
20
70
47
77
20
83
84
69
11
76
40
14
10
