5000
90
 7
35
37
56
21
19
30
 2
56
87
44
45
16
86
48
30
67
91
24
19
74
 2
55
85
62
34
50
64
24
 3
63
50
36
30
89
21
30
51
 1
 1
67
66
98
95
41
15
65
34
91
14
55
72
51
32
35
55
83
46
22
 8
36
62
96
72
 3
33
61
17
86
40
25
74
57
26
68
32
12
88
89
91
19
37
61
73
60
48
13
49
60
91
88
86
89
76
50
 1
52
83
99
75
62
39
14
62
72
 1
23
24
94
91
43
20
72
63
 8
 4
29
42
94
34
70
17
87
66
51
13
84
26
87
46
85
29
39
75
64
55
17
49
62
40
61
79
27
83
36
17
93
44
93
77
64
25
48
89
85
16
98
18
46
85
71
 9
36
 4
10
47
53
89
57
50
26
44
91
83
31
91
52
47
51
67
 3
85
94
80
89
 2
87
96
17
 4
66
63
27
80
99
27
76
26
45
49
20
 6
83
98
79
 5
26
 3
23
23
48
50
11
74
42
 8
47
62
32
68
 6
57
58
90
35
88
61
17
49
52
88
63
84
38
41
58
26
14
69
23
10
34
85
59
85
23
47
59
36
 8
92
87
67
39
20
46
37
88
40
94
49
41
17
11
96
92
37
81
39
56
 4
 1
32
95
 2
63
99
80
33
38
30
92
75
 8
18
79
37
54
31
51
90
72
 6
78
47
15
59
35
48
19
39
50
53
38
72
40
63
25
39
68
12
91
59
96
24
80
81
78
77
85
80
73
98
63
57
23
78
45
35
55
82
18
56
80
27
75
66
26
78
 5
96
82
74
12
17
19
11
50
91
13
91
60
 3
73
85
78
53
 3
97
23
43
64
82
26
27
11
21
 9
17
31
85
60
75
86
99
43
54
80
49
64
92
28
17
44
76
90
11
20
50
20
76
10
67
94
27
85
99
71
15
76
79
56
57
46
88
18
51
70
80
24
83
59
33
41
73
48
38
85
63
92
16
50
66
18
45
99
27
35
32
65
68
62
72
24
 3
12
58
87
73
32
66
16
91
77
78
43
67
31
88
42
68
95
28
36
10
 8
78
57
27
11
88
72
31
 2
72
76
64
 7
15
75
97
 6
42
42
87
51
98
94
89
 1
80
65
85
25
71
96
26
82
25
62
12
46
47
36
34
71
17
82
17
75
98
36
40
24
94
14
19
13
72
32
11
11
31
81
10
73
39
19
26
94
 4
38
92
70
90
77
94
 1
 1
30
73
59
60
92
 1
62
73
60
68
88
91
58
90
58
17
42
67
33
40
66
99
44
90
25
22
12
17
88
13
61
78
27
78
95
59
44
63
40
84
35
52
 6
54
51
72
92
71
15
22
88
85
70
24
75
24
87
80
91
26
33
73
72
64
 5
14
23
64
58
96
30
96
13
22
85
70
61
84
 5
89
93
70
25
 1
36
60
84
 1
10
87
34
34
44
45
 4
34
19
90
70
53
76
52
48
34
88
62
49
56
 8
36
38
25
93
45
22
17
40
53
 7
76
 2
96
53
62
31
81
66
19
44
60
69
13
10
69
55
83
83
92
10
41
86
24
78
88
50
11
59
75
32
31
33
66
89
93
64
43
72
22
23
12
78
 5
44
41
45
69
62
87
35
67
81
59
59
30
59
55
23
68
10
30
30
10
93
45
28
99
79
17
18
88
81
65
39
40
19
43
37
57
29
54
 8
75
73
59
63
16
64
55
89
51
45
41
28
86
69
45
87
70
 7
36
90
86
95
90
69
20
13
36
14
25
54
44
84
39
92
94
10
31
18
78
54
30
33
77
89
43
89
61
63
97
50
59
86
10
66
58
32
29
43
43
76
45
92
81
71
16
42
30
78
11
99
78
40
 8
41
22
51
48
27
47
74
 4
12
58
70
33
43
97
10
89
23
 1
94
78
40
48
96
97
23
41
20
72
27
62
93
20
27
59
20
51
 3
13
57
47
90
 9
81
14
20
98
11
53
62
51
15
67
41
87
 9
 9
30
11
59
16
70
99
82
40
53
90
77
89
82
31
73
24
82
 3
30
98
40
11
64
13
70
47
52
40
87
98
80
12
59
32
93
31
45
19
93
76
74
24
72
82
84
32
 6
58
79
34
97
17
91
41
20
90
48
52
92
10
17
43
 5
99
 3
 9
89
85
14
 9
42
65
42
74
30
34
69
 7
57
14
71
12
40
79
12
58
50
43
99
37
97
72
14
40
97
 3
45
49
87
37
85
16
58
86
 8
71
45
35
44
 3
55
85
42
53
79
85
80
88
48
65
22
84
96
10
12
71
95
83
72
76
 1
24
17
47
99
47
16
49
86
57
65
32
49
 6
77
80
18
16
30
19
33
82
 9
84
95
86
87
71
57
40
67
21
12
71
10
68
42
91
11
52
90
56
34
61
 7
38
58
32
21
37
36
92
40
55
53
36
66
53
69
41
64
 6
 8
22
75
84
15
 4
85
98
32
36
71
77
 2
18
20
83
57
52
32
99
20
18
29
80
42
50
57
42
27
38
20
45
67
30
19
60
29
41
48
79
17
65
10
47
62
88
 4
74
51
94
66
38
55
57
82
85
63
44
88
73
80
77
47
60
20
 2
44
74
94
21
74
82
99
13
61
73
58
21
92
79
11
20
 6
72
56
35
 5
38
96
47
49
49
98
37
93
86
34
 7
20
86
 4
48
29
89
11
61
53
51
80
21
46
99
 2
 5
10
 7
89
35
19
34
23
95
 1
58
91
49
28
93
74
22
90
45
93
86
98
15
77
 3
81
64
65
54
41
74
89
28
 6
28
63
98
75
 9
17
37
80
70
21
14
41
84
 7
34
69
79
47
58
89
10
25
39
19
71
96
43
79
73
36
82
95
10
35
29
41
27
53
27
93
42
93
79
43
99
87
38
43
 3
97
43
35
58
73
81
 7
25
 5
73
85
 4
97
69
51
 7
13
87
 9
91
 1
32
17
14
61
65
69
10
74
39
73
16
20
84
83
80
42
49
60
54
66
87
 3
 4
31
96
18
62
45
92
90
39
27
27
 2
13
28
41
76
24
21
56
88
 1
42
81
12
28
45
73
64
77
 5
89
99
48
85
87
13
 1
31
26
21
40
92
95
70
43
38
40
41
83
78
 8
89
27
34
93
15
89
96
91
76
96
92
39
64
47
12
67
23
33
15
28
56
98
61
32
16
 4
88
53
64
62
92
31
54
45
15
40
 9
85
 3
52
29
97
47
59
 6
41
56
75
 9
52
90
94
76
54
88
39
 5
68
20
33
64
73
 8
67
26
92
50
99
36
75
71
16
20
48
32
32
59
11
59
59
 3
39
95
87
80
80
30
30
73
 1
19
89
89
59
64
70
24
89
53
11
56
47
 5
45
25
 6
60
96
77
65
61
77
 8
54
16
22
92
85
35
26
32
48
21
91
 2
 1
 2
 1
38
42
82
69
52
28
99
21
89
 8
89
50
36
52
97
94
 2
47
85
75
55
12
52
57
62
42
10
69
88
10
53
31
29
39
43
32
30
74
56
26
29
77
25
56
35
53
 3
87
31
48
82
84
37
37
27
66
17
95
13
12
59
36
50
39
33
55
88
18
16
84
65
57
35
22
21
30
92
80
 6
41
16
73
33
45
22
69
99
 3
21
10
 6
67
46
60
22
17
53
46
19
97
59
83
19
19
68
34
73
49
52
85
33
48
47
25
12
10
23
56
12
25
70
70
12
42
99
98
93
61
67
59
81
 9
32
35
 3
25
59
90
31
51
76
52
10
16
88
86
38
96
71
78
94
 2
36
44
99
 4
95
 4
85
84
26
18
69
45
25
38
99
99
15
50
84
33
50
97
56
54
74
28
80
77
19
49
83
13
57
83
85
77
32
59
20
 2
48
36
24
59
53
20
93
74
12
60
75
52
83
76
87
87
14
 2
49
85
42
16
 6
42
47
27
34
49
26
86
11
42
30
 8
32
66
52
48
58
91
96
49
89
21
 4
71
21
48
84
47
10
15
40
63
89
91
89
95
53
64
17
38
70
39
34
15
27
36
83
25
71
 4
92
31
59
15
62
 8
65
76
37
87
66
15
30
 9
54
63
42
95
 1
27
68
 4
 9
42
96
21
90
 1
23
83
 2
70
89
 3
66
68
34
39
31
24
93
27
75
98
52
 3
25
74
32
18
80
 1
64
 5
33
 5
28
73
51
52
76
90
20
63
53
49
38
73
11
56
22
50
51
59
38
36
72
32
13
50
59
36
43
 9
10
99
47
93
 9
 9
83
40
66
53
89
60
18
35
47
85
13
83
39
25
74
58
 1
58
72
17
35
24
96
10
86
32
33
79
49
80
90
44
 8
74
36
 7
72
54
93
14
16
14
76
79
82
28
 2
85
62
53
62
14
 1
41
85
82
54
14
82
71
39
50
97
79
95
24
57
24
29
38
58
20
12
30
63
36
47
45
43
83
61
70
68
 9
17
52
44
83
37
55
33
34
 8
97
26
 4
60
18
16
11
13
25
64
74
50
68
55
83
25
76
82
82
88
18
40
28
89
22
60
24
76
17
75
61
48
22
45
86
65
43
27
 7
78
27
36
80
90
16
58
82
 7
27
72
94
79
64
52
28
17
21
91
99
53
19
26
85
48
35
92
83
20
47
21
91
74
74
67
27
44
21
96
28
76
16
37
17
17
34
98
 3
98
32
71
91
 3
39
21
67
91
60
81
34
78
36
54
70
48
 2
26
88
64
96
20
52
20
66
78
33
30
16
94
78
30
44
 1
67
 1
17
20
 6
60
26
96
62
46
77
 3
87
40
55
51
23
54
 9
96
19
16
15
62
 7
95
55
77
15
 2
57
56
75
74
50
 4
32
33
74
92
75
71
96
66
24
94
87
54
68
62
85
20
29
39
 4
32
90
36
56
 9
 9
 2
81
84
49
97
97
76
15
83
51
94
68
52
77
66
89
45
65
18
56
84
13
 3
15
66
90
99
18
23
83
68
89
17
36
 4
 8
87
74
61
53
86
18
 6
18
31
63
44
33
26
59
96
93
65
39
81
45
68
36
52
 9
72
60
61
22
29
48
 4
56
11
57
 5
82
 9
40
94
83
98
58
64
34
69
54
17
78
91
68
13
23
 9
12
45
68
49
71
13
 5
17
55
50
77
82
81
75
72
17
98
 6
13
92
27
15
12
 2
41
78
87
 3
67
78
83
56
 4
 8
82
63
58
70
69
57
 4
75
46
60
42
64
29
74
76
53
36
97
88
 3
13
49
23
50
86
80
59
75
99
69
99
42
24
73
22
 2
84
22
51
85
18
51
94
83
88
38
72
23
67
45
27
57
24
31
 9
75
22
56
30
30
77
 8
 2
20
50
82
25
98
51
81
62
59
33
12
49
66
25
69
89
75
 6
12
82
32
62
67
20
67
28
 6
21
86
55
25
20
85
 3
43
89
75
 7
 3
13
48
16
40
82
68
44
18
44
41
34
22
55
 1
82
71
85
12
22
55
36
12
 9
73
73
56
 6
54
92
66
20
49
85
71
76
83
26
69
89
35
60
20
22
49
 5
58
71
55
46
69
 4
74
36
93
46
 1
91
20
71
60
74
28
96
81
75
25
 7
37
70
67
36
67
71
88
19
12
50
24
52
30
48
66
59
80
44
44
10
55
13
37
90
52
36
38
77
55
86
72
86
43
68
84
93
59
21
93
63
74
71
35
80
99
51
 6
59
39
40
94
79
77
83
40
46
69
32
97
33
27
29
53
76
88
29
63
 8
52
60
51
75
51
 6
54
47
66
20
62
58
62
64
 1
64
 8
63
31
97
98
83
28
72
46
26
77
25
10
22
70
56
83
51
51
60
99
49
64
77
31
34
79
93
 7
16
37
12
79
16
87
94
73
65
76
39
61
 9
24
61
87
78
92
55
88
65
57
 9
26
59
72
31
89
76
75
90
80
54
 3
 3
30
17
57
68
72
13
 6
10
18
18
47
 2
50
85
39
49
96
83
 3
93
82
51
 3
 1
35
45
39
56
33
98
19
53
86
54
60
34
20
25
 5
93
56
 3
72
46
74
91
40
23
38
93
91
72
72
 2
 5
17
56
43
31
82
65
25
25
11
75
20
86
93
92
54
84
38
15
24
96
78
82
 5
49
92
39
96
 2
88
39
45
51
41
43
85
85
44
23
72
85
60
23
19
 1
33
 8
16
76
22
31
47
87
67
43
90
40
 8
19
 1
84
71
76
74
33
70
77
93
 6
 3
97
35
87
19
48
64
36
18
36
83
33
59
34
54
88
64
72
75
10
54
98
24
57
30
28
45
65
35
40
 3
70
 6
29
70
36
40
67
77
 3
 4
87
90
31
99
57
31
10
 9
36
46
77
53
92
93
18
60
77
67
83
 4
 9
53
25
79
 7
93
64
11
96
93
77
30
25
29
66
26
22
74
35
23
41
46
83
57
17
46
27
44
60
16
47
72
58
97
91
39
60
77
20
51
46
51
13
18
55
50
59
55
55
91
23
10
46
80
87
54
77
28
22
45
59
21
36
80
60
95
63
82
73
58
75
18
26
 2
28
74
35
68
50
39
74
96
 1
62
55
13
76
69
81
92
15
11
 1
74
51
93
82
19
 4
92
71
28
30
 1
39
 5
22
90
63
51
 3
63
96
15
68
53
16
65
55
57
34
 9
83
76
59
25
19
15
89
47
48
36
29
41
96
23
86
32
58
42
88
29
 2
49
36
80
96
43
31
22
52
11
34
47
79
60
57
84
82
84
45
69
 4
65
66
 7
17
46
69
59
77
88
 8
93
53
51
 2
39
32
75
40
21
17
56
78
93
29
62
63
22
10
73
 6
82
53
14
52
98
49
60
81
77
87
75
61
91
86
58
 3
41
88
77
37
68
19
53
63
39
27
71
92
63
92
86
29
95
45
 5
 1
47
77
94
16
83
72
30
39
32
51
94
43
51
53
62
58
23
55
96
77
86
43
56
10
99
39
66
67
25
 5
38
73
42
 5
11
62
83
85
66
77
80
20
18
23
39
87
26
91
 3
38
16
 9
48
15
73
21
75
85
86
68
98
26
 8
79
33
58
 5
 7
93
51
81
57
67
88
20
39
87
20
50
65
87
 6
73
43
46
56
63
82
 1
85
58
81
51
77
84
73
29
85
 8
32
41
70
56
 9
76
70
28
89
86
56
98
61
18
18
68
60
 9
50
48
99
37
17
25
48
29
98
25
59
98
57
84
19
60
10
58
10
53
 6
 5
63
37
70
24
 5
89
53
33
41
76
52
36
21
13
76
64
 8
85
98
73
83
70
65
33
42
95
12
38
81
 6
53
42
50
47
10
57
66
63
17
33
58
98
88
21
42
13
86
90
98
85
62
53
43
30
24
90
77
 1
89
29
95
94
94
73
35
36
92
20
67
51
34
68
85
35
60
80
 9
79
91
48
53
 2
43
79
81
24
67
21
94
40
29
52
67
46
33
59
99
33
10
12
72
34
50
76
90
52
38
74
11
18
54
21
 5
17
69
42
89
58
53
30
61
85
86
12
63
43
96
 3
25
73
24
23
95
43
32
26
41
26
65
50
84
89
59
24
78
26
37
25
 1
98
61
52
42
18
91
93
93
27
29
34
84
 5
70
24
97
76
72
22
97
47
55
38
15
18
18
 7
99
27
18
88
 1
69
92
61
97
31
45
70
15
 2
 2
20
54
83
53
70
84
87
82
 1
23
 8
95
51
34
84
58
53
89
32
54
83
19
54
71
61
87
24
20
 1
32
26
 5
65
 1
76
53
 2
 9
88
96
37
70
16
46
89
19
28
33
84
67
61
61
42
33
96
41
91
64
 7
59
25
96
22
52
 2
93
56
18
45
74
55
70
38
95
85
37
36
93
52
17
52
47
44
23
79
67
 1
69
29
80
99
81
68
 7
69
78
 5
94
10
72
10
26
17
82
44
48
40
68
60
32
15
 6
45
40
22
97
98
91
26
45
79
85
31
74
40
 8
 9
39
74
64
28
 8
87
60
68
30
32
74
15
17
12
50
36
16
84
57
40
17
84
26
95
78
87
25
39
96
36
92
37
14
53
61
16
91
55
17
58
38
12
19
51
29
28
17
93
86
27
 4
57
80
 8
33
89
 3
32
41
73
82
34
97
14
 3
14
37
86
59
78
83
97
47
29
22
 2
21
30
41
25
81
63
80
41
62
24
25
49
70
23
72
87
35
98
13
56
30
63
46
60
21
 2
96
58
25
61
23
28
83
23
83
28
81
19
88
68
 8
68
61
72
60
 7
57
50
30
74
67
41
36
45
35
68
60
57
37
66
57
23
56
 3
78
96
50
59
93
53
24
24
33
68
46
21
68
64
27
37
15
95
41
 5
89
36
46
52
28
59
35
14
53
61
51
 4
41
26
94
36
42
59
79
 5
29
28
31
10
16
11
12
32
10
77
61
42
78
46
25
61
50
 7
65
46
43
60
38
23
73
66
17
31
79
66
46
14
58
42
18
19
44
96
38
32
 7
20
 2
10
13
23
 7
54
23
87
49
71
82
33
41
58
55
63
62
79
74
37
10
66
49
86
48
84
18
 3
31
37
68
10
82
22
23
43
30
 2
16
65
58
58
43
34
84
20
36
44
26
78
19
68
55
83
 9
20
20
 4
21
50
10
64
29
15
70
51
63
24
25
80
69
96
 8
30
22
47
84
23
35
18
48
77
30
92
62
 1
15
88
69
31
62
89
92
34
97
88
79
31
10
14
21
78
95
18
60
73
39
92
59
97
49
82
15
92
42
73
11
59
15
23
84
83
70
10
92
78
52
69
69
54
58
92
44
92
79
49
27
33
33
23
20
80
39
18
61
94
14
13
72
12
29
36
98
34
96
29
23
39
43
81
49
73
29
80
19
28
77
98
65
14
67
28
77
15
42
87
69
15
26
43
20
17
50
25
90
17
16
 6
90
68
93
28
73
98
63
29
62
 3
18
56
76
79
25
30
37
59
69
42
66
45
79
36
22
46
42
74
90
26
21
30
99
25
98
 4
43
 2
24
24
94
38
 1
94
13
52
12
86
 4
76
 1
14
27
35
98
93
42
78
39
50
70
15
28
24
54
77
24
82
 7
13
95
84
25
71
97
76
72
16
57
89
76
41
87
21
73
95
30
53
43
 4
52
 4
52
92
79
47
51
 7
 9
24
58
20
84
67
67
45
52
42
98
10
10
63
52
37
54
65
72
93
41
88
84
22
59
71
 2
35
32
93
86
99
63
74
42
74
20
61
29
13
80
22
83
37
40
70
26
57
97
33
43
60
20
 3
22
37
12
71
36
68
70
90
52
54
68
60
46
80
52
88
12
37
70
27
64
57
43
 4
88
 4
85
95
45
81
79
40
 7
69
35
11
16
86
97
99
38
77
80
94
 4
10
54
10
18
89
81
53
27
90
34
93
27
89
56
 9
88
 5
52
73
89
43
23
76
51
36
42
17
32
86
22
76
 2
86
19
15
45
52
44
82
 3
17
49
 3
27
34
24
11
29
37
94
14
17
96
42
43
94
29
50
73
14
 6
93
86
67
97
62
32
87
13
61
80
70
73
48
29
68
68
72
28
69
46
82
 4
31
73
33
66
49
32
91
34
66
70
63
92
77
89
25
22
39
74
10
97
57
59
12
 6
31
32
56
65
61
54
14
22
72
29
 7
89
65
73
59
98
64
27
72
43
56
67
63
78
87
46
36
65
33
33
43
96
89
75
 1
18
99
47
12
82
77
26
45
40
38
39
66
99
82
28
35
72
72
93
61
34
16
45
57
 6
19
 9
66
 6
17
54
10
62
29
70
17
30
82
40
 4
26
11
75
49
 7
91
35
37
 3
43
94
22
52
10
 1
64
20
81
65
28
68
80
40
50
60
39
26
95
49
16
52
 8
45
71
90
64
21
59
23
35
37
33
52
70
30
46
49
23
93
32
35
97
51
48
 8
68
57
68
77
32
52
 6
55
59
74
59
47
91
80
49
73
56
61
53
 9
53
 2
 2
39
64
 1
32
17
64
60
80
45
76
83
99
46
36
91
76
51
24
79
55
71
32
57
22
77
 5
49
61
67
42
36
49
25
95
96
88
61
41
36
40
47
62
54
65
15
37
50
51
51
47
 8
92
46
 9
54
37
36
51
58
60
87
26
32
60
73
95
22
56
83
60
46
80
20
85
68
43
24
88
48
44
73
43
92
45
16
67
13
47
58
39
28
 4
91
19
27
97
58
14
 1
33
57
81
 4
57
78
76
 8
57
74
62
39
74
49
96
50
39
82
74
 8
 9
66
87
86
88
59
54
91
29
65
73
44
68
14
77
46
19
48
36
43
81
25
56
10
52
18
65
81
46
 8
18
48
65
86
83
42
61
29
90
31
13
89
65
42
56
45
52
50
14
60
39
24
32
95
85
83
86
27
79
72
81
15
 9
76
65
57
87
88
12
 1
 5
82
 6
30
58
75
37
 4
26
28
85
58
33
87
74
64
92
15
83
34
41
94
13
82
80
70
50
27
32
 5
80
32
99
23
63
 3
88
 6
 2
97
41
22
75
94
35
54
22
68
36
95
46
 9
23
 2
49
53
87
41
59
52
20
55
54
40
95
57
36
27
66
79
81
98
63
13
20
32
34
30
35
 7
 1
51
71
23
72
31
49
23
 5
36
30
 1
28
86
64
 4
36
29
71
36
71
28
61
35
80
14
55
41
94
 5
18
34
91
41
59
67
 4
 8
21
54
31
35
94
46
 4
30
89
57
90
16
15
70
58
66
68
97
 2
71
13
 2
47
52
24
68
36
59
 1
35
 8
39
15
64
85
54
81
76
66
 2
58
95
43
28
 8
77
51
94
79
31
56
68
20
 5
98
31
53
83
81
32
86
30
46
17
29
31
11
40
21
82
 8
 4
41
76
 6
11
88
20
47
95
16
45
99
22
 2
47
27
82
53
15
99
25
 3
66
50
16
12
90
71
80
34
70
92
20
62
13
10
44
92
65
17
40
47
 6
 5
83
81
40
81
36
18
55
83
34
35
70
25
98
53
40
51
90
42
53
52
19
85
79
 9
42
54
90
98
78
90
39
68
38
78
 1
81
 1
84
61
48
90
63
71
48
10
95
35
59
25
62
53
98
54
26
 8
78
54
98
84
 7
51
 9
31
10
 4
 8
54
23
74
44
43
28
59
64
13
67
79
23
90
24
68
10
 4
 8
66
44
91
16
63
56
43
24
77
12
26
67
36
81
41
69
35
29
72
83
42
13
47
 4
20
72
82
96
43
94
44
31
75
47
81
40
84
47
73
 8
64
56
28
 6
23
11
 5
56
50
22
83
93
73
80
33
48
31
20
42
52
 5
26
26
89
89
91
91
92
72
90
90
85
 1
47
 2
 7
88
 1
 1
93
67
49
65
60
21
37
44
66
93
95
66
83
43
 7
10
81
98
77
90
36
12
 6
20
59
63
34
70
77
88
55
95
62
20
86
69
 8
89
45
56
93
77
73
 6
 7
83
42
64
71
79
53
 8
55
24
 5
94
97
10
14
15
45
14
76
61
14
26
56
 4
81
15
67
61
37
31
73
71
62
83
28
68
96
91
14
34
56
62
97
60
48
85
31
77
60
93
58
82
72
86
25
40
50
69
64
57
78
90
63
38
11
37
61
12
69
79
 1
18
69
19
91
68
24
18
78
59
94
84
97
54
36
89
10
 5
 2
61
89
50
67
78
