500
82
48
69
92
89
58
50
16
44
63
 6
17
 7
90
81
32
96
23
41
72
25
47
23
93
72
57
 3
43
15
 1
44
46
71
86
79
 9
74
 9
90
 1
15
48
42
 3
89
64
37
65
92
66
39
95
69
79
40
88
92
56
 1
23
68
 7
72
60
25
55
 5
43
 9
99
46
39
26
 8
55
39
71
 5
23
25
54
81
27
55
92
 1
11
59
72
14
15
75
37
67
53
71
19
11
60
29
62
93
99
61
64
62
65
43
68
27
63
12
54
24
 3
30
38
55
77
54
45
 5
 1
14
61
27
22
49
24
14
29
87
54
16
53
29
11
40
62
19
49
 8
 7
62
61
63
36
80
96
46
 6
52
42
10
82
31
33
93
38
94
 5
40
70
23
45
48
32
44
45
77
12
53
27
82
21
43
40
77
71
53
 7
37
81
72
88
23
61
 7
87
31
78
44
29
69
12
22
50
33
86
38
42
22
43
19
60
46
95
61
55
52
25
76
50
48
12
62
12
44
 6
 6
 8
65
46
71
55
93
54
56
24
73
83
77
76
30
67
70
56
52
42
54
63
83
81
68
61
64
28
 9
31
85
59
76
25
79
63
79
43
15
71
84
72
31
13
66
18
66
59
48
69
16
96
94
26
76
 1
25
16
25
82
29
66
66
35
51
16
17
75
10
47
41
 6
47
45
26
90
37
33
 7
71
77
99
10
14
89
91
47
12
31
39
30
47
76
32
18
20
45
 5
79
48
36
20
92
75
70
42
37
49
64
82
34
25
68
96
63
71
81
13
19
20
54
 4
39
21
39
40
77
70
61
62
32
72
68
 8
98
70
62
 9
 6
48
50
31
44
13
15
52
72
70
44
36
25
97
46
27
72
19
40
98
93
18
85
 8
91
56
47
59
96
48
19
36
30
62
36
34
39
 1
90
 9
86
31
90
 8
 9
90
44
74
 7
81
34
15
26
64
87
 5
44
35
53
15
35
41
18
63
66
94
92
45
30
28
63
54
17
96
65
64
22
16
67
58
83
69
13
90
40
80
22
64
25
61
96
16
71
55
24
77
35
65
30
16
42
 3
75
25
33
33
45
47
29
67
22
40
95
66
 1
25
13
14
27
46
37
12
23
95
71
65
82
10
13
22
89
94
 4
 7
60
99
62
28
45
89
97
 3
98
