800
80
15
74
11
98
49
 6
18
72
73
19
52
30
51
23
51
37
14
98
98
10
52
10
29
 7
68
41
67
71
16
68
42
 2
84
72
79
52
78
25
99
33
24
18
44
94
66
86
58
95
92
 4
46
20
37
78
 7
40
10
44
 6
 3
86
75
69
36
27
11
50
30
59
20
61
25
65
97
31
41
30
23
69
62
99
65
87
61
90
61
84
35
88
76
34
31
 6
50
61
82
23
25
90
95
76
13
13
96
29
38
56
17
67
39
51
 7
98
78
11
47
50
19
64
61
66
31
56
99
 2
80
27
86
10
72
 7
 9
23
98
46
40
 6
38
94
71
13
 6
55
49
 5
61
36
83
65
79
30
38
62
15
21
57
13
26
60
39
87
32
38
27
 1
41
42
97
48
21
57
48
 8
70
19
54
99
53
24
77
91
45
52
30
59
62
99
45
86
20
40
81
14
 4
58
 5
25
79
60
57
66
27
89
88
 6
50
62
36
19
16
60
33
99
89
85
48
96
26
10
 2
80
65
31
96
 7
10
76
92
15
22
50
55
30
24
69
29
69
36
91
50
60
32
74
47
62
58
69
51
75
84
94
66
61
39
77
20
42
93
32
39
 4
50
40
70
68
98
11
 5
67
89
95
 7
81
 8
23
19
67
66
26
45
53
34
34
69
 4
87
15
29
58
23
 4
89
32
19
47
35
70
60
60
48
80
45
49
57
96
68
 3
39
11
 7
63
80
48
94
45
41
93
31
56
51
49
84
 4
83
47
51
69
24
84
38
 2
87
 2
 7
11
 1
82
64
39
98
95
37
73
58
38
10
77
 9
24
62
 4
59
70
88
73
62
11
45
92
58
17
87
50
46
26
53
22
84
74
66
95
85
36
92
34
22
61
42
13
96
 2
41
41
73
36
67
97
58
91
69
85
 9
35
80
58
49
64
33
12
 3
64
65
70
81
57
76
 3
68
13
78
71
25
36
 8
40
62
21
72
88
 7
67
63
98
90
66
16
11
14
34
66
88
95
 8
78
93
70
90
65
28
33
49
23
 4
11
53
64
52
37
56
81
92
35
25
41
72
67
93
11
27
55
63
48
51
50
16
39
32
27
78
10
36
 6
85
 9
97
68
84
93
17
61
37
92
95
69
62
87
27
49
63
 6
61
87
86
43
78
 1
62
 9
85
27
72
28
43
18
97
85
74
 9
69
44
55
40
14
22
15
34
84
57
67
93
80
63
 1
20
52
87
36
29
78
65
88
40
34
13
46
51
17
26
89
41
60
40
74
31
97
12
 1
47
 8
79
84
 3
 8
67
70
59
14
89
71
61
54
12
10
38
32
28
29
32
38
26
34
68
17
75
66
32
60
27
39
25
57
53
55
29
67
24
26
 8
38
30
20
76
41
72
53
82
47
11
58
34
14
 2
31
95
 9
16
 6
93
31
49
52
83
66
52
36
69
43
60
60
68
98
62
97
91
49
90
56
37
68
68
83
80
57
93
40
19
15
 1
52
12
98
88
93
31
80
19
72
68
76
27
97
35
78
10
 7
77
46
37
90
61
94
79
42
36
37
59
53
35
23
41
52
27
14
70
53
76
51
70
89
17
68
94
99
 4
71
68
34
49
62
98
62
10
32
97
54
17
86
82
99
35
31
17
33
28
82
47
53
23
41
92
 4
53
79
57
61
64
78
 6
51
70
83
90
12
35
99
45
25
86
94
69
39
10
47
84
 6
51
74
90
53
70
24
45
 9
62
29
30
11
 5
12
64
13
48
57
42
17
87
22
19
40
50
13
45
69
44
84
66
71
80
15
95
45
19
77
61
86
76
98
51
12
12
93
53
58
41
91
10
84
13
37
83
76
64
48
56
21
23
72
63
10
