1500
68
87
58
 6
 2
95
43
64
13
56
23
96
15
16
69
26
70
39
66
20
 5
24
67
14
17
83
27
20
63
58
66
93
 7
86
36
47
 3
89
44
63
27
35
79
80
99
81
36
45
31
 2
45
71
26
93
24
 8
73
52
58
52
73
23
15
30
14
14
 8
56
54
81
11
99
24
69
50
88
 2
13
57
49
76
90
15
35
51
40
92
34
16
10
85
 5
10
64
70
39
30
30
73
 5
11
82
81
36
95
67
78
66
63
59
53
61
16
44
38
 2
83
31
48
48
55
97
63
86
11
39
35
85
41
50
56
 1
23
14
62
19
73
 1
30
95
21
86
13
84
12
58
98
95
19
43
34
88
49
15
67
45
14
15
84
16
78
53
 2
87
38
 7
39
79
41
97
91
86
 8
61
96
10
68
90
 1
76
56
60
69
79
 4
20
94
61
51
66
68
61
23
75
73
43
 3
 4
63
33
28
47
73
88
59
67
40
11
38
56
71
39
89
79
43
26
72
32
69
50
53
80
 5
38
99
13
61
75
56
53
58
78
 8
97
 6
82
99
92
48
46
23
33
59
10
 7
 5
16
24
51
28
28
61
46
48
84
48
84
17
74
33
40
14
23
 3
 5
56
39
87
56
37
97
58
68
53
37
54
95
50
21
47
88
46
37
77
54
76
72
74
96
 7
44
93
87
56
25
71
86
88
51
52
52
 8
39
74
67
12
94
67
40
39
61
56
76
82
82
18
97
78
 5
88
 1
54
25
72
31
56
 6
38
71
24
38
61
 5
26
93
 5
62
62
48
79
22
 5
17
97
56
92
71
34
94
74
85
43
13
91
91
18
99
 4
78
41
22
43
18
37
30
16
52
48
39
17
34
60
18
88
33
98
11
90
32
14
58
98
95
75
93
13
42
13
22
94
26
 1
48
95
30
32
42
16
82
81
32
48
 9
 6
 1
44
33
75
77
53
18
78
 1
91
85
 9
50
70
94
75
18
34
 5
26
 6
82
37
35
48
70
20
72
23
88
55
54
44
29
 7
25
34
13
99
82
29
 5
78
50
38
72
90
56
 8
40
45
 3
99
69
24
69
57
37
73
68
39
29
73
71
16
16
19
30
10
64
73
16
49
96
67
89
58
92
92
42
 8
35
45
 9
80
79
95
90
70
79
22
 2
56
19
88
61
81
83
 6
57
76
58
56
 5
63
39
22
 4
59
61
88
53
34
53
78
 3
46
93
80
92
90
71
20
91
95
67
46
63
 1
22
75
59
57
 8
87
 7
70
 9
77
52
35
65
80
45
94
41
85
27
39
53
28
99
13
98
91
41
26
46
12
48
36
28
 7
71
19
85
26
15
64
94
45
78
29
54
99
 5
97
50
85
11
53
61
10
72
33
50
32
35
62
80
78
22
40
11
53
12
75
21
55
57
38
94
 8
14
30
38
96
59
47
42
64
67
25
77
20
 6
39
31
11
45
67
61
55
26
66
87
36
87
89
 5
79
94
80
17
17
68
72
83
42
64
45
89
82
90
41
22
72
28
22
53
67
26
50
33
75
35
65
82
53
85
70
85
26
25
80
75
 3
41
41
16
33
12
87
75
70
63
31
73
 5
 5
65
37
11
17
67
 5
95
60
81
35
68
80
71
73
41
77
18
97
59
14
64
24
82
30
70
86
31
51
75
70
76
31
49
13
28
43
22
40
91
43
60
88
25
30
96
36
95
18
74
18
57
51
20
51
31
79
85
26
41
 3
98
13
68
41
53
21
74
12
63
67
62
63
40
97
31
74
92
 3
81
45
27
80
38
 6
29
 5
36
55
21
 2
45
52
74
55
82
 2
53
 9
75
17
88
69
29
34
59
26
70
40
58
58
13
94
48
41
16
13
62
47
81
88
61
33
64
19
22
17
46
12
20
37
31
35
42
89
35
 2
50
48
97
40
35
50
26
31
 9
61
74
89
38
 4
69
42
91
48
86
 7
 7
72
 3
 8
23
73
15
27
13
33
42
47
44
46
38
67
14
83
75
60
77
14
72
39
19
56
26
14
88
84
78
 1
43
58
22
59
30
93
66
40
38
62
40
86
69
13
93
 3
29
25
42
18
18
80
39
52
18
48
98
39
30
87
70
73
89
67
94
71
 1
86
 2
 3
 4
98
36
70
49
49
31
 9
65
98
29
74
90
54
72
 1
89
80
55
84
86
16
70
81
54
56
31
81
95
47
 9
31
40
25
59
82
 7
66
95
34
53
87
57
37
54
34
47
40
40
16
89
51
30
33
57
65
91
38
69
62
73
80
45
24
25
81
62
43
59
84
98
12
69
37
72
44
64
31
 9
13
22
74
11
74
25
15
81
48
98
86
60
21
85
 2
41
64
83
68
19
 4
22
32
28
60
39
47
41
71
71
64
72
43
31
36
58
27
38
45
62
40
29
31
85
99
80
35
99
19
87
45
26
54
 6
50
42
77
31
81
53
27
26
62
26
43
15
40
85
11
27
20
96
35
70
66
42
74
11
14
95
43
55
32
99
15
21
87
68
50
66
62
18
55
71
64
32
 6
64
86
71
68
50
39
48
11
69
42
54
56
15
81
74
68
52
 7
79
43
72
98
10
50
 7
67
68
31
52
18
20
 9
18
31
18
71
62
17
55
30
12
70
62
86
37
91
55
21
90
 8
29
29
63
54
41
30
64
41
58
68
 6
79
95
16
63
93
45
27
14
74
27
39
33
20
34
48
14
 3
26
 3
31
33
28
97
92
29
 6
31
99
80
65
14
70
15
33
75
31
50
99
79
52
44
45
67
14
20
56
53
79
87
49
 4
77
37
84
10
57
 9
22
73
17
44
85
46
77
 2
82
19
 2
37
46
 6
23
65
62
32
85
59
38
48
66
28
59
98
85
36
24
57
50
90
78
66
66
51
41
81
57
23
61
61
 3
50
72
15
67
87
 4
33
21
85
 9
18
 3
11
61
46
52
 7
96
70
62
77
36
 3
51
80
72
70
37
74
61
 5
 4
44
89
54
24
72
67
53
45
 7
24
76
13
38
33
87
27
84
72
12
78
82
28
56
13
67
44
93
41
59
47
32
30
33
29
 2
28
87
21
62
25
89
55
76
21
17
22
51
 2
61
44
77
85
31
60
89
47
 9
42
72
88
92
54
16
45
92
43
73
12
10
 6
12
79
60
 1
 3
44
64
52
48
17
91
26
98
61
56
 7
47
92
61
72
57
97
94
86
 8
64
53
 8
18
 7
28
33
41
69
 4
79
75
99
10
15
74
61
87
55
42
84
97
18
59
36
39
64
36
83
97
26
45
48
10
21
17
35
39
89
71
 7
66
30
47
99
89
75
11
68
23
88
 7
31
10
14
39
12
17
71
29
55
45
23
52
 5
13
 2
87
22
48
30
 7
47
49
17
 8
52
48
71
21
18
29
 8
28
70
52
86
84
99
29
64
93
22
85
 1
34
86
74
91
82
86
71
82
40
93
20
22
79
66
42
10
54
40
94
15
75
71
94
 1
79
26
70
40
19
