2000
53
63
55
34
22
78
96
51
85
77
25
48
 7
29
79
98
12
48
89
33
11
60
76
58
16
79
87
98
 9
46
92
46
75
71
18
75
47
24
80
13
91
37
66
 8
69
32
24
11
 7
65
34
87
20
90
 2
92
 1
19
48
18
40
12
44
44
78
59
59
20
53
63
72
67
52
28
22
79
30
45
28
84
99
54
76
28
50
26
92
89
17
94
 2
52
42
 6
90
40
57
23
71
64
23
21
77
76
59
50
77
80
11
79
27
86
57
86
68
65
36
44
89
 3
80
32
44
88
36
44
51
44
53
14
68
39
39
29
75
85
54
58
43
64
27
58
29
71
92
96
85
50
 6
33
 5
70
57
20
94
46
37
54
21
52
51
47
87
11
75
30
11
23
21
66
44
14
95
15
13
78
69
78
28
65
86
89
23
13
55
98
92
77
56
72
62
45
87
93
86
79
11
74
 7
 4
94
50
35
56
25
89
28
30
91
80
12
28
98
20
 1
36
31
75
99
72
 5
46
13
87
43
85
46
80
14
25
55
24
55
42
87
42
26
32
97
31
17
16
78
89
66
39
65
32
89
14
 3
54
88
30
82
27
44
15
69
80
54
50
19
69
30
38
96
64
 1
 5
18
74
45
55
92
37
 2
73
18
74
80
36
 5
79
12
88
51
98
67
29
77
85
95
32
34
 5
93
88
80
46
53
74
54
35
24
29
37
89
22
55
31
22
 3
24
35
39
73
96
70
20
33
40
16
31
 2
58
10
81
65
 7
75
47
80
23
44
73
51
26
21
 3
35
30
45
19
98
21
42
61
73
37
65
92
12
17
56
91
30
26
25
37
15
63
44
60
80
36
98
33
66
95
70
66
48
50
79
93
60
27
98
 4
 2
 5
32
 3
18
87
84
70
37
45
31
89
56
89
68
12
43
13
 1
43
59
45
37
 3
67
78
21
57
28
 3
97
61
53
99
38
21
14
39
15
10
74
31
53
45
50
76
52
66
59
59
 4
17
66
43
93
70
92
85
28
 7
83
69
54
65
12
34
24
 5
 9
21
77
86
92
12
84
90
 8
72
22
17
15
93
32
50
70
15
34
63
22
54
33
23
61
 4
 6
76
65
30
 1
91
59
37
30
 8
38
22
93
 1
81
86
27
95
92
40
85
28
98
49
73
 6
50
74
37
72
38
46
12
95
93
17
54
 6
67
55
47
18
53
 8
20
33
74
88
36
67
72
34
32
13
31
90
51
60
69
46
19
 4
40
93
52
52
76
35
37
56
83
 2
31
96
79
24
73
28
36
 5
41
33
31
19
15
57
87
43
26
22
66
78
22
52
42
 6
32
15
86
33
77
35
 5
58
99
55
52
35
37
15
61
22
55
24
43
51
45
96
40
72
80
20
28
91
66
35
60
96
72
83
98
70
76
21
74
72
96
41
 6
13
66
 2
95
86
16
10
79
92
11
49
 6
 2
17
20
38
11
42
56
62
44
23
92
81
14
 3
72
83
44
86
35
70
40
86
84
26
 6
78
91
 6
15
66
20
48
14
63
20
72
76
14
 3
62
82
51
13
98
42
 3
39
69
39
55
55
75
11
98
42
90
44
25
 8
87
 2
42
94
78
52
64
52
11
34
14
44
19
 8
46
49
16
41
87
48
15
77
13
48
45
25
70
40
72
26
54
29
84
43
39
48
55
19
90
84
23
39
50
40
38
74
22
39
90
 8
45
16
53
43
86
 2
99
94
46
25
 1
36
89
61
58
41
30
36
79
74
31
19
80
58
99
29
77
93
11
55
80
46
36
40
60
75
30
33
57
39
39
30
54
16
78
45
60
 5
58
99
 7
40
 3
92
48
67
13
36
34
42
70
 5
39
71
88
 5
62
75
18
95
34
87
34
72
57
70
85
53
43
54
43
64
33
94
37
73
91
48
13
70
56
49
77
30
16
 8
 6
78
30
 2
45
77
40
81
91
53
80
60
99
95
56
18
69
40
 5
78
92
68
71
96
90
25
38
 9
33
 7
58
89
63
13
83
74
30
 2
87
66
39
57
39
 8
31
15
45
35
98
22
14
92
47
16
42
16
14
77
23
70
56
45
10
59
 5
43
87
72
10
22
79
 3
78
56
 2
92
14
88
52
51
64
87
97
90
 1
89
61
16
21
91
96
45
91
88
13
70
51
91
55
34
48
31
18
55
85
 4
78
56
 1
29
17
27
68
 2
42
93
75
96
78
22
19
14
96
 3
 6
18
 4
81
88
63
44
54
28
54
 6
 3
 3
38
27
97
69
81
73
25
88
10
82
77
18
80
40
62
91
74
 3
73
84
46
19
66
82
48
62
91
54
50
36
28
50
84
53
75
16
28
58
22
70
44
97
77
90
18
93
79
90
88
44
46
37
21
86
 5
66
19
60
60
54
13
 4
30
14
49
10
10
64
82
99
 5
36
22
12
90
84
20
79
23
41
56
96
66
95
25
38
85
43
34
40
37
75
71
97
11
56
23
95
75
52
95
24
66
75
43
99
72
 9
32
36
51
40
62
82
43
11
74
98
10
90
37
48
58
91
87
 6
86
11
83
56
12
44
50
55
11
52
92
81
36
94
33
98
34
57
75
72
44
58
20
87
84
61
55
77
14
91
59
13
78
81
91
84
15
28
64
16
52
 2
39
25
55
94
39
99
49
33
46
80
93
35
46
27
29
72
 1
68
61
92
17
97
20
46
92
20
39
 9
90
20
12
31
37
43
64
87
96
69
83
79
15
72
78
59
74
32
68
21
67
10
11
31
28
39
53
51
16
50
 2
18
16
83
23
19
24
96
54
66
90
32
36
80
 2
56
43
71
58
15
42
67
38
34
36
63
89
11
31
19
74
 9
75
 5
62
19
26
16
24
93
78
54
37
12
11
93
13
89
91
33
86
85
94
51
74
24
69
71
40
84
13
41
66
75
95
42
83
33
72
44
41
88
48
89
88
29
24
46
39
76
88
28
80
49
80
81
27
 6
99
56
45
29
69
80
75
75
55
28
70
30
22
 2
68
82
33
35
31
97
 1
39
54
66
55
63
98
12
67
38
29
55
76
42
10
 9
80
75
68
87
 7
76
49
13
43
51
81
24
63
78
83
35
74
43
18
59
76
66
33
71
26
71
98
94
14
75
71
86
36
32
95
28
62
29
76
79
17
32
39
10
30
24
 4
48
90
 5
74
96
90
87
 9
26
42
 9
38
91
77
22
 3
19
32
32
92
67
93
42
46
27
31
55
87
79
78
 2
77
46
 1
36
50
72
 2
96
85
70
 9
45
33
62
96
73
 9
64
78
24
82
20
31
 3
85
47
82
 4
53
23
21
61
32
34
69
26
58
23
70
89
58
94
27
49
54
69
59
40
31
75
91
34
65
46
66
11
56
28
77
29
51
76
22
73
23
11
65
36
95
34
15
78
57
85
10
59
57
22
12
55
44
98
98
55
34
55
46
96
55
57
34
58
77
23
11
36
43
74
72
93
44
37
15
 4
46
29
78
87
83
75
63
73
59
83
34
58
59
 3
81
 6
14
17
77
89
13
90
72
62
18
22
79
 6
67
11
 9
22
21
 7
61
20
54
33
77
74
18
72
44
78
98
91
41
 9
95
88
42
92
27
57
51
91
12
43
87
45
16
82
95
15
15
96
 1
10
78
45
80
53
99
 5
84
30
95
69
52
98
99
46
73
 8
68
45
54
83
17
27
 7
59
23
23
33
84
95
73
43
84
50
 8
57
33
19
18
18
93
74
33
 1
88
61
66
25
47
70
25
46
19
66
59
54
67
 9
52
36
59
60
11
50
44
46
65
50
57
19
45
18
26
49
25
34
14
47
18
59
 1
55
14
50
 2
20
22
58
61
75
36
82
80
49
76
87
59
26
 8
66
88
83
19
66
51
11
36
58
31
61
70
50
21
25
75
48
59
81
93
57
99
10
88
 7
19
29
36
33
74
39
73
64
13
29
65
58
69
42
 2
38
21
38
85
78
39
68
21
84
36
79
51
96
22
84
68
 5
66
 5
52
73
 3
13
45
70
40
 5
 9
91
51
 5
 5
97
83
52
26
37
55
56
 9
61
 3
83
67
34
31
54
83
30
33
14
87
 6
31
62
55
63
99
94
70
80
38
49
76
22
44
 8
50
26
42
49
42
37
50
95
12
35
 6
60
86
95
54
31
94
35
19
86
80
84
44
18
70
43
45
 6
93
54
46
43
12
54
45
84
72
35
90
50
52
73
95
28
80
76
84
61
30
74
97
70
46
35
47
28
22
 9
57
91
81
97
55
36
63
43
80
88
98
34
61
20
49
35
25
65
11
 3
 3
47
42
50
67
79
26
75
 5
14
38
20
33
10
10
13
63
91
52
20
35
72
66
75
16
 8
66
12
85
67
73
68
 8
65
77
94
 4
67
35
23
34
95
27
21
 2
45
97
22
78
55
27
24
71
29
66
56
35
54
61
 8
45
 9
 9
23
22
25
81
52
53
70
42
57
74
31
95
71
65
67
 8
 6
34
 4
28
 4
20
39
38
35
19
32
84
36
39
56
 5
77
88
72
95
73
33
 9
57
16
87
10
44
39
97
32
53
 5
83
50
94
14
84
64
68
29
89
49
90
18
75
53
95
 2
72
84
55
21
34
88
41
95
57
57
75
99
44
75
92
18
 5
39
63
22
43
51
