1500
84
98
26
 8
83
 8
77
99
17
47
68
17
41
10
77
 3
27
46
 7
36
54
18
22
25
21
 7
 1
14
20
21
 7
86
98
60
85
39
48
62
99
85
58
13
 9
76
61
20
 7
98
 7
49
27
29
 1
21
21
16
41
57
15
51
97
90
71
20
32
 9
43
84
52
54
47
90
76
61
54
43
85
47
17
61
61
 9
26
33
86
93
32
 3
94
62
14
 3
46
 7
20
51
32
75
89
43
71
27
59
63
94
 1
66
14
98
98
55
23
64
84
 5
13
88
87
81
76
76
 7
15
81
 4
32
34
 5
96
46
39
50
80
37
52
38
82
92
25
19
90
94
40
 4
33
92
89
69
79
59
69
15
32
34
62
33
 4
39
68
94
68
66
26
72
50
45
 8
36
58
62
34
19
39
64
62
 6
35
 9
26
39
26
78
64
78
49
48
22
39
77
12
50
12
36
44
10
14
46
25
86
59
83
92
20
17
26
44
85
17
84
69
82
90
94
21
13
15
68
12
77
17
53
41
78
39
37
42
69
 8
35
59
15
96
72
26
30
42
26
80
42
 9
39
67
51
29
50
75
28
52
71
47
40
14
53
29
23
40
54
86
 5
30
76
38
94
20
80
64
33
64
14
29
40
36
 7
60
41
91
49
35
96
 7
90
36
37
18
 1
86
26
61
17
61
40
83
30
62
98
87
12
69
18
85
57
58
57
40
42
59
88
52
51
 8
77
78
 5
19
21
46
14
35
 1
37
 5
 9
21
 8
50
43
70
38
20
63
 2
39
25
40
44
45
43
38
49
17
 8
 8
 2
48
36
97
67
50
 7
 4
36
82
41
32
13
79
87
98
28
99
 1
23
16
98
77
59
22
62
62
28
 1
28
69
58
71
84
59
29
71
21
92
30
85
99
94
94
 4
 6
90
59
59
80
 1
88
20
66
78
11
84
84
88
23
43
61
83
93
60
40
91
35
51
79
78
63
82
75
86
16
 7
30
 8
62
24
75
13
60
90
84
84
97
97
86
67
72
97
28
94
57
16
51
98
93
44
80
72
62
29
78
79
78
54
31
78
55
54
63
73
95
29
24
48
31
98
35
83
87
 6
71
41
 1
54
38
91
43
13
17
76
92
94
64
85
20
98
20
44
94
55
 8
71
13
56
93
21
34
97
74
75
39
36
71
64
86
67
 7
33
78
41
12
87
32
28
70
63
43
17
41
39
50
 2
55
38
87
18
36
53
38
76
35
22
54
73
42
97
83
15
47
25
57
34
27
 6
66
46
21
19
 5
 8
77
97
92
41
38
51
56
79
28
86
81
86
34
53
23
29
29
70
74
32
32
23
96
19
54
22
89
36
24
 3
23
90
43
50
11
93
72
41
16
30
80
64
18
54
69
46
92
31
17
14
49
24
22
27
70
42
24
27
 8
61
70
15
78
 7
88
22
97
51
58
76
20
77
39
25
 4
76
28
22
72
34
21
53
 7
68
57
83
15
78
97
 8
35
53
38
 2
 5
22
95
38
57
75
81
82
84
55
82
 3
 9
21
74
49
27
13
92
 8
53
15
66
85
23
18
72
48
93
17
85
55
 1
20
83
20
 3
 5
11
22
81
16
27
32
11
29
66
45
83
63
17
99
10
82
60
72
49
75
80
29
17
30
58
16
21
 9
 5
81
58
42
98
11
46
36
20
40
97
15
37
73
27
 5
14
43
 3
66
35
34
 6
87
85
27
47
39
88
70
80
18
47
41
53
69
85
10
68
12
44
54
65
60
 9
43
 4
75
37
51
67
31
70
 5
64
13
90
19
36
66
86
51
54
98
30
 7
31
37
93
27
 3
62
19
95
22
23
89
12
16
41
75
34
51
14
32
62
58
31
27
73
44
 3
53
39
77
24
10
89
42
67
28
15
60
30
92
86
80
31
68
82
28
81
50
97
10
22
68
38
77
44
66
60
42
14
70
61
41
88
77
91
45
55
80
77
 9
75
55
42
68
84
21
 7
63
 6
22
46
 7
37
13
 6
70
76
11
44
10
35
 4
92
99
11
56
16
12
66
27
62
81
86
23
76
19
55
 5
80
 5
41
79
77
18
11
83
87
50
73
98
87
35
72
 6
54
65
28
 6
61
19
40
27
62
67
68
54
99
75
87
64
51
92
36
49
91
26
68
81
50
84
 3
 2
48
17
 9
12
12
 8
 1
18
24
56
86
27
23
13
49
36
19
90
95
29
 8
29
63
92
81
24
 5
94
12
 2
54
26
83
64
93
42
82
60
12
22
94
21
86
52
33
29
80
93
39
29
69
 9
88
75
16
 4
38
14
88
91
33
89
39
12
44
92
51
 2
27
11
65
77
65
21
96
17
25
81
32
84
60
60
66
 1
78
49
 9
11
48
 7
60
31
24
94
90
36
81
29
77
78
52
10
87
83
18
70
39
21
83
98
 3
 1
80
68
19
86
11
32
79
78
97
26
31
49
40
27
63
 7
41
11
37
46
16
67
29
68
40
95
15
42
40
66
 5
67
95
41
29
31
63
61
87
 4
68
99
84
72
85
48
36
68
65
80
72
61
20
49
55
97
11
34
91
50
67
29
77
49
96
78
72
85
62
36
14
19
38
68
77
 8
 8
84
 5
98
96
94
93
68
13
85
61
72
 4
28
12
93
91
92
80
39
72
91
96
82
78
12
59
90
80
81
35
49
 7
24
92
12
69
18
82
91
89
62
60
24
95
32
89
 8
81
23
95
68
 7
98
20
41
33
 8
50
21
71
98
59
72
25
 7
43
53
18
22
93
42
94
26
86
22
57
10
 8
12
56
42
26
99
83
27
34
64
92
96
34
44
76
86
18
40
50
38
17
 6
73
90
56
16
17
82
 1
68
54
32
26
10
76
33
98
32
82
15
99
38
68
19
77
29
62
21
57
97
24
80
 4
83
65
16
65
90
92
97
78
99
51
82
70
90
55
39
58
98
78
 9
53
36
22
64
72
81
91
91
89
74
29
57
12
38
15
98
95
32
 7
95
23
89
11
53
45
24
49
63
76
68
45
65
99
13
60
90
29
39
26
93
 5
86
94
49
69
53
46
51
84
86
88
60
57
40
90
44
21
70
63
64
44
40
51
49
17
11
35
11
82
74
21
31
58
32
 2
96
29
48
75
91
49
87
15
35
26
92
44
64
41
67
49
64
71
51
63
37
56
52
50
97
89
95
29
21
82
95
72
 1
66
75
20
53
74
53
11
22
96
23
25
34
25
44
 5
43
97
74
47
11
38
48
50
82
27
43
 1
84
80
43
81
21
75
24
89
70
19
82
46
84
56
38
80
82
60
 8
76
41
75
12
61
66
59
90
32
58
94
93
83
58
24
28
45
76
74
16
93
94
12
64
40
42
18
82
57
48
 7
53
55
55
86
 3
63
 6
81
58
36
75
13
57
21
83
61
85
29
46
 2
 6
39
84
55
65
57
78
12
33
97
77
94
60
79
46
29
22
 8
41
45
13
49
45
28
78
54
14
 9
38
46
67
22
86
