1000
70
17
57
99
26
 5
99
51
49
75
54
15
80
89
51
28
85
81
39
 7
56
84
33
67
55
63
51
14
11
28
15
 5
35
44
68
24
75
 9
58
76
33
31
65
35
99
62
13
47
23
34
46
46
63
20
97
65
48
23
63
89
83
72
63
68
33
28
35
98
18
 2
46
17
64
73
37
12
36
22
15
73
72
43
91
21
96
73
96
 6
90
96
42
43
 4
51
92
47
 8
12
 7
50
49
69
86
76
11
72
35
19
48
64
33
42
 4
81
39
22
56
33
37
34
26
33
15
60
78
15
20
69
53
95
56
39
65
 4
78
37
87
55
52
61
91
97
21
76
29
81
70
77
31
96
 1
77
41
40
33
68
10
28
32
45
 6
39
76
60
54
 6
87
73
56
11
96
79
19
38
 3
76
10
31
89
50
13
71
45
51
73
87
68
23
 2
61
86
73
51
64
81
41
 6
87
54
40
29
85
 4
49
81
15
72
35
57
80
22
37
87
74
94
50
 6
98
17
17
51
95
18
35
19
48
11
46
 5
71
90
74
59
86
28
80
23
61
97
22
24
40
19
66
37
29
46
58
66
62
92
77
52
23
28
94
92
30
23
73
32
88
80
 3
51
79
46
16
86
25
17
96
15
76
47
 5
42
73
68
40
32
23
34
64
96
41
92
 2
92
 9
97
55
66
75
78
33
53
91
56
35
14
59
42
 1
75
18
99
52
79
48
 6
48
27
87
 1
74
73
62
56
90
95
41
37
57
81
85
13
57
65
 5
81
50
43
27
57
60
 5
51
90
41
23
12
68
16
21
18
75
38
68
 3
41
80
18
44
68
80
51
73
82
53
28
64
62
 8
 6
 4
15
87
44
24
54
40
43
23
44
61
32
39
60
18
62
92
34
73
28
94
36
62
44
 9
59
81
33
74
64
90
33
71
42
75
84
40
50
52
 7
58
88
90
22
35
83
12
36
67
 2
57
38
25
11
70
27
70
85
89
17
97
74
13
53
22
38
 4
61
68
55
13
79
97
31
90
 3
46
88
56
65
75
75
 5
 9
35
79
 8
60
42
76
 7
65
55
 1
26
90
57
73
38
57
29
73
95
21
33
73
34
31
76
47
16
22
71
63
69
45
74
57
17
 6
22
19
47
 7
30
71
14
65
87
89
26
 5
 8
26
 4
91
65
86
78
14
86
50
92
76
22
43
92
 3
59
77
65
19
15
70
11
23
62
40
94
97
34
 2
98
80
48
57
78
42
 4
17
63
 1
97
10
24
96
 3
64
99
82
63
94
65
55
35
63
80
37
53
80
23
 2
25
94
74
 8
54
37
93
30
68
79
15
90
89
62
78
44
97
50
 1
32
17
89
56
61
 8
99
24
20
60
88
87
89
 3
26
53
57
84
52
59
98
88
63
44
27
99
62
62
80
99
92
87
44
13
59
13
86
65
52
92
91
 6
82
 8
69
12
27
23
48
63
13
16
97
 1
28
45
 5
30
89
14
62
13
58
37
61
 2
25
47
74
52
69
25
16
65
99
41
48
12
99
52
45
72
52
44
67
55
 8
95
62
36
45
 8
44
48
85
16
71
94
33
 3
66
19
67
41
 8
79
 5
78
28
69
15
95
58
49
25
54
47
 8
 4
58
82
38
49
51
77
29
83
66
 9
61
45
60
99
30
37
45
23
44
78
45
 8
62
21
92
47
93
 6
92
73
24
93
82
 2
11
49
87
10
85
33
21
56
31
51
32
 9
52
40
27
70
16
26
 1
84
74
33
65
18
67
95
41
80
80
24
97
97
90
 9
92
85
59
85
94
43
92
59
65
27
70
10
62
 3
10
75
40
52
 4
41
22
20
85
12
13
95
63
15
23
96
74
17
77
46
99
69
88
44
93
 1
43
79
71
52
 8
20
 3
75
88
97
52
 6
54
56
28
96
57
49
64
58
56
73
17
82
87
33
65
81
85
80
42
27
82
93
56
44
 6
67
29
96
12
13
35
60
40
68
30
16
60
62
90
18
82
46
32
39
 3
76
27
86
54
25
 5
15
33
92
32
35
84
39
82
32
 5
77
76
10
38
54
88
52
37
56
53
27
73
83
93
37
39
14
61
30
49
91
 7
59
81
92
18
46
56
76
17
95
 1
74
 8
31
93
48
62
15
42
48
74
95
80
98
35
56
43
71
56
22
 6
43
35
79
47
12
41
71
16
66
45
24
64
80
71
71
38
41
63
34
63
53
88
99
43
52
49
90
97
76
 9
47
46
90
32
16
82
62
37
74
43
42
39
74
95
70
20
51
82
64
66
59
19
81
35
91
81
54
86
60
21
50
24
61
76
91
 6
30
79
53
52
92
 3
