5000
86
48
65
27
91
31
13
20
40
98
84
34
46
43
48
96
79
43
56
23
22
29
52
42
71
95
 5
17
63
 2
16
73
96
 8
80
45
43
89
33
85
43
 1
62
42
40
83
42
24
79
38
39
98
12
30
58
 2
24
37
85
39
51
54
84
41
85
10
17
40
30
33
23
66
13
47
48
87
32
89
60
28
15
49
19
68
76
40
52
63
75
73
19
 1
19
65
85
98
52
37
 4
 6
53
35
36
80
74
50
88
11
85
49
11
57
 7
86
32
91
14
36
71
87
19
91
13
57
77
78
60
89
41
32
90
65
 9
78
96
31
93
78
50
79
57
59
72
49
21
22
40
60
18
 7
28
17
98
42
94
98
34
46
27
43
43
96
46
81
91
58
 2
 3
88
59
22
 4
 5
31
96
23
74
86
25
 4
84
51
 4
82
 5
32
16
46
92
32
72
69
94
89
68
48
93
75
17
69
19
81
17
23
81
78
 8
82
29
70
92
81
99
75
51
93
69
30
49
61
54
 5
55
66
83
33
69
93
 1
41
84
83
95
91
67
12
33
31
 2
18
90
22
67
91
52
94
97
50
77
60
86
34
16
50
 8
15
40
 5
87
83
98
77
15
85
74
96
28
81
10
22
44
 3
18
53
98
65
23
36
39
35
59
13
47
92
74
55
32
80
44
42
81
12
69
14
91
99
58
63
76
74
53
97
75
92
11
30
57
65
92
35
47
12
89
32
66
95
20
21
 4
13
20
45
32
15
89
91
72
34
97
17
13
69
 5
13
 7
31
19
80
32
92
39
34
62
34
92
22
 5
41
41
58
70
45
41
71
43
56
36
58
82
81
88
40
56
78
99
32
20
45
39
91
40
80
35
89
98
34
38
47
44
57
25
83
50
97
26
36
38
39
80
73
22
20
75
80
50
49
72
27
69
43
13
11
15
97
51
63
41
32
44
32
89
10
50
26
34
72
43
17
63
97
91
 5
61
10
46
38
58
64
54
82
83
21
31
43
15
45
54
28
45
31
72
60
64
95
 1
24
84
56
 3
47
87
 2
35
30
44
97
42
77
67
37
71
89
60
60
30
53
19
62
11
66
41
20
36
73
17
50
49
22
36
22
67
25
 3
55
75
35
85
12
44
20
85
20
51
50
69
22
91
66
28
19
80
68
31
71
92
73
15
39
69
78
94
24
42
 3
20
96
70
17
71
70
86
49
45
95
12
74
53
56
49
67
66
20
21
37
85
41
46
22
52
63
32
57
38
 4
81
92
71
98
76
80
62
70
44
 5
94
83
72
83
27
94
77
97
78
 6
87
80
50
72
47
40
40
60
 2
36
19
86
86
70
16
69
48
40
86
93
44
87
10
39
49
 7
74
54
 3
62
31
52
33
19
42
88
93
 8
14
99
44
95
55
79
 4
68
30
49
35
21
49
11
57
56
87
47
53
84
56
37
93
21
13
66
 6
81
48
99
34
63
30
87
19
32
44
79
29
75
13
14
85
55
21
72
 3
29
42
30
93
62
99
28
69
97
34
91
49
 6
29
 3
56
 7
66
62
83
49
50
61
 3
46
87
75
42
87
51
15
44
88
17
45
76
 2
 8
97
93
69
28
 7
 9
39
18
73
 2
95
24
97
90
56
11
88
13
88
95
78
45
70
55
61
95
69
70
83
 4
65
54
 1
78
80
48
22
23
41
18
75
56
48
26
 2
93
78
35
 8
94
73
 4
99
35
62
26
14
17
68
87
69
75
34
83
75
83
28
72
84
28
75
 5
57
52
41
16
17
40
44
 5
50
30
30
98
55
43
38
23
62
13
44
72
63
87
89
13
45
13
72
96
75
55
18
27
49
68
10
59
19
72
96
73
30
47
48
89
90
 4
76
80
82
37
12
53
59
33
31
33
17
20
32
42
 9
36
55
 3
68
32
51
45
20
35
84
65
48
23
73
 7
89
44
66
 4
33
89
47
77
84
 4
61
 4
84
 2
82
51
35
98
81
25
16
16
19
82
65
64
67
78
89
79
15
 4
68
88
10
71
55
17
83
18
 2
84
95
57
23
 6
63
86
36
64
98
57
75
41
29
 5
36
98
13
80
22
86
40
55
78
61
12
33
76
13
16
65
 8
59
55
99
92
25
69
35
30
54
23
32
18
73
54
62
43
67
 1
13
96
58
72
57
 5
79
93
 7
 9
17
98
35
36
10
74
 6
39
98
57
 2
73
85
75
59
95
28
28
33
39
 1
18
87
53
61
99
29
65
61
81
87
47
18
42
62
50
14
94
27
92
14
41
18
49
74
86
18
46
65
43
15
 4
25
61
90
12
 3
65
10
16
16
11
41
72
49
23
 8
51
45
68
81
65
 3
96
35
78
31
 1
57
94
92
51
25
55
63
37
76
79
40
76
62
46
56
29
 4
50
92
68
49
73
76
55
61
56
46
58
26
19
62
67
 1
44
64
64
 5
47
34
60
73
47
79
93
71
76
87
90
84
28
75
72
90
86
74
27
33
49
72
18
85
60
75
46
44
88
82
52
18
63
56
56
83
87
68
41
41
65
13
60
61
39
72
81
54
93
 5
62
30
 9
55
29
30
26
70
 8
51
 3
96
44
49
26
41
59
75
61
 6
 1
 2
 5
34
14
90
 2
 7
10
85
31
28
51
60
88
14
 4
99
75
46
30
62
47
98
32
 7
87
 1
14
95
12
35
15
 1
19
46
33
93
20
45
25
55
71
 6
89
 6
23
19
14
53
 2
98
 1
87
64
33
62
16
41
42
71
60
66
49
84
11
69
43
12
67
75
 5
54
50
23
92
89
16
32
83
89
74
31
21
20
 9
84
88
45
30
 7
67
96
55
39
85
69
26
51
18
52
79
45
46
87
81
24
40
63
16
22
69
21
66
28
 2
91
79
21
 1
45
19
43
80
59
40
24
30
90
59
92
57
66
71
79
80
70
83
51
99
41
99
78
85
57
57
87
28
34
26
70
52
92
79
43
78
42
46
 3
13
27
50
57
46
74
54
20
62
10
12
13
16
57
36
78
86
10
93
38
80
73
46
15
72
72
26
35
55
34
77
42
14
17
55
43
65
 8
11
90
96
72
42
54
32
58
62
76
74
44
46
48
42
42
 9
20
37
30
96
77
 3
37
 9
91
57
58
58
83
93
 6
96
99
30
81
75
53
88
96
90
16
98
89
 6
16
87
87
57
37
71
69
52
67
10
60
86
83
19
11
60
42
 6
18
41
40
62
26
30
22
24
39
 4
23
56
33
88
73
91
62
 4
 1
44
58
73
33
63
21
30
39
15
87
87
23
75
 3
42
88
37
45
49
 8
71
57
57
 8
89
20
28
91
24
30
33
31
73
17
64
41
43
47
30
59
12
67
84
60
70
28
69
 6
42
46
98
93
60
33
76
66
86
56
81
70
53
63
 2
29
22
31
50
87
29
78
48
32
25
83
22
23
56
70
68
40
17
89
64
91
19
61
59
77
86
 9
30
49
43
42
40
86
 1
41
78
 7
98
59
20
29
13
34
88
15
96
17
52
19
46
99
54
56
72
41
77
 5
70
99
73
96
54
61
48
73
68
52
19
67
22
47
52
 6
82
70
95
75
51
64
10
59
59
56
97
68
41
84
73
97
70
16
35
21
46
21
 1
47
29
22
61
69
71
 8
21
 4
88
 7
79
78
75
18
97
59
36
99
48
49
44
12
60
87
63
97
61
60
73
29
38
50
33
72
19
49
14
16
78
46
31
17
94
30
23
92
47
 2
99
33
79
52
96
53
25
92
72
51
17
89
86
 7
81
 6
80
84
28
76
11
56
46
44
56
33
19
70
45
12
62
54
23
15
86
63
10
47
25
13
70
35
90
19
35
82
17
25
16
96
43
58
24
22
17
89
60
47
53
78
88
10
15
71
24
64
87
 5
92
41
90
34
72
73
96
88
65
94
 4
 3
30
 8
45
31
10
16
57
60
83
10
18
62
97
30
51
85
68
59
21
35
51
94
22
27
45
44
62
78
19
90
76
17
63
76
33
71
24
51
 5
20
15
32
57
67
11
23
90
21
69
37
49
43
89
73
93
46
99
90
46
98
36
28
36
31
 3
21
29
85
16
49
69
16
89
83
35
72
69
51
23
81
84
96
55
55
 4
55
51
30
95
10
23
97
50
71
62
91
78
16
78
16
33
41
31
75
89
92
40
89
 7
87
 9
56
22
94
45
28
92
24
12
 2
37
63
89
54
97
99
98
32
70
99
46
38
23
68
43
17
42
50
80
70
54
 9
82
21
34
45
45
60
50
77
63
70
75
67
67
84
 8
94
68
67
 7
67
21
66
25
80
33
40
23
 3
87
94
38
 9
51
33
18
24
 5
76
63
19
68
26
12
 1
98
37
 6
54
60
97
60
74
13
43
78
35
94
28
56
56
15
77
88
83
89
35
24
68
92
40
22
63
60
44
91
 1
46
95
17
78
40
 9
49
34
53
51
19
 5
97
50
11
81
35
73
22
43
49
55
46
68
 4
49
 9
31
42
88
 7
62
94
79
62
83
40
69
42
21
94
 2
78
64
82
58
 3
99
47
64
61
 5
49
 3
21
80
52
36
 5
59
91
 3
96
42
54
40
56
91
69
35
53
68
15
44
86
 2
64
91
95
 1
67
71
23
96
83
75
39
18
73
63
87
87
56
16
49
55
53
64
17
34
 7
41
43
68
 9
63
69
15
25
70
97
28
37
50
16
56
18
52
35
51
26
33
31
69
58
42
97
76
41
75
52
51
 3
12
20
73
96
74
48
10
21
99
68
83
19
86
53
27
88
98
86
11
91
80
 7
63
88
79
23
40
93
26
73
95
81
53
37
94
21
30
45
 3
81
72
11
34
96
 6
39
67
 4
64
25
91
70
72
84
40
10
11
50
39
 4
 7
83
28
35
57
96
 2
41
16
74
16
 6
61
73
 2
75
62
79
39
44
81
24
41
86
15
27
80
61
 4
55
27
89
43
83
16
32
98
47
27
46
54
52
86
67
26
57
68
83
50
72
19
63
68
 6
69
87
43
97
73
49
 8
59
14
88
94
73
39
 9
38
83
57
40
98
87
56
 7
11
 3
76
71
93
15
88
83
27
39
47
38
31
55
16
52
60
29
73
62
52
49
85
77
18
47
44
52
36
87
80
43
42
 6
26
 9
54
 3
42
 3
43
37
99
30
83
55
17
24
81
79
35
94
45
 3
53
20
69
28
92
33
94
57
20
62
33
 1
78
90
26
26
81
86
89
65
18
74
41
50
94
86
73
71
89
87
35
25
48
89
 5
61
73
54
28
96
47
24
81
74
53
32
38
72
19
78
20
31
48
 4
81
90
73
37
29
15
85
68
17
97
88
11
21
30
12
12
31
 4
43
60
67
58
30
70
54
26
74
86
73
91
96
73
12
21
89
40
18
65
34
84
23
 9
98
83
 1
65
92
20
31
75
97
72
55
31
47
64
72
69
79
97
75
50
30
61
76
85
89
37
98
24
 2
 7
17
36
14
77
 9
40
64
18
87
 1
12
37
95
19
 4
94
23
80
73
65
35
54
72
65
54
26
27
38
14
40
17
27
98
55
80
33
96
79
31
64
96
69
95
 1
23
94
55
63
75
34
 6
18
42
 3
 9
 7
57
76
67
27
89
10
66
58
 2
42
50
64
99
54
56
42
87
65
66
83
56
75
19
97
29
 3
33
55
76
40
85
28
34
71
81
56
36
75
96
37
95
67
85
55
36
81
64
55
25
73
52
74
96
30
73
41
19
56
27
46
96
54
 3
93
63
42
54
54
48
29
13
21
81
96
62
64
10
25
39
27
 9
71
91
37
33
71
50
65
15
59
62
36
52
84
27
88
63
18
77
21
 9
 3
81
87
95
95
59
20
10
94
23
 6
69
36
30
 5
37
56
47
58
23
75
27
38
70
15
76
25
83
20
52
23
75
84
27
40
11
24
70
23
 8
47
17
61
75
40
25
83
63
96
19
32
78
63
16
41
68
74
36
29
 9
73
90
 6
 3
 3
32
 1
32
42
94
46
60
90
82
84
29
52
42
54
53
43
75
21
56
81
35
 3
43
44
45
55
57
93
12
82
20
34
42
14
 1
 4
43
33
10
73
41
87
66
39
55
64
32
96
93
82
63
80
98
52
79
47
 5
76
81
95
44
37
43
 4
57
49
87
60
35
 3
79
95
72
 7
57
66
50
36
 8
 6
 4
92
41
13
32
93
43
55
74
88
70
92
29
32
75
81
41
91
 5
60
98
41
82
 2
17
97
 7
92
19
65
75
64
98
53
65
24
67
 1
88
88
72
 9
47
93
15
92
 3
86
17
54
94
51
73
10
11
83
70
39
55
74
65
16
11
14
30
82
46
60
48
21
50
11
78
77
66
 4
58
22
94
83
61
69
35
73
 6
40
43
80
94
31
73
69
 4
25
78
42
 6
27
28
60
28
68
50
34
30
56
19
25
27
94
 6
82
18
90
36
68
54
36
44
78
 4
97
72
25
52
 4
23
83
98
51
90
63
68
38
94
20
24
28
30
59
95
56
73
44
85
93
45
69
83
75
59
 9
77
81
92
90
46
31
77
21
37
41
48
 4
38
88
70
72
18
96
60
99
53
21
23
71
22
79
43
12
70
 3
21
53
52
48
13
12
23
63
55
83
 8
 7
47
11
19
54
54
46
26
89
 2
42
94
82
60
18
46
64
44
25
 1
39
47
37
20
87
41
29
33
24
57
46
61
77
70
17
 2
41
 3
38
26
58
85
75
22
97
79
82
37
92
99
35
66
76
36
33
40
 8
25
81
38
 9
68
31
 4
 9
35
45
83
26
59
99
51
70
71
85
50
 2
55
12
30
27
91
66
74
78
73
61
25
42
44
 4
 4
88
54
 8
 3
74
90
16
75
59
52
20
95
20
58
59
 5
98
49
97
22
53
38
40
35
78
29
90
48
43
13
28
11
 4
72
94
83
70
23
52
93
60
90
43
13
22
76
75
17
64
 5
81
69
79
92
72
73
84
56
34
44
85
78
86
44
64
56
51
33
15
51
67
66
23
72
52
17
12
93
12
28
49
53
47
87
34
41
79
20
76
93
51
 5
68
26
 1
 3
59
28
90
94
49
32
73
29
13
75
86
77
49
 7
42
90
72
 8
30
49
68
 6
69
17
 5
61
52
82
10
71
96
91
41
94
69
72
34
51
82
29
66
67
23
29
12
53
40
67
26
66
10
90
57
41
54
15
92
70
89
86
51
67
93
27
39
47
88
31
55
32
98
21
92
95
91
61
 4
 1
70
25
75
12
14
 5
92
39
36
74
33
 8
65
89
56
98
 7
35
54
59
 2
93
18
32
28
70
70
93
68
25
48
52
 1
45
55
11
17
42
94
22
18
63
93
51
27
21
 8
86
52
47
56
90
 6
42
49
43
67
50
54
78
72
28
90
46
94
17
73
15
38
17
99
49
96
62
12
60
72
71
15
86
38
 8
92
83
44
18
99
91
18
46
67
53
73
41
99
55
 6
38
11
61
48
 2
69
14
70
58
98
78
40
86
 4
86
73
72
75
67
10
23
41
37
69
50
 6
 5
87
93
63
84
94
17
18
67
59
24
86
44
31
50
37
36
22
78
27
11
59
 2
94
54
39
18
65
73
16
63
37
 4
77
73
94
75
13
70
19
39
34
76
55
 1
67
45
79
46
52
12
56
18
 1
67
 9
40
17
21
89
31
44
97
 3
 5
50
25
26
 2
 8
25
10
65
80
 8
 1
81
64
57
52
 4
14
16
85
98
94
51
48
 6
77
13
50
73
38
76
14
47
63
57
13
75
28
17
57
19
55
26
72
17
 7
15
53
93
37
75
30
81
33
44
18
18
97
32
 7
97
80
28
53
55
21
36
33
38
17
91
98
57
58
 2
40
69
75
52
51
79
96
36
30
26
11
45
91
26
 3
77
39
36
49
92
77
39
71
85
82
70
13
 4
47
24
42
61
94
41
44
13
89
14
18
 3
43
29
16
64
17
62
67
 5
51
55
19
19
14
88
12
92
85
83
53
15
85
43
98
92
50
65
89
51
80
31
69
40
52
21
33
20
13
48
10
31
66
56
63
67
62
81
85
98
83
25
72
 2
68
27
73
40
43
 9
81
32
10
49
69
72
60
63
44
39
70
85
96
34
32
75
50
 4
91
82
84
10
40
74
 2
46
22
70
55
12
31
76
85
25
33
72
81
84
92
57
29
62
50
60
39
48
18
81
45
 7
47
34
44
86
42
51
68
40
43
51
80
72
91
 2
67
16
80
89
17
15
97
34
62
35
87
45
99
66
11
77
12
63
43
66
49
53
97
 2
95
85
 6
36
34
45
28
60
89
92
52
74
32
68
44
61
20
12
91
96
83
46
27
 4
 9
67
66
96
32
90
39
14
 6
91
49
70
45
16
62
54
 9
58
23
80
32
 5
23
43
69
59
37
54
46
 1
97
32
94
27
75
22
69
39
15
 5
18
81
90
88
89
28
40
24
79
21
34
51
69
46
47
13
79
53
74
43
87
 1
79
69
20
55
99
26
87
98
 2
27
45
82
13
 8
94
81
28
46
54
 2
 5
11
41
72
51
42
10
76
27
73
54
80
51
58
37
77
44
75
55
31
93
69
 2
34
74
28
30
41
14
27
81
29
22
70
92
22
91
34
24
25
87
36
43
31
12
73
92
26
81
24
94
54
 9
55
94
85
 8
35
12
28
10
11
 8
41
46
25
17
94
48
32
79
99
23
12
91
 5
81
27
30
44
58
 9
69
47
88
38
31
93
11
99
 6
21
47
75
73
85
11
51
52
47
21
 5
29
15
69
61
91
11
 6
62
91
86
90
49
92
46
90
10
13
26
59
76
26
63
81
32
21
21
17
13
82
99
32
63
24
90
37
31
75
19
51
58
14
11
72
51
22
50
 2
96
40
59
97
 4
27
53
87
28
82
10
44
58
44
25
24
49
13
59
 8
54
27
60
 1
29
32
90
61
 4
65
16
25
57
 8
79
44
 6
16
47
65
42
94
31
37
17
14
64
66
39
40
61
33
43
73
21
65
22
76
 7
93
80
75
57
88
85
10
82
86
90
46
68
33
90
86
69
17
 9
21
10
45
44
47
45
40
 1
91
50
77
20
77
46
74
42
52
52
40
10
38
70
87
47
15
90
33
23
83
18
74
31
35
18
69
11
72
73
25
 8
 4
57
88
38
59
12
81
28
41
34
51
93
77
60
78
53
69
53
29
22
11
83
73
70
78
 3
71
16
52
12
55
35
79
 5
72
29
43
10
63
67
37
96
16
33
12
73
65
71
 1
50
 8
 8
89
76
48
94
19
38
 7
77
18
40
72
35
34
22
28
78
49
59
40
73
80
94
45
59
23
44
25
44
51
40
74
30
34
19
 7
60
68
57
47
42
99
45
90
45
32
94
71
 4
93
86
 7
38
58
39
78
39
86
14
 4
 3
 5
37
61
78
61
46
28
 2
88
53
93
92
23
24
92
87
82
66
45
61
88
29
27
44
 5
 4
73
71
79
34
24
60
97
15
18
72
82
96
63
43
88
76
63
47
 9
82
35
66
42
40
 9
37
44
33
38
55
 2
21
10
91
72
66
77
15
 8
 9
17
67
 6
23
34
93
21
39
97
57
80
36
46
73
17
82
48
56
66
53
49
20
75
78
89
69
34
80
27
49
63
12
54
56
34
84
37
39
87
14
60
 9
54
11
26
83
54
16
69
74
59
54
40
74
 4
31
36
 6
28
55
11
32
39
75
47
59
71
50
36
60
37
27
35
23
41
41
47
55
53
21
98
84
21
11
64
33
 6
85
96
41
16
81
36
11
54
13
33
39
15
99
70
15
65
69
29
53
53
68
52
33
58
40
87
12
51
 7
44
99
51
11
39
46
59
56
81
24
78
96
73
85
61
22
51
47
13
92
71
89
96
48
57
44
61
75
 8
16
44
34
77
61
54
37
50
27
12
87
99
92
26
55
51
28
 3
14
60
85
69
99
12
56
77
42
51
99
98
86
50
93
88
96
31
87
80
51
44
25
26
93
15
17
57
80
69
28
29
80
51
44
72
63
23
11
94
22
91
98
58
93
32
72
73
 6
46
33
35
 1
52
14
53
98
21
91
82
21
55
81
25
41
49
19
 2
 8
98
44
48
68
12
21
69
76
89
16
83
80
33
39
77
91
32
 6
38
41
84
83
56
86
56
20
75
21
53
93
87
18
56
84
30
73
12
32
12
72
83
21
99
53
77
30
 9
91
57
42
24
65
48
56
79
45
44
 7
59
53
33
32
 9
43
32
94
36
37
69
81
11
82
92
22
 2
64
33
12
80
24
29
 3
51
24
20
48
 4
24
 9
44
53
85
28
87
84
86
86
66
52
65
33
 4
40
59
22
83
62
60
28
79
86
74
68
 1
57
84
82
85
23
12
63
62
31
68
53
93
89
12
 3
32
62
81
16
17
18
24
94
 8
56
 3
62
 8
73
87
17
81
75
19
92
81
81
53
46
33
63
67
94
68
37
43
81
55
52
11
14
24
10
50
57
30
51
58
 6
62
31
64
39
28
37
10
74
29
68
54
12
55
19
54
 8
17
93
64
50
34
98
92
88
13
31
74
79
20
14
 5
 2
84
95
71
23
55
69
49
30
 8
20
80
43
68
60
11
22
27
68
18
56
 3
78
71
72
54
40
90
49
79
 5
26
65
 7
51
30
74
13
95
39
26
82
20
57
38
44
49
30
39
71
20
 6
68
28
64
 5
73
 6
44
55
81
51
86
22
84
44
32
19
26
85
40
89
 7
 2
97
68
21
85
45
11
30
 7
53
89
76
11
27
60
68
 6
98
79
 8
 4
15
96
17
93
11
81
28
93
18
23
86
95
33
56
37
33
 1
63
40
74
19
88
96
87
32
 9
10
79
 2
37
86
48
42
64
91
41
19
19
54
88
46
65
49
83
47
24
52
63
68
 9
87
98
16
83
60
30
43
37
17
38
 2
61
93
23
20
50
14
52
22
88
 2
59
37
58
56
66
13
33
58
83
96
74
59
91
87
15
27
42
21
40
85
73
92
43
29
 5
93
86
55
80
42
12
86
29
98
51
34
30
47
 7
61
37
34
99
15
46
29
79
73
61
23
17
80
62
18
34
16
 6
 9
19
64
61
44
65
51
50
36
99
85
43
16
24
97
 2
19
31
86
41
77
38
99
64
 3
83
39
70
63
45
95
68
 6
95
56
18
41
87
53
18
52
71
85
62
29
26
19
88
92
26
79
39
18
 6
31
57
12
61
71
41
66
44
34
72
22
80
25
51
91
76
78
54
48
43
77
24
46
13
 3
44
91
50
69
88
83
60
 9
83
98
80
58
 6
 5
64
19
32
92
46
29
55
 1
87
31
21
17
 2
78
53
72
41
47
51
48
82
 3
21
56
39
99
20
 7
81
53
82
13
89
59
94
49
70
 4
 2
22
38
39
10
56
40
80
57
59
32
72
21
93
 4
99
52
59
36
91
76
79
16
81
68
61
70
86
42
20
44
52
50
56
 2
50
50
52
65
41
27
 8
62
20
 5
52
11
52
83
67
 7
95
98
53
42
39
49
75
15
51
90
30
66
55
41
49
15
36
 7
93
90
94
41
62
68
53
88
50
 7
24
98
 1
66
42
67
64
29
96
90
24
87
30
91
 3
47
60
 4
