5000
78
51
28
 5
10
73
43
33
87
47
58
21
79
88
12
54
15
27
 5
10
61
20
44
82
30
64
95
55
83
18
 5
82
40
14
48
67
54
75
62
 4
52
21
40
51
19
60
 4
21
17
71
73
32
 6
75
39
28
78
71
25
 7
60
67
96
56
95
70
72
43
63
61
95
47
53
21
29
 4
37
41
22
36
67
75
42
21
44
67
73
 5
71
19
 4
95
63
24
 7
45
93
40
24
47
68
13
64
77
19
41
15
91
78
81
95
 1
44
86
43
59
 4
84
54
70
11
81
80
50
82
92
96
38
36
98
43
29
96
28
58
97
24
37
 8
59
79
40
19
97
69
11
28
62
12
28
59
70
41
95
28
32
 6
88
 1
13
66
86
93
74
70
 7
41
91
85
23
39
86
75
85
61
96
11
17
71
83
88
 5
35
31
57
53
38
40
15
35
23
30
79
98
61
97
12
66
49
28
73
72
61
89
98
95
62
50
85
30
70
 6
54
33
 6
62
 1
 9
24
 6
91
63
40
36
13
90
52
55
37
28
86
60
99
19
52
15
79
59
38
95
57
36
43
50
24
41
62
62
56
75
23
92
14
16
99
58
56
78
97
32
60
22
35
27
25
55
 7
46
44
71
68
56
36
79
31
69
11
64
71
11
60
26
94
 3
56
46
24
13
41
36
48
49
93
91
45
52
58
33
45
99
13
39
13
35
77
65
94
54
23
50
69
70
92
89
17
70
88
13
 3
94
48
96
77
62
44
87
38
40
53
63
 8
29
 9
78
99
24
87
57
18
25
70
52
63
90
82
60
93
63
81
87
 1
89
 5
55
80
62
19
69
10
83
12
18
59
19
45
15
27
97
15
75
 9
41
53
37
36
 7
 4
87
47
87
98
50
56
64
83
62
72
72
18
 7
27
58
82
26
83
90
39
80
68
16
57
 7
93
92
74
77
38
36
78
79
24
78
 2
87
75
68
 7
33
93
51
40
78
27
23
60
75
87
99
98
22
66
21
60
89
23
 5
28
58
94
78
74
 7
92
 7
51
 1
38
37
43
36
 5
94
81
73
21
23
86
19
99
34
32
89
37
41
15
27
67
40
10
72
 2
24
10
97
42
82
 1
96
95
94
 7
 4
87
27
34
87
90
85
51
60
70
18
43
48
68
89
58
78
21
92
12
21
28
40
44
40
82
44
 4
90
71
40
57
25
45
12
86
30
88
26
89
70
70
 8
33
68
20
62
76
64
98
90
19
17
12
83
88
80
49
67
12
13
62
66
 7
51
 8
45
27
15
43
40
83
75
96
97
99
31
23
41
99
64
37
96
19
79
67
93
97
26
95
62
67
96
34
44
 7
90
20
56
37
70
50
 9
64
60
64
14
38
28
79
89
10
16
95
12
90
42
75
96
74
44
98
72
17
86
27
32
63
11
52
13
96
30
80
 2
 8
71
10
18
39
57
66
59
30
18
57
65
14
42
94
96
71
57
59
76
98
40
51
72
22
39
97
12
84
39
75
66
37
15
95
 5
91
31
29
83
34
27
22
25
65
29
50
90
81
51
95
84
51
19
89
90
80
65
70
88
71
50
48
38
22
54
 2
 5
81
65
87
80
40
61
16
90
13
62
41
52
51
72
53
47
 7
97
96
99
82
33
 4
10
30
29
82
37
79
13
32
81
91
90
32
54
15
95
84
98
30
10
40
45
70
21
93
44
95
59
99
91
17
49
57
79
28
46
37
67
74
74
12
33
99
42
26
90
73
66
98
21
79
48
89
15
75
62
 6
91
48
94
97
47
19
79
 9
33
28
83
41
16
18
80
88
93
83
67
 2
63
72
68
46
56
26
64
 5
91
51
17
97
39
86
 6
60
31
73
48
61
43
91
33
94
54
66
35
32
31
15
24
67
27
21
55
39
47
29
53
71
88
30
67
96
71
34
 4
29
90
11
38
36
14
77
95
70
42
25
98
33
46
63
75
99
21
72
41
14
65
43
23
48
 8
87
54
57
 9
 7
 9
20
58
 9
93
80
87
40
81
15
18
45
90
 4
74
94
99
51
71
28
98
25
19
25
87
68
29
50
78
53
 3
21
51
17
51
89
18
58
37
33
11
41
 9
25
92
80
87
75
77
41
88
35
61
48
47
21
69
31
23
90
99
80
42
88
70
80
70
26
72
60
70
 3
12
40
25
10
43
18
89
63
 4
65
64
86
19
87
28
81
 5
12
40
24
36
56
47
18
13
37
 3
35
78
97
32
96
22
70
58
91
41
96
19
17
83
87
75
25
25
62
71
50
33
57
18
20
66
19
77
15
38
90
17
81
17
99
99
55
88
66
90
 9
46
17
51
90
27
47
87
39
87
15
21
66
 9
84
76
87
30
31
20
82
12
15
68
77
28
25
83
19
70
30
83
49
72
98
94
34
57
52
45
63
78
12
58
68
94
84
21
88
22
77
 4
21
13
53
95
80
12
48
31
24
34
37
83
43
 1
89
88
95
 5
84
78
77
26
40
92
90
60
19
41
27
99
59
84
25
24
25
22
96
28
65
24
 4
52
37
24
71
65
52
12
22
11
98
 6
14
20
 9
76
65
85
20
12
57
80
 8
60
88
42
19
54
78
92
98
74
86
13
48
21
59
61
77
76
53
25
18
24
47
 7
48
88
21
61
94
90
79
39
69
56
 2
73
94
85
24
84
89
34
 2
11
61
74
82
45
74
26
27
 7
40
19
97
94
13
48
82
86
20
21
39
 9
15
35
52
30
85
92
79
41
 2
85
71
48
42
69
59
31
74
41
79
24
33
57
38
50
75
 5
71
70
45
29
30
85
38
95
24
35
97
35
39
58
22
48
16
38
25
74
57
92
31
36
44
56
39
95
82
 1
34
42
 8
30
91
27
94
21
53
68
94
22
 6
56
40
92
55
73
54
 5
15
44
89
62
20
59
50
89
69
67
93
30
 7
82
 7
92
52
10
18
30
96
19
46
34
61
90
71
59
32
49
99
79
92
17
19
34
38
93
21
23
10
95
83
82
32
79
81
95
91
58
35
82
25
48
50
21
80
46
65
33
 4
96
62
 4
 9
15
50
59
 5
57
82
61
15
86
 8
65
75
21
41
84
47
38
27
13
22
89
78
44
59
26
 2
46
44
69
52
28
86
45
41
48
61
 2
52
19
14
31
70
40
18
31
94
15
26
97
23
11
85
14
 1
74
60
11
 9
93
48
59
73
12
20
97
90
72
70
11
48
23
 7
 3
23
29
67
64
41
51
12
69
95
26
42
23
80
90
19
65
61
27
31
90
28
26
76
48
49
62
18
 9
83
 6
64
61
61
16
50
14
83
68
53
71
68
68
38
53
80
83
44
44
79
60
32
23
15
48
92
58
 9
 7
 9
47
69
14
33
50
31
43
18
 7
19
49
77
 7
 9
 8
38
79
59
49
15
82
30
62
14
46
28
67
79
71
15
54
72
19
12
96
26
98
23
11
40
 2
41
87
79
60
34
72
35
 7
72
97
83
99
28
66
56
91
62
81
20
16
56
14
60
44
16
20
32
17
75
79
11
92
40
85
28
 5
 4
50
37
75
74
44
72
99
38
60
66
19
 6
96
66
 5
65
53
43
81
82
53
11
 3
73
68
45
12
 6
54
61
93
30
87
80
62
12
18
79
72
63
96
68
26
45
31
46
36
28
97
17
24
 9
80
91
36
48
59
82
20
21
15
93
67
67
92
19
73
32
50
69
90
64
81
11
42
62
 7
57
90
72
35
95
99
90
88
80
83
80
87
79
16
66
98
 7
51
19
30
30
58
80
91
81
11
39
85
63
32
38
63
67
36
75
11
18
66
20
80
51
95
94
53
18
31
23
44
56
52
36
27
11
89
93
92
28
77
41
34
18
96
49
42
20
22
60
30
45
23
83
64
51
 5
61
14
99
34
64
 2
70
62
13
65
85
83
11
20
91
16
62
15
89
67
70
98
27
82
97
56
57
96
69
59
97
30
 4
84
50
23
62
30
47
60
95
90
93
85
65
46
27
35
47
76
13
14
69
94
73
38
 5
14
59
54
57
93
83
74
85
44
16
35
87
94
60
 6
72
 8
 1
78
87
53
60
32
84
23
45
40
18
 6
18
92
43
86
75
92
27
 4
69
24
21
25
66
39
 4
75
50
47
82
78
92
76
 7
34
89
85
13
20
66
81
75
11
89
34
27
16
53
45
55
37
91
53
69
24
90
40
76
59
33
13
10
24
79
30
44
90
85
60
15
91
77
 8
 8
 2
86
33
12
 5
62
77
15
49
55
16
38
94
99
76
63
40
95
18
85
27
89
26
24
33
91
 3
21
21
 2
27
69
80
84
50
 3
14
93
94
76
 8
39
54
80
51
30
20
21
25
96
61
86
29
77
78
64
81
22
47
 8
53
83
78
18
57
28
22
51
63
59
31
 5
85
91
90
97
67
37
78
 3
28
66
26
38
28
14
46
78
66
61
 9
98
91
89
36
 3
49
30
78
55
35
96
56
64
69
37
35
37
73
97
92
60
74
 6
81
13
86
94
13
79
27
66
91
66
95
10
 8
75
88
82
26
61
66
59
76
16
49
68
81
93
63
12
41
39
96
91
77
29
23
40
 4
76
10
71
78
28
88
55
40
77
11
45
61
60
58
28
31
17
31
50
 9
 8
86
 1
31
84
37
69
52
51
15
87
71
75
74
73
41
47
51
56
 6
56
64
49
61
90
66
 2
92
20
28
22
77
68
53
10
 9
36
50
57
26
92
 1
 1
 9
77
88
47
35
37
23
69
21
47
 8
98
90
40
11
 5
70
77
59
91
35
 9
36
 2
53
33
96
44
 4
14
79
60
43
84
28
39
95
56
 4
68
30
89
 6
68
95
39
67
78
 5
38
57
42
13
13
61
65
77
 8
46
91
74
18
 4
73
30
90
76
66
49
 9
52
54
13
13
34
 9
 9
68
70
91
74
45
63
25
26
 9
19
 9
29
94
81
35
14
61
91
64
65
89
32
17
 4
48
88
45
85
50
79
38
45
55
19
31
89
40
27
66
73
71
58
63
91
21
90
78
80
40
20
85
78
72
99
53
48
72
87
83
97
27
34
46
 8
70
66
 7
96
63
 6
61
40
25
83
81
81
10
73
 1
15
 4
22
 5
29
26
91
 7
60
28
87
33
33
67
 4
99
78
37
27
51
73
48
71
81
95
38
64
40
47
87
38
48
46
46
90
17
18
33
30
83
 2
 8
85
78
 9
90
 1
31
28
21
75
17
36
29
 1
65
90
26
25
33
76
69
 4
46
84
 6
82
35
73
74
51
60
17
52
38
29
77
16
47
49
11
35
44
78
32
33
80
27
63
53
53
78
88
73
96
84
27
71
 7
96
62
29
95
83
34
47
59
13
27
57
76
31
63
42
25
35
45
86
 9
49
37
29
90
19
38
11
54
30
52
77
39
60
85
69
16
76
69
25
23
80
78
27
29
29
10
48
71
 5
93
15
90
89
15
11
45
15
12
92
21
19
27
 4
10
 4
76
70
70
29
20
66
63
 8
86
29
56
66
56
 8
93
29
27
35
43
76
88
 3
78
52
33
25
54
59
98
79
 9
31
 6
96
32
 5
67
 1
74
86
43
72
18
36
92
24
64
72
32
65
89
10
34
54
13
34
60
11
18
31
 1
78
87
65
73
15
78
43
81
 1
10
36
70
58
83
 6
95
45
11
16
30
17
64
61
 8
63
31
91
83
51
85
88
52
25
55
53
21
85
 1
50
10
86
79
93
28
84
32
14
26
63
23
70
75
 4
13
73
57
75
76
70
30
43
44
54
53
84
82
62
18
70
94
 5
90
27
56
20
10
45
51
69
28
24
52
61
57
31
87
63
 7
79
49
46
59
79
81
27
92
73
95
80
71
22
70
59
44
37
71
98
42
36
39
55
28
15
 5
41
98
 4
49
19
69
16
10
11
67
52
 3
71
39
55
83
20
23
94
44
37
72
77
15
34
87
44
 4
25
40
70
46
81
58
20
72
99
43
68
79
78
80
49
19
31
49
38
93
15
46
39
43
34
67
57
34
50
42
57
59
 6
64
75
 7
76
31
83
37
36
 9
70
34
87
65
53
53
14
61
79
33
21
52
99
 2
16
99
32
41
97
37
57
33
93
78
60
72
43
38
83
33
31
30
99
15
96
18
49
32
 6
 1
81
66
13
83
20
66
25
29
 3
 2
45
36
24
61
59
52
97
85
18
44
15
61
60
58
80
19
86
70
13
99
61
76
92
19
90
20
40
92
69
95
20
46
85
40
35
84
44
33
14
55
61
45
65
31
72
27
88
 6
61
89
21
 2
10
78
11
78
76
74
96
41
32
27
78
58
31
81
63
61
62
58
77
44
54
68
19
61
82
55
41
88
44
77
44
98
48
86
81
84
11
91
26
89
69
33
23
87
18
30
79
52
95
45
 8
76
 2
80
60
79
84
44
 4
47
81
68
52
57
49
61
92
44
59
53
55
18
 7
10
40
38
 6
85
52
29
 5
 1
66
35
29
80
67
23
39
83
92
13
43
31
12
55
55
49
82
18
 9
78
15
20
44
36
69
77
70
88
44
76
19
 9
64
62
82
98
17
39
81
44
64
85
18
72
84
80
81
78
36
30
65
13
28
95
50
76
92
27
15
 8
19
84
35
44
60
60
32
 3
79
83
18
82
28
15
20
27
31
28
15
65
82
60
62
45
17
57
67
78
40
72
63
49
32
54
30
64
59
90
69
96
28
23
27
36
37
18
81
71
 6
 3
13
10
 2
51
49
91
97
25
12
73
91
56
58
53
39
95
46
 9
12
73
 7
15
28
31
58
33
91
65
58
11
64
21
 7
92
18
 3
 1
 6
87
27
66
80
67
82
68
94
92
27
 1
 5
16
88
77
29
43
94
33
82
39
91
30
86
56
 6
99
84
 3
74
13
75
97
 3
91
 1
42
12
82
81
42
79
81
60
17
77
41
43
33
 4
47
75
73
86
95
75
29
90
65
34
75
84
 3
25
37
 4
16
19
30
66
10
56
30
89
50
70
 8
36
74
96
55
63
64
91
38
 3
74
87
27
19
50
81
 1
14
11
 7
12
82
41
 5
98
28
84
98
 2
 6
37
14
27
25
78
63
64
86
23
93
20
50
14
68
88
43
72
44
90
97
97
15
25
11
42
14
58
35
60
19
96
84
48
55
60
59
75
49
12
94
32
27
53
97
76
95
55
25
22
30
 6
34
47
73
74
62
62
85
67
87
12
62
49
92
56
39
39
19
 9
99
44
19
73
22
22
76
50
84
58
34
58
27
51
80
63
41
57
25
19
41
32
45
40
13
93
 6
12
 1
45
38
47
90
 8
99
 1
96
52
73
43
80
32
54
18
11
80
53
75
13
68
93
 4
89
 4
27
63
82
58
 9
34
52
 5
13
75
32
43
85
38
48
21
39
87
67
 3
70
 6
39
92
25
29
17
94
71
74
22
82
 9
24
22
72
96
12
97
88
97
 6
70
88
39
82
62
51
77
36
61
95
86
98
53
35
33
97
16
25
72
66
17
13
28
84
15
58
72
13
20
20
 9
67
84
80
27
 3
 8
12
58
62
13
34
 9
45
82
 3
71
74
 6
43
22
82
32
88
80
32
78
36
51
69
88
63
19
17
89
51
28
41
37
19
 6
64
 9
38
54
69
37
33
91
71
19
31
52
 1
14
49
26
73
66
24
54
88
59
35
60
27
34
30
29
 8
85
37
 7
59
67
22
53
61
13
17
10
26
22
64
 5
69
92
81
75
40
65
37
13
50
67
94
28
96
 1
43
27
89
77
74
 5
89
42
96
39
87
90
86
95
96
13
17
31
 8
79
19
 5
79
95
85
69
 6
37
50
71
45
 8
12
29
40
18
87
 6
14
24
75
60
83
34
22
79
63
29
62
93
10
76
43
48
67
14
76
74
77
73
54
 2
13
 6
57
49
89
97
82
71
19
33
63
71
59
93
53
56
29
37
68
60
39
64
77
98
97
11
18
88
58
70
13
91
63
81
94
14
38
90
 8
27
11
29
63
37
94
 2
54
74
16
41
98
12
31
 9
 1
10
87
10
 9
80
17
 1
69
71
80
54
40
56
56
56
63
52
15
 2
76
32
41
76
48
43
71
78
17
37
92
62
30
92
76
68
48
30
90
26
23
27
71
80
 3
21
89
38
91
90
83
76
98
39
25
20
 2
31
63
23
80
36
 6
61
36
20
24
82
33
26
89
90
12
12
66
49
88
61
52
65
84
44
87
16
25
51
42
18
31
68
78
77
47
14
22
25
32
20
13
76
54
63
96
22
28
30
13
82
 4
38
33
49
79
71
19
14
46
71
59
42
98
42
32
86
67
89
62
58
78
85
48
15
 4
50
64
33
 7
52
85
41
48
25
89
85
63
93
94
97
50
12
17
48
14
99
54
22
91
88
25
50
86
64
54
93
64
 4
21
24
28
 3
78
15
20
 2
55
55
65
89
51
34
20
92
27
73
33
47
 1
96
67
48
76
72
10
67
81
41
22
50
62
73
26
69
 6
30
15
61
33
26
66
97
48
18
40
44
72
45
59
50
49
51
35
13
54
83
52
61
99
25
54
23
58
49
73
98
 7
51
24
 1
95
46
91
16
65
82
86
 6
11
69
41
37
99
66
37
36
71
27
59
75
98
44
39
68
51
 1
95
93
41
70
35
32
92
49
14
 3
 7
93
35
29
67
39
77
88
71
55
10
84
10
27
31
94
93
31
51
38
53
65
62
20
91
20
33
71
42
55
51
72
96
54
58
69
42
33
10
52
 7
62
87
29
24
95
 8
67
21
54
60
97
49
60
90
 2
60
62
 3
48
35
65
71
 5
81
98
26
96
 7
11
30
28
71
70
99
54
42
27
80
98
36
17
32
19
97
88
43
21
72
95
21
99
33
68
86
32
29
95
 2
88
 4
20
73
82
51
95
74
51
60
 1
85
53
21
56
34
83
29
41
32
21
78
55
66
74
71
36
58
51
31
50
50
30
47
88
28
34
53
87
37
22
50
81
 6
56
74
42
25
82
39
86
15
 3
44
 8
 9
27
56
23
91
16
98
 2
30
18
26
33
22
68
11
30
 9
77
55
16
71
90
20
81
64
18
 6
85
95
29
60
53
20
22
65
70
40
39
66
20
98
58
97
52
34
24
73
44
 8
39
87
38
61
 2
 5
14
 7
98
71
76
27
20
43
29
65
35
49
 4
 7
94
89
16
 8
65
92
29
90
 2
15
80
48
33
35
64
97
91
93
14
 4
44
52
87
 5
55
25
 6
10
52
30
31
37
15
47
28
11
64
13
31
60
60
33
29
42
 2
53
96
52
21
75
89
 4
85
37
26
77
73
63
87
13
66
99
45
28
90
37
33
51
87
33
11
63
20
43
12
99
92
74
21
44
14
61
84
53
58
86
86
35
76
37
16
32
78
28
26
18
74
83
43
76
78
99
 4
66
59
85
83
26
62
98
 6
36
47
83
76
93
11
32
49
17
19
45
61
22
 5
48
34
95
76
27
 2
24
88
32
32
80
18
22
36
23
79
99
 7
39
65
96
76
66
 1
78
76
10
21
12
33
33
63
71
18
95
65
34
86
34
80
18
 2
64
89
36
94
91
20
22
61
15
64
76
32
 4
94
99
15
44
58
80
73
13
88
80
 8
 3
71
92
13
41
26
19
99
26
32
32
18
27
70
85
94
66
 6
22
23
42
66
45
98
 2
66
17
59
 8
19
26
18
43
84
12
29
75
 3
69
 2
17
61
38
 1
22
25
76
14
45
 8
52
64
12
 3
35
41
 8
43
10
 3
58
 5
35
50
93
50
21
16
66
 5
76
67
38
55
 1
71
68
88
59
10
53
47
10
 6
37
99
59
44
36
42
68
47
 3
 7
 4
85
74
77
73
88
39
27
16
37
35
44
94
91
51
76
63
60
33
60
58
31
43
58
81
92
 7
77
25
74
77
91
 1
96
58
33
45
 2
15
80
36
39
 2
25
 9
59
56
11
93
25
80
45
83
58
51
91
38
56
85
24
32
96
14
39
66
33
60
41
31
37
14
83
61
83
79
51
59
 7
62
24
29
49
33
56
91
40
76
25
35
89
89
14
67
65
42
36
15
33
42
90
50
18
53
61
81
68
55
35
83
97
49
59
17
62
79
10
13
62
36
89
51
28
76
41
25
61
86
79
28
20
16
23
44
94
41
52
62
72
62
49
37
33
89
68
78
79
51
79
99
48
39
25
38
95
56
56
27
 1
71
75
65
96
38
46
72
58
91
 2
42
61
82
25
 2
48
56
12
 4
96
29
 1
23
52
94
83
19
98
81
71
12
38
17
39
52
56
11
21
21
31
10
65
28
83
44
53
80
11
16
59
58
97
41
65
80
63
 8
25
85
29
55
56
45
59
39
96
91
72
86
70
95
69
98
 8
 1
72
23
83
95
25
34
91
79
50
60
28
85
 8
78
19
 9
62
24
42
11
82
51
81
53
 4
61
78
24
65
58
 4
13
46
38
28
94
28
74
95
73
 4
10
97
80
44
 8
44
24
57
85
18
15
65
64
37
80
95
81
84
56
46
87
36
89
 6
61
53
42
92
94
72
20
95
54
49
24
63
90
88
41
60
79
32
85
94
85
18
89
74
38
93
62
69
78
98
26
39
 6
89
31
25
49
28
71
45
11
11
97
96
19
50
44
97
95
93
75
95
18
84
69
52
66
63
37
32
23
93
89
15
35
24
70
65
91
81
51
57
41
74
 8
 3
83
36
85
82
70
68
54
26
64
11
79
27
54
14
95
62
 9
31
23
91
56
 3
94
89
72
56
54
20
51
87
80
78
67
63
92
16
86
84
19
77
23
75
49
78
33
25
74
24
20
34
34
 6
29
35
58
 7
36
90
47
 8
98
62
62
56
56
55
61
74
72
30
83
77
85
72
82
73
81
35
33
15
38
32
 9
82
54
84
39
60
28
30
72
78
85
64
24
99
31
50
63
29
 5
47
85
86
46
98
55
59
26
42
53
65
42
65
 3
32
82
77
35
29
85
27
36
71
60
23
58
 8
64
90
38
26
 8
43
87
 1
92
64
14
73
36
 5
36
46
 7
82
44
45
10
99
68
27
49
48
25
15
20
24
78
15
34
31
 1
 5
52
81
69
49
12
89
76
32
34
37
 9
54
 6
43
29
98
79
92
79
98
50
65
91
20
 5
14
20
89
10
33
34
81
52
86
33
96
84
 1
35
38
86
18
15
26
 6
13
33
55
83
62
36
28
21
61
63
81
 7
99
39
34
57
72
97
59
74
42
 8
41
89
36
52
79
 4
81
24
32
74
72
94
59
58
69
22
29
86
29
40
77
62
46
18
84
43
30
20
30
29
89
38
16
 4
43
61
28
49
23
28
76
73
 6
32
43
87
39
46
52
74
70
89
73
54
77
55
12
27
95
99
61
72
32
94
89
 1
76
68
39
27
96
36
96
61
11
32
20
 4
50
38
81
 4
94
55
17
14
77
75
24
67
71
13
13
12
29
68
63
49
 4
53
54
92
15
85
66
98
91
51
88
83
44
50
38
93
23
52
41
17
89
24
59
19
67
 3
27
95
 3
70
71
17
97
65
97
46
53
30
91
35
63
21
34
54
23
58
73
59
85
64
62
88
18
65
92
34
 3
84
27
