300
48
43
68
94
73
15
42
88
70
95
49
48
74
58
59
34
48
34
 3
35
15
16
37
26
77
69
 1
21
48
61
22
 2
25
85
33
 8
53
90
49
25
 5
14
89
82
 4
 4
64
 4
42
37
35
92
20
35
49
36
26
42
72
66
24
21
19
97
44
96
86
67
59
 3
18
74
13
77
81
89
21
60
97
 8
88
24
 4
88
60
98
84
12
70
38
53
50
78
58
32
 1
86
19
81
91
 7
69
63
65
73
30
71
 9
82
38
 3
85
39
13
24
60
 2
81
91
80
11
30
 1
79
65
88
89
93
75
51
90
33
13
21
69
19
11
74
27
15
40
57
95
65
91
83
27
76
 9
69
92
50
93
49
92
96
37
35
95
43
83
53
10
81
90
96
95
35
95
72
36
17
44
46
65
55
90
78
72
43
40
53
82
15
14
87
28
75
39
32
25
 3
29
45
57
57
47
46
71
 1
44
45
 9
57
36
43
72
49
30
92
38
99
54
37
26
53
14
96
27
28
16
23
24
 9
77
 4
72
18
88
26
97
82
23
74
77
15
62
96
48
27
46
87
25
19
 6
36
61
26
80
87
36
98
 7
59
10
80
40
69
17
54
19
 4
49
38
44
 1
98
 1
61
62
97
52
28
78
55
 8
44
67
96
80
50
29
19
66
53
 3
72
26
78
37
73
89
34
54
70
 6
63
21
45
59
