500
45
57
47
78
90
53
67
82
42
68
39
25
78
28
46
45
83
51
92
11
62
18
71
45
76
20
43
47
48
79
31
30
41
42
37
12
78
52
10
49
23
80
44
80
41
31
51
53
 4
98
78
97
57
89
18
36
78
95
91
78
72
24
31
 3
36
71
59
54
20
49
92
84
26
43
52
51
81
24
16
93
 6
84
 3
16
31
18
17
98
80
16
44
57
68
12
16
61
30
22
54
55
38
40
 8
90
22
13
73
84
37
66
37
46
11
17
17
79
 8
 3
46
74
31
19
72
45
24
57
21
82
70
32
87
 2
59
27
18
51
32
 4
39
58
44
27
83
83
89
60
95
41
10
52
53
93
25
97
69
40
23
83
50
29
48
97
44
 8
 4
25
59
35
24
89
 3
88
36
83
95
55
59
43
38
85
57
85
60
64
98
 6
50
73
46
24
80
44
 5
74
32
28
89
56
37
98
11
 4
40
23
41
25
86
 2
80
49
59
35
65
29
60
83
44
56
50
10
71
21
60
57
26
78
79
48
30
51
32
76
53
39
48
43
85
46
42
43
64
24
 2
40
46
19
19
32
93
21
27
50
71
25
10
82
44
82
38
91
35
54
94
93
60
47
46
68
91
55
15
84
68
73
27
89
11
 3
72
75
27
30
63
30
19
97
21
19
41
23
81
12
16
14
47
55
84
39
75
49
79
66
37
16
97
57
19
 9
64
34
29
61
74
78
58
16
82
10
58
48
44
90
 4
99
75
90
84
54
29
85
98
73
65
 5
 5
16
99
 3
83
54
10
79
68
22
10
13
37
14
27
40
57
38
27
39
23
80
15
54
72
64
42
17
 2
60
64
 5
94
39
73
90
47
15
50
13
46
77
54
45
46
60
14
78
28
39
 9
81
77
11
34
82
49
46
18
23
89
65
85
12
46
33
64
61
62
20
79
16
83
29
78
43
52
26
 2
22
47
86
61
88
27
84
29
65
27
44
98
52
92
77
36
76
78
23
61
18
99
28
94
83
78
62
95
36
45
20
48
79
68
 2
95
90
55
31
91
 2
86
87
74
12
60
18
22
62
76
21
 5
20
51
33
83
18
96
49
68
12
36
80
 5
67
15
88
75
78
66
11
11
94
81
87
79
70
64
49
42
41
99
25
78
87
34
66
