1000
20
35
 2
71
73
94
38
97
63
21
61
31
19
98
61
30
34
89
67
 2
50
26
67
87
91
38
12
75
21
29
52
32
 8
 6
83
20
90
34
27
75
21
30
41
 1
67
 6
11
78
74
18
52
35
41
59
32
69
39
72
29
83
 3
86
 6
10
32
58
59
87
49
47
97
88
16
85
 9
29
85
72
79
66
85
56
24
41
98
30
73
42
45
25
13
53
34
99
76
73
75
17
22
67
47
16
81
21
79
67
 1
78
56
21
82
33
25
13
38
32
67
75
58
80
66
 4
 8
14
96
95
63
 7
67
68
89
86
78
30
84
36
90
15
74
47
63
79
 2
 5
93
52
72
49
91
41
27
42
 5
74
87
32
72
 8
35
73
84
60
97
 5
37
91
77
83
75
24
14
68
83
88
92
87
45
 2
26
73
11
81
88
67
10
67
41
 5
38
82
34
27
50
94
 8
18
10
 9
11
99
 5
53
18
 9
92
96
82
74
73
45
18
17
62
60
28
82
77
69
84
67
66
71
71
99
33
38
99
57
80
99
 2
99
 1
21
14
68
64
64
72
44
22
26
93
25
81
50
99
 1
49
26
51
88
28
40
36
12
51
14
79
86
34
92
41
89
28
99
48
81
65
58
31
56
83
48
15
80
96
36
29
15
16
43
 2
69
89
60
82
66
70
 5
70
 3
49
25
90
55
98
28
89
20
61
55
 4
57
93
74
70
97
36
 9
15
 6
13
86
12
47
18
13
40
52
99
53
23
41
 2
44
86
68
75
99
27
86
18
43
 4
77
37
27
66
29
25
70
29
37
26
81
85
92
73
90
10
42
96
62
 3
67
63
 6
34
84
64
69
72
20
92
18
19
32
45
88
34
57
83
31
11
55
84
11
44
14
13
93
65
92
65
91
 3
84
 5
76
12
46
17
50
61
93
42
83
 7
20
95
98
26
 3
32
12
76
95
64
18
34
48
91
33
50
44
59
64
36
28
94
30
70
75
36
16
49
14
19
56
98
24
13
58
15
17
83
41
13
73
91
 6
21
71
62
27
81
24
75
57
36
67
93
52
29
83
69
97
15
23
75
60
96
12
68
28
97
89
51
59
77
90
35
36
94
90
73
 5
46
40
59
12
61
 9
63
35
85
62
11
87
56
96
58
28
75
36
83
24
89
41
43
14
97
32
15
31
64
52
68
 5
 7
86
 2
28
89
90
60
82
 3
90
 2
38
94
45
11
 5
81
32
21
28
34
29
65
63
76
69
94
71
64
29
93
76
93
44
43
60
20
87
40
 8
20
31
29
60
75
13
73
40
32
22
93
77
89
43
22
75
88
55
85
95
48
38
85
73
11
75
67
30
76
 7
52
30
45
30
29
21
62
78
84
96
16
12
62
67
40
10
 9
25
79
31
47
 7
90
23
82
63
35
26
11
13
 5
91
46
84
59
17
83
51
43
57
79
46
98
88
31
56
91
87
26
98
63
16
83
60
92
63
15
24
14
30
51
43
67
17
65
 9
18
 9
21
39
27
95
89
68
10
28
53
60
70
70
65
92
33
22
47
76
72
75
14
37
66
 2
13
20
54
94
52
54
44
 7
19
33
44
76
42
53
57
89
30
54
24
87
16
10
47
38
38
32
72
10
 7
99
84
43
71
95
75
72
46
78
36
92
95
42
47
16
62
 1
17
13
 7
72
27
99
66
66
40
41
 2
65
56
48
17
14
31
37
46
86
62
26
79
52
61
35
25
30
14
64
73
19
40
28
78
 9
67
 6
99
82
15
93
31
71
 8
10
65
95
41
56
 6
64
67
73
88
53
62
89
21
25
37
 8
93
24
47
45
84
18
63
37
96
94
49
38
66
 8
38
46
68
65
24
52
62
63
68
61
99
68
49
89
47
11
36
65
41
46
31
60
13
12
48
58
35
43
92
 6
92
87
74
46
42
55
56
63
76
76
61
73
40
94
 8
59
13
35
52
93
25
21
55
53
96
63
83
71
89
80
63
10
44
86
67
28
95
 6
88
12
57
56
64
26
33
38
95
 4
76
99
47
77
56
93
58
89
19
 5
47
 9
31
66
55
50
 2
39
91
51
39
70
45
 4
58
13
20
71
96
14
39
14
41
68
 6
42
43
21
48
18
 7
25
43
40
28
71
32
 7
91
38
40
 3
76
 7
20
32
82
16
91
96
49
50
38
64
57
66
32
43
87
66
 7
71
34
75
92
70
45
75
28
46
89
35
33
 8
 9
86
79
71
75
97
62
21
 4
76
67
15
23
73
55
73
89
 5
83
67
24
66
43
35
45
67
54
23
15
44
 6
26
35
86
63
81
35
47
41
99
70
39
66
 7
