1500
 4
88
86
95
33
64
86
84
95
67
32
69
76
24
69
25
58
91
61
87
96
64
77
38
43
52
48
59
68
48
43
52
90
67
37
68
83
79
15
36
54
95
81
62
70
44
35
60
20
98
63
92
97
86
11
98
95
39
 6
71
74
25
61
64
16
10
67
88
27
 2
66
87
 2
10
36
45
76
80
90
20
38
51
90
43
87
66
 3
94
16
 7
73
94
20
74
81
 4
76
91
27
86
55
35
 3
30
32
88
37
68
23
26
25
 5
85
 3
54
84
 5
62
49
 9
26
61
 5
44
29
99
78
11
22
47
84
23
52
92
57
40
95
67
50
13
33
87
 4
97
84
67
86
96
84
44
20
12
95
71
76
69
25
 6
 3
15
47
70
35
96
 4
98
35
78
82
44
58
98
26
76
61
70
99
19
41
94
59
89
54
54
41
61
82
59
27
13
76
26
87
16
91
37
89
86
12
91
33
75
72
78
21
14
 4
75
46
91
90
26
58
85
66
74
26
18
41
32
50
47
90
41
36
94
91
11
88
96
36
 7
35
75
19
38
32
35
12
51
84
77
35
74
 7
30
40
95
58
84
94
41
 7
46
12
39
24
80
92
19
74
83
30
40
20
18
51
98
70
78
36
21
24
27
93
57
29
29
31
21
97
67
 4
74
 9
54
75
85
32
 5
74
95
19
 5
83
87
69
38
41
18
43
97
98
88
15
53
 7
26
43
97
68
42
46
29
54
57
60
28
92
31
89
57
40
10
90
32
60
33
11
28
82
83
56
50
94
48
63
28
38
66
68
60
52
36
54
93
50
44
66
33
40
 6
71
90
13
63
52
45
99
44
17
42
95
21
11
 8
90
74
16
78
70
99
15
52
54
58
21
40
20
28
26
43
73
29
99
13
39
94
68
34
 7
71
10
90
17
89
 6
47
23
27
66
94
12
80
95
16
18
54
89
15
13
34
37
42
15
 4
41
92
85
77
96
94
62
49
58
46
 7
80
37
58
 5
51
59
27
91
96
18
 8
59
52
50
16
 3
24
92
22
62
15
13
60
42
17
93
36
17
99
74
40
48
24
96
37
17
74
82
83
60
73
84
86
65
62
45
 6
79
91
85
84
83
34
76
 3
21
53
12
76
95
26
22
62
47
79
75
93
13
10
70
29
88
68
96
26
96
83
54
 4
60
65
 2
42
19
17
41
66
54
61
99
42
93
19
 9
60
26
44
57
41
19
56
 7
94
71
75
53
 7
84
96
13
87
82
10
26
17
77
 2
64
59
97
53
 5
66
76
49
90
46
37
49
27
 6
33
92
23
63
27
18
48
19
30
65
98
97
 6
23
41
38
45
14
48
46
28
69
69
97
86
75
68
86
48
59
62
25
25
88
92
80
89
60
74
64
10
42
37
31
 9
35
25
46
76
61
41
53
44
90
35
90
31
40
92
 9
51
72
43
40
35
92
41
54
21
95
20
50
72
58
 2
46
96
15
51
89
 1
37
42
66
68
30
36
 6
95
69
58
 1
61
24
41
 8
78
40
37
47
 3
54
67
96
33
34
12
58
92
62
94
28
15
18
94
26
41
32
10
20
34
73
 9
 9
11
82
28
90
38
50
98
83
39
 2
 4
31
85
70
32
45
43
14
23
29
91
65
87
40
28
79
83
15
71
47
34
38
61
49
69
59
72
28
89
45
54
36
 5
90
91
58
76
40
19
37
 1
68
73
25
59
67
15
89
87
83
10
71
70
56
89
61
31
97
13
59
21
76
95
89
49
24
84
65
 6
41
 7
38
93
35
75
27
94
34
10
 9
45
26
16
 9
 1
84
97
91
75
97
54
17
48
78
34
29
 7
84
72
51
27
99
22
53
59
24
84
87
24
18
45
26
78
54
35
 9
55
 9
 9
43
57
58
75
60
79
13
59
58
49
40
32
53
92
31
96
57
54
40
59
 4
25
63
70
58
 4
87
79
 2
13
72
67
57
35
90
18
27
63
99
84
12
44
65
14
97
 4
 8
86
56
32
99
29
60
23
68
60
57
38
56
35
 7
96
77
41
 8
58
14
97
45
99
19
44
60
53
44
39
94
 9
63
71
93
43
25
97
24
90
93
11
13
93
98
61
24
77
85
18
 5
76
57
 5
24
33
12
95
10
38
69
 5
35
 1
87
50
42
36
51
39
46
45
58
39
47
77
65
86
40
72
19
 9
90
34
58
98
56
56
74
17
98
54
46
72
98
22
32
43
15
53
21
99
66
51
40
85
15
96
12
13
24
48
59
46
43
75
66
12
23
 7
66
10
 1
58
85
81
49
60
 8
95
55
34
87
96
 2
24
78
11
 8
54
 6
14
30
16
45
85
73
40
37
48
86
71
 6
94
22
99
10
42
29
51
84
71
43
21
10
22
60
21
69
97
50
47
24
35
98
31
76
 1
27
62
36
81
93
83
68
17
 8
27
50
34
72
76
92
58
91
43
61
35
30
48
69
53
 4
75
53
92
53
 3
14
92
87
75
41
62
77
21
91
43
33
84
48
12
94
64
19
64
48
36
22
70
86
60
95
 3
60
31
87
77
98
81
73
78
67
10
35
11
52
12
70
60
10
15
51
99
94
89
13
22
94
26
80
33
87
54
22
95
49
 2
32
49
29
67
34
 3
17
93
15
15
20
29
59
78
83
55
21
94
56
77
80
83
48
39
37
 2
74
78
83
 3
34
76
99
42
21
 6
33
26
20
49
82
41
64
91
73
28
33
42
25
66
48
94
90
23
60
97
 2
25
76
28
76
17
 9
39
16
59
34
87
64
38
94
96
52
24
56
67
87
66
73
 8
42
55
25
59
66
38
17
20
88
25
 3
41
50
52
 8
71
12
77
14
55
88
42
91
53
46
69
49
71
33
64
52
80
59
72
22
34
96
47
35
24
28
92
52
 6
22
45
95
49
31
47
89
95
17
71
 1
36
95
57
80
62
 5
23
54
87
74
 5
61
28
23
90
70
19
56
93
 2
58
61
54
72
47
24
86
75
40
25
74
41
54
44
38
72
50
52
59
96
51
91
 7
49
98
52
28
13
17
19
66
19
75
99
59
73
36
52
89
69
70
47
26
70
15
41
35
32
86
86
15
30
90
29
 8
76
51
48
46
81
24
71
18
51
88
30
63
66
86
85
19
54
12
76
19
77
26
46
41
51
77
80
54
41
23
10
 7
17
33
32
52
37
44
78
28
32
72
 2
88
55
62
 4
12
96
42
67
73
85
85
30
26
 4
66
63
59
49
63
68
75
31
46
85
69
70
76
14
51
79
48
25
82
78
24
95
74
48
78
29
25
54
94
70
26
52
51
24
39
11
20
49
59
60
31
53
51
 6
18
62
11
94
83
67
12
 7
33
60
88
45
91
34
35
78
49
57
50
39
72
12
22
14
 1
 7
72
35
80
35
68
 5
63
17
 3
65
94
58
65
47
44
 5
 6
 7
94
14
87
82
41
85
83
92
20
34
56
82
10
99
 4
66
33
91
13
63
