2000
80
13
31
41
55
11
18
31
67
48
42
66
54
25
30
70
27
46
 6
69
14
16
17
93
84
30
47
50
84
78
73
98
18
58
42
55
18
81
 7
24
30
87
98
17
44
53
74
47
19
86
31
37
24
19
95
53
27
79
20
 5
93
56
57
 7
77
32
62
50
 1
 4
 5
83
 1
72
 7
41
22
 3
24
30
51
50
69
11
68
65
 2
67
 5
32
58
30
86
 1
90
22
52
38
58
 8
33
63
40
 5
68
 9
24
40
52
43
32
23
84
21
50
88
27
90
97
24
30
25
32
94
28
88
15
92
78
39
16
44
43
49
10
69
72
62
32
53
 2
56
31
11
32
39
18
 3
75
44
16
93
63
51
31
 4
80
 8
45
49
43
56
43
 9
56
65
85
39
93
56
30
50
30
36
21
68
50
 8
43
20
87
80
64
32
11
65
65
95
 6
55
68
 5
73
73
69
87
91
21
 9
63
63
76
42
36
97
82
73
52
45
87
16
44
33
66
22
79
28
82
72
42
59
34
41
57
50
30
47
96
69
37
93
73
57
65
13
52
57
 5
34
 3
66
 2
48
10
79
75
37
62
14
75
 6
52
94
60
98
92
97
26
51
92
 4
42
25
86
 2
24
 9
71
61
23
18
46
12
27
78
88
86
94
32
88
16
73
43
66
62
58
39
78
86
22
76
61
 7
76
63
 5
67
18
20
 5
58
65
14
92
30
 5
60
83
19
15
 2
52
29
72
85
60
 8
61
38
65
36
37
41
26
88
89
37
14
70
65
56
93
94
70
83
35
10
33
72
36
33
39
11
30
94
21
54
44
75
12
42
90
12
49
83
40
53
37
47
83
76
49
49
16
13
87
59
55
92
70
18
18
80
82
96
85
 2
31
92
64
 9
64
70
75
28
97
66
97
 4
87
68
68
98
 9
54
83
50
70
43
12
61
35
15
39
15
64
70
65
83
72
65
98
43
77
10
24
40
78
72
23
41
16
45
 6
92
44
48
43
46
87
11
56
50
 3
12
40
84
19
11
99
23
72
59
60
14
24
25
28
56
48
 7
75
59
11
94
22
65
14
28
75
31
15
11
18
39
 9
72
97
32
83
73
 5
49
22
85
96
52
84
48
59
31
22
97
48
53
64
 8
22
69
36
13
94
37
37
64
14
55
51
85
24
99
 9
82
80
36
67
73
91
86
47
84
75
62
77
92
70
12
83
43
98
 4
88
47
49
87
48
60
45
69
84
60
64
27
55
34
 9
 9
19
76
60
43
14
13
22
97
48
61
 4
24
80
35
29
13
10
93
27
10
52
64
95
 4
23
29
98
50
91
98
61
35
39
67
54
42
91
80
25
29
28
98
48
70
80
88
73
90
93
36
41
23
63
 9
35
24
39
44
40
99
94
16
89
31
58
46
58
 5
97
12
95
98
71
18
31
35
16
78
76
78
98
84
47
45
 4
 5
17
46
67
83
38
 5
53
97
30
61
58
28
94
45
60
96
30
93
88
56
21
93
28
55
67
59
38
67
31
89
 5
27
79
29
99
42
75
91
63
30
 6
34
86
54
14
77
17
 2
10
48
55
71
17
21
69
38
60
69
86
36
14
67
 8
29
46
82
89
40
70
83
32
68
23
 8
47
89
 6
11
12
62
96
43
 2
44
54
90
 1
20
53
88
80
62
52
88
65
33
22
58
47
19
73
 1
73
41
69
85
 2
14
93
51
 2
88
40
 7
19
75
 2
67
90
65
30
44
10
44
35
56
35
33
99
60
42
40
71
60
15
48
23
18
75
36
35
 2
51
61
75
15
55
90
61
18
21
 9
56
 9
29
94
88
72
88
96
54
34
 5
90
84
73
87
61
42
 2
50
82
19
64
34
31
20
86
24
34
72
 4
79
59
83
 5
51
55
68
36
 4
61
44
78
27
75
67
54
38
25
68
82
67
 4
75
35
34
23
74
92
91
73
 6
84
66
95
49
99
45
85
69
43
69
37
16
32
54
24
 9
 6
18
55
32
52
28
70
61
 9
44
34
26
48
88
99
68
16
86
71
70
 9
44
68
20
86
81
 7
97
85
97
86
34
35
89
38
45
47
93
76
73
75
66
32
46
16
 1
23
 2
49
59
 8
54
92
37
 9
82
53
48
23
 2
75
23
35
99
43
27
35
 3
54
82
37
39
22
15
56
89
 4
76
77
80
36
11
 3
87
61
74
32
50
33
86
14
26
83
57
65
99
26
 8
74
86
 4
75
89
22
34
 7
19
97
69
23
17
13
21
76
21
45
68
64
85
55
 6
22
75
52
38
87
90
58
79
26
62
64
75
11
93
23
94
74
 3
90
15
 5
20
44
48
 3
 3
84
17
73
40
63
53
88
77
47
17
58
51
38
95
79
72
80
93
85
30
69
79
57
65
79
90
48
84
53
57
43
59
46
54
34
88
73
51
32
62
60
44
76
 6
35
63
78
52
75
33
57
 1
32
65
 6
32
56
93
38
31
52
84
60
72
57
79
29
44
19
74
 5
43
26
89
 5
37
77
67
42
20
62
11
44
30
10
25
76
 3
98
65
18
 4
86
66
31
98
29
34
 8
41
69
92
72
 3
66
69
67
48
32
89
95
67
48
94
21
65
38
26
40
49
68
99
91
66
39
31
36
64
56
 8
73
38
25
74
 7
 2
83
47
48
64
94
10
80
55
18
97
25
75
86
34
71
14
10
32
21
 4
27
 8
68
65
18
37
93
15
24
82
88
67
64
35
89
33
99
 5
42
19
43
80
48
51
60
13
57
13
55
45
30
26
97
20
29
75
78
 5
90
72
37
78
 9
 1
82
89
93
23
14
45
35
66
81
47
47
 2
96
23
94
31
18
74
99
63
38
89
28
35
84
41
51
33
71
22
70
75
94
17
20
27
40
 5
27
72
72
55
35
64
69
19
88
27
96
92
69
66
65
33
87
58
71
26
16
41
65
65
82
35
43
66
90
55
14
45
91
90
41
 2
84
93
84
55
54
34
75
30
42
11
34
68
36
33
55
80
88
66
93
63
64
95
50
39
85
45
 5
34
15
42
95
38
28
67
84
82
16
52
22
53
76
91
30
 7
12
14
36
76
33
95
66
62
46
45
30
76
45
51
19
29
88
18
30
55
57
85
46
47
 8
56
87
84
90
26
78
54
66
34
99
32
67
39
24
10
64
46
72
73
66
54
95
88
17
86
23
96
24
69
77
92
71
93
11
88
65
53
32
22
53
92
18
12
75
31
46
46
66
30
60
68
 9
54
 8
68
13
85
36
49
39
63
24
61
58
80
10
77
36
37
84
 7
43
64
44
27
94
24
44
12
11
99
55
46
89
72
62
17
95
23
16
49
70
31
66
89
32
 7
91
10
 1
57
59
11
10
93
18
38
27
94
64
43
64
30
 3
41
84
53
 4
82
 1
81
93
76
49
61
16
13
64
36
46
92
17
22
18
32
42
99
59
48
31
42
87
72
 1
71
38
31
31
62
 8
13
65
13
84
62
62
61
22
63
33
 1
46
78
 1
55
51
62
34
69
80
 9
23
85
28
31
 6
42
74
44
26
89
85
46
39
43
89
81
59
64
66
68
31
 7
50
67
25
 9
89
89
87
65
71
22
82
66
36
45
75
33
14
52
22
43
82
22
84
69
90
56
48
21
66
52
54
31
 2
 7
27
52
96
 4
21
20
 7
32
47
50
95
38
13
10
41
76
35
56
77
75
68
59
58
55
94
 8
70
40
13
23
28
88
 1
77
67
87
56
37
50
31
13
19
24
30
29
 5
25
83
38
80
87
40
68
54
44
95
24
20
66
48
26
 5
39
54
97
 2
33
22
25
95
45
59
34
84
73
39
50
27
19
85
64
92
58
44
72
68
86
41
23
75
72
93
18
67
32
91
34
58
62
84
70
41
21
 4
28
74
31
80
 6
54
61
48
 8
89
74
15
78
83
 7
 1
36
17
44
88
29
78
88
35
78
 7
51
49
43
95
92
98
67
39
20
63
39
38
76
73
19
90
54
74
90
57
10
31
68
 4
68
44
 3
72
69
64
64
27
38
87
 6
53
57
23
88
52
92
97
98
 1
68
20
 9
38
46
41
26
18
88
36
81
24
69
64
95
58
26
 9
83
22
90
69
28
73
97
 4
82
 8
41
86
46
37
30
87
49
92
39
33
 9
65
15
68
 1
78
 3
54
71
19
92
43
84
14
10
57
87
96
81
17
 3
26
89
35
51
15
36
24
70
40
52
65
75
71
49
23
 7
98
61
14
 6
 4
85
87
78
50
36
15
75
29
59
82
62
42
96
38
91
70
47
26
60
87
42
45
66
79
35
46
42
32
72
41
81
38
 7
13
34
98
42
 1
90
49
67
66
31
18
55
92
56
15
 7
35
69
63
94
81
37
 7
 1
29
 9
53
92
29
90
19
43
33
78
46
31
70
38
10
25
86
41
36
93
91
43
30
44
39
 4
19
37
79
49
39
58
 8
65
52
19
67
38
14
65
12
 2
 7
47
77
38
35
37
 3
81
 2
71
25
58
70
73
75
33
25
26
38
74
37
 4
68
34
45
80
48
33
62
30
58
49
13
62
69
15
21
92
24
 3
39
88
77
20
61
89
26
82
75
53
56
93
32
19
44
91
70
41
50
97
77
75
26
29
19
88
93
 7
31
65
 5
14
98
73
33
52
 1
75
