1000
86
31
30
30
16
13
64
27
98
 6
64
66
42
65
94
 7
55
60
 7
64
15
20
94
87
48
17
 7
57
90
43
34
45
27
11
89
36
84
21
73
54
72
74
44
95
40
39
 2
 5
60
42
91
15
85
18
46
53
12
89
50
75
78
74
80
 2
39
30
78
17
42
25
16
29
57
28
16
31
75
27
80
55
15
58
 2
91
76
55
86
33
80
 6
89
25
19
20
82
90
42
97
42
11
49
13
97
 6
76
74
18
31
50
 7
69
17
16
 1
43
50
97
75
61
70
98
 8
75
30
 7
62
66
15
 7
82
48
87
66
83
 1
19
96
88
11
89
57
66
78
33
 5
17
43
80
55
30
85
94
56
95
78
53
37
95
27
61
49
15
87
56
49
43
74
87
33
98
77
32
88
 5
88
33
70
18
54
 5
56
81
46
17
92
32
90
89
98
21
34
 1
30
80
69
57
48
13
44
18
47
96
22
24
35
28
56
30
50
66
48
81
99
 4
 5
33
91
36
29
66
82
52
24
86
58
28
28
64
16
15
 4
96
46
30
69
58
83
53
 7
22
25
94
17
 3
83
77
90
25
87
84
31
46
72
 9
13
60
92
63
19
88
97
86
22
98
87
11
71
67
16
 6
35
89
24
85
79
96
 4
90
 7
57
56
19
55
31
48
21
81
45
34
52
19
73
35
74
37
81
72
 6
93
15
12
20
14
99
25
84
72
23
50
47
29
81
26
36
81
50
89
31
86
50
32
21
26
96
69
32
60
86
51
42
31
 2
48
41
82
 3
51
99
56
77
13
53
 5
30
67
94
14
69
72
83
54
66
84
54
63
70
38
24
74
41
18
 7
95
61
99
23
55
34
73
92
12
89
76
29
52
23
 1
10
76
90
66
42
85
72
35
94
70
43
74
21
34
54
16
47
25
61
36
30
19
12
 6
88
44
25
25
 3
63
62
92
58
17
50
43
71
51
30
73
47
14
96
 9
10
66
22
34
69
73
 4
26
33
28
41
15
69
76
79
35
12
97
35
55
75
 3
18
68
49
92
84
38
73
79
44
70
81
69
24
12
37
25
27
32
14
13
 9
11
79
58
89
84
 2
93
13
49
57
23
94
 2
63
27
65
11
97
75
39
82
37
15
23
30
76
76
99
17
65
73
88
51
20
57
21
45
30
54
52
80
57
92
22
 7
 9
39
88
27
 1
32
63
66
86
43
68
22
70
51
31
36
87
84
36
41
51
66
75
87
62
59
94
 6
87
43
72
38
91
88
51
59
22
 2
37
40
51
68
93
60
62
97
59
48
91
88
92
32
93
96
88
78
72
58
62
22
23
32
52
50
27
 8
40
38
63
58
14
20
60
77
13
73
56
80
58
 3
95
 3
84
22
29
83
31
80
47
73
66
78
96
37
 4
90
38
95
19
31
84
95
80
16
54
29
31
29
13
88
37
50
28
15
21
54
97
83
 9
55
77
98
98
71
97
57
 4
11
59
29
42
58
 4
34
59
39
78
50
30
48
54
32
39
34
29
85
97
24
94
76
59
58
67
99
39
38
80
14
59
50
33
52
47
85
 1
13
 7
93
93
46
82
92
60
45
43
97
46
48
91
69
81
61
58
46
31
14
48
69
52
51
18
53
12
85
53
26
13
91
14
82
66
87
43
75
73
80
58
79
34
 6
65
74
73
61
12
68
87
51
74
99
85
34
59
56
57
17
64
36
36
54
 6
 7
71
21
48
54
89
14
32
18
60
33
69
73
49
20
63
73
70
90
48
11
 8
50
93
92
40
 9
73
25
29
 7
42
60
97
63
24
36
71
45
45
44
 2
78
32
45
45
 3
88
 6
20
89
83
32
10
 9
71
97
42
95
52
44
 8
75
17
38
38
 5
76
72
36
94
15
87
42
63
72
17
55
 1
 1
 8
83
69
81
38
37
40
73
95
51
81
59
93
45
10
58
29
98
 5
97
61
60
 2
86
78
77
76
89
62
36
20
42
16
24
29
26
53
97
95
18
14
68
45
38
20
77
79
27
20
90
97
63
49
81
32
46
37
10
83
67
99
99
95
95
68
 8
37
85
45
60
53
54
74
 2
34
14
17
99
78
23
97
41
86
35
30
96
71
12
84
53
18
77
98
24
78
73
94
14
33
13
30
48
 7
68
95
68
72
 2
25
63
20
76
39
81
49
59
43
61
26
36
40
31
87
72
69
39
45
25
28
30
31
45
72
50
76
80
93
95
50
94
32
83
42
53
24
53
34
62
73
90
26
 6
16
74
71
89
77
38
92
34
89
52
15
 6
81
 8
 2
44
82
22
34
73
72
32
 3
54
26
 9
61
61
