300
85
85
10
55
 5
21
96
29
 7
18
79
81
46
98
 9
99
29
66
30
10
29
25
33
91
 9
25
99
70
37
58
90
80
96
84
72
42
34
98
94
46
81
16
25
13
93
99
52
90
13
95
65
73
25
 5
31
 6
14
59
49
46
74
25
35
68
87
 3
96
54
26
55
56
80
97
16
87
28
77
24
16
41
53
46
48
47
18
90
92
64
65
22
22
25
78
64
44
22
 1
85
35
20
77
74
 4
32
25
84
36
99
59
72
79
87
19
91
41
27
 8
73
31
13
 3
62
50
95
56
29
33
70
29
31
59
99
83
49
34
89
76
53
59
32
91
50
96
47
25
60
25
36
83
47
27
78
17
86
78
82
14
80
89
25
10
 3
60
87
34
81
15
22
17
 8
70
68
29
75
88
27
33
44
 5
40
37
22
33
74
43
64
83
43
50
92
73
83
29
19
55
13
17
83
86
86
56
95
99
82
21
74
52
15
51
91
 7
34
52
13
78
98
63
20
58
70
63
43
14
25
16
57
82
38
16
76
60
22
48
24
 4
84
13
83
55
83
35
13
78
47
14
46
58
32
 9
43
18
88
50
27
18
17
53
58
98
62
16
90
20
52
97
58
60
17
47
48
34
91
87
75
91
46
 1
56
43
42
54
78
 2
62
 1
42
57
 8
64
20
85
17
91
64
21
85
52
26
67
60
