2000
 2
68
14
61
41
63
83
93
12
73
13
56
52
 2
70
86
98
42
21
78
18
12
23
73
12
55
14
 5
84
19
64
92
30
85
55
39
49
91
31
16
68
80
 3
88
51
48
36
88
70
 4
13
59
57
19
 2
97
75
 3
17
 7
31
32
97
92
90
21
 5
14
89
38
52
25
36
44
76
10
49
83
57
46
86
83
95
25
57
 5
62
23
97
94
22
85
11
74
50
 4
20
40
36
45
67
76
 8
19
96
83
50
50
38
20
77
17
56
29
 6
49
67
95
 1
37
86
81
55
34
10
64
46
24
99
68
44
22
79
84
27
78
82
78
61
70
99
77
 5
39
35
45
95
42
35
28
82
14
96
73
65
84
11
29
82
36
60
95
43
72
19
57
14
68
74
66
69
73
16
86
25
38
27
98
45
47
 3
46
49
11
31
38
22
 1
93
 2
31
 5
78
64
72
58
79
91
43
40
94
45
54
86
65
89
92
22
82
17
51
44
 9
 5
11
71
39
 4
17
84
36
27
32
82
76
82
91
75
48
98
63
26
20
74
18
78
25
33
36
82
97
80
34
45
92
69
50
20
16
55
63
67
10
59
98
 3
25
12
82
54
13
94
91
45
66
68
87
50
63
76
54
97
15
37
39
96
87
13
21
67
 6
41
97
18
87
62
16
84
41
77
47
55
52
10
19
 1
 1
 5
 8
36
52
87
18
28
27
89
29
79
24
16
52
 8
95
67
77
39
36
 8
43
31
88
62
14
80
48
81
 9
80
38
18
48
 9
56
44
69
21
69
99
88
12
30
73
39
25
25
99
81
67
19
76
 6
32
78
 9
28
62
74
56
94
55
37
 5
98
67
40
31
25
 5
28
89
30
41
28
85
56
77
76
60
12
74
97
63
 8
60
69
19
58
67
 7
90
82
80
 4
17
70
54
61
47
71
95
32
42
79
54
42
64
43
18
78
35
91
65
30
66
20
70
63
54
97
98
13
50
52
97
93
70
98
41
76
96
67
92
61
97
91
68
88
29
14
75
12
66
63
81
73
95
86
 6
14
36
57
90
61
 8
52
32
 7
37
39
35
40
93
42
78
39
55
40
37
84
 9
54
68
97
57
97
94
76
72
27
90
19
43
74
15
13
50
 5
91
90
49
69
77
 2
63
99
20
38
77
20
49
40
43
24
98
 9
70
80
17
89
25
26
35
24
16
 3
75
30
71
 5
70
38
98
90
45
 9
38
13
72
77
81
49
25
64
81
51
52
61
25
24
88
58
91
46
33
20
52
23
13
71
72
17
46
92
37
21
47
 5
63
29
67
22
46
66
23
64
80
38
97
21
 6
60
88
24
18
19
64
46
11
35
99
86
68
78
80
42
75
 8
29
32
88
65
31
83
10
35
32
42
 9
59
89
 1
50
44
28
27
63
48
90
89
10
61
43
31
77
 1
22
22
81
14
70
27
76
13
65
23
69
36
77
95
40
58
68
55
57
50
54
 4
92
10
61
81
25
45
87
51
35
61
 1
12
86
27
82
24
98
32
60
44
80
75
21
24
63
52
56
93
88
79
47
86
84
52
 6
 3
92
53
 9
90
77
18
31
42
78
55
17
56
35
57
90
 2
60
80
53
18
71
33
60
66
60
48
23
 5
20
93
42
78
10
73
18
92
59
92
14
88
 6
32
51
50
76
93
14
95
84
 1
 6
68
70
58
73
73
50
 1
28
87
96
26
70
82
31
17
60
95
37
83
32
73
74
 8
 6
32
20
20
74
71
86
 6
40
63
74
63
72
60
95
 1
49
56
16
13
74
35
69
14
15
35
79
59
56
65
54
59
29
25
76
84
97
24
61
88
52
85
 7
51
16
19
94
33
 4
33
93
90
26
 4
 1
18
97
42
65
61
38
81
67
81
 8
46
61
 7
95
92
63
64
74
17
99
99
51
89
 2
 6
43
34
52
64
76
 2
56
 5
56
46
81
99
15
85
 3
91
61
12
 5
82
64
66
 3
68
71
32
95
57
 6
59
33
47
55
75
21
14
64
89
30
72
74
75
26
62
 9
87
 3
34
44
35
42
75
83
77
55
59
45
10
45
43
95
62
60
10
62
65
43
90
14
76
73
39
68
49
 4
 3
25
42
73
66
44
27
19
23
19
 9
49
19
29
18
11
51
17
78
21
66
18
15
69
17
29
15
97
47
90
89
31
50
53
56
77
77
84
92
91
33
19
87
76
47
92
27
62
45
54
33
 6
12
13
27
60
87
 3
 9
74
57
28
14
32
 4
70
76
39
68
22
34
24
85
17
88
89
68
38
 1
79
60
72
 3
69
63
71
 6
84
67
10
 4
31
57
98
35
43
38
35
 6
38
70
48
54
90
36
30
33
95
29
 5
 1
51
 4
26
 7
23
58
53
48
22
96
11
96
60
52
59
61
 6
93
90
83
19
31
89
48
76
 5
61
91
65
96
63
87
74
57
46
14
37
59
50
50
60
85
51
30
 9
69
98
 3
74
89
63
 5
81
24
 6
12
71
89
96
77
26
59
21
17
60
71
56
39
45
47
90
 4
95
16
57
90
85
62
41
63
12
11
68
 5
87
40
91
34
81
58
 8
54
66
30
18
39
22
70
60
42
35
28
36
97
37
42
42
17
57
 2
44
42
87
17
 1
71
56
96
77
 5
16
53
49
31
34
41
30
 6
89
49
46
33
56
26
83
21
 1
87
 5
89
52
80
98
39
85
41
40
33
65
30
26
 7
95
82
60
64
35
49
66
62
97
75
88
68
20
91
63
54
12
52
27
39
56
16
33
48
95
85
55
72
55
 1
33
22
52
31
65
55
35
30
70
52
89
87
44
49
92
92
39
77
 5
 6
73
42
14
48
 9
60
17
24
92
12
23
86
34
30
25
55
73
56
58
81
21
17
23
95
55
22
 2
22
13
69
26
89
96
21
32
33
19
65
58
 5
88
26
28
93
94
 5
64
82
76
62
92
28
32
90
60
84
46
86
36
92
16
 2
28
17
31
47
74
55
96
48
40
46
60
33
83
45
14
18
26
12
52
18
79
 8
48
 9
74
 9
30
84
40
42
16
45
73
71
94
36
64
17
 4
91
89
40
12
99
69
86
29
41
80
14
61
14
25
88
52
 2
50
94
 3
 6
22
25
19
69
37
13
91
53
84
44
40
73
45
48
30
39
19
88
 9
37
 5
31
50
85
88
55
59
98
78
39
40
85
45
25
59
35
99
67
10
 8
79
83
37
71
52
 4
85
12
28
40
58
71
84
80
48
20
94
17
21
22
60
15
10
 8
34
38
 8
 8
52
38
24
60
49
 5
64
57
68
16
36
24
50
54
15
 2
17
47
71
46
25
 3
20
94
 7
62
57
 4
73
91
71
41
96
97
87
13
56
99
23
 2
58
59
22
29
98
63
52
84
 6
90
19
43
20
65
76
33
39
97
17
50
 6
27
90
93
41
88
44
17
20
80
46
70
97
87
66
29
47
25
76
73
67
41
72
36
79
79
43
54
87
 6
 6
71
36
15
38
15
 7
30
20
71
22
81
 9
27
69
21
79
71
29
16
30
21
26
 1
 1
95
64
39
 8
68
88
43
24
38
23
41
23
55
23
 8
21
22
 1
60
14
33
68
53
54
48
35
37
89
71
14
44
56
40
92
62
92
86
92
42
56
68
91
18
90
58
26
84
45
60
55
95
99
44
97
49
69
 4
16
 9
64
70
75
18
74
38
44
90
54
13
57
 3
75
27
20
77
15
69
64
90
69
25
44
87
40
17
69
48
87
24
83
74
98
58
62
38
77
97
55
82
83
49
48
98
34
25
49
73
11
24
95
30
58
 2
83
58
44
99
 7
59
54
45
 6
 2
72
72
37
97
69
81
24
23
 5
97
44
75
72
22
78
82
22
62
86
80
57
25
52
51
53
42
39
63
99
49
14
73
98
47
68
56
40
93
 7
18
78
52
30
51
12
21
68
 3
31
15
11
86
 1
71
85
35
46
88
 8
14
41
64
95
 3
26
16
38
47
64
88
21
92
96
 7
 1
14
62
76
35
55
52
12
56
71
 2
69
78
94
31
81
62
36
78
66
98
20
35
 6
38
78
 1
65
39
95
90
51
61
24
14
87
58
79
36
80
15
24
63
91
87
41
55
57
63
25
94
77
31
75
45
41
63
26
90
70
97
99
22
73
25
16
42
97
73
41
65
45
92
 8
69
59
26
 7
97
52
78
52
59
67
60
45
 4
46
27
39
61
97
91
96
85
57
17
94
11
 4
77
25
57
26
 1
60
89
38
68
45
72
 1
86
56
23
54
10
26
98
38
44
37
25
87
72
 1
16
82
68
35
63
42
27
39
65
40
64
86
77
43
47
30
30
29
73
52
26
97
68
37
49
34
42
16
78
29
55
48
77
28
23
86
28
 1
36
14
77
 1
13
65
71
34
57
60
52
65
38
22
89
10
78
18
 9
45
58
40
99
53
10
98
69
66
30
70
21
12
80
97
13
23
89
49
93
19
47
56
54
32
85
22
18
48
46
30
65
83
39
45
54
44
69
30
28
70
52
78
40
57
92
64
29
10
45
59
49
53
30
56
91
47
31
82
 3
15
34
58
44
53
39
41
92
29
24
46
21
 9
59
72
64
64
66
11
15
70
38
91
33
38
75
26
48
29
 1
 3
18
61
64
 8
98
60
24
 7
46
