400
94
21
 8
81
99
65
44
17
94
51
48
14
16
29
22
34
21
70
96
22
 3
42
71
24
41
 2
22
 4
38
30
 6
54
54
57
52
73
98
25
74
59
91
42
81
25
49
68
25
76
 6
82
73
42
30
70
38
26
47
99
42
42
24
98
60
22
26
22
26
49
15
 7
20
15
69
23
50
24
32
97
31
87
48
19
72
 9
83
28
86
77
17
73
23
27
75
47
38
34
16
71
19
15
18
75
58
24
82
 7
86
85
22
23
99
66
28
20
46
38
83
33
33
 9
29
66
10
99
48
83
84
33
74
30
47
 4
73
 8
39
13
30
67
47
17
72
58
58
98
71
86
68
85
44
18
63
38
 7
81
71
32
95
30
15
43
99
78
44
87
48
84
86
89
62
35
12
60
34
29
13
48
46
80
34
38
77
19
33
66
21
81
94
34
64
14
18
77
36
52
65
70
99
 3
92
49
70
 3
77
90
53
67
37
69
74
18
62
18
92
85
73
81
91
86
89
51
 1
74
54
28
77
53
90
91
86
65
25
65
98
22
67
18
75
17
74
98
20
78
91
80
95
76
85
50
80
78
90
56
47
59
55
72
62
40
20
25
61
82
19
 6
34
 3
23
86
38
32
46
58
95
 1
82
17
87
57
44
29
 1
96
51
65
45
24
26
75
74
29
75
79
77
78
83
15
11
15
14
77
83
70
41
49
60
81
20
55
70
 7
94
55
12
41
47
23
27
36
41
85
49
95
 3
95
80
82
 3
22
11
87
21
 3
43
 6
20
65
21
77
 9
51
38
 9
51
54
17
71
76
10
29
71
50
32
65
79
66
51
18
36
29
45
64
10
59
11
49
19
18
78
30
 3
76
99
84
58
 7
32
68
 4
61
41
78
15
69
33
49
74
54
57
29
90
84
82
47
30
56
83
31
97
39
48
