5000
25
33
38
86
65
44
25
78
35
43
48
16
22
50
43
22
83
45
55
75
14
20
53
82
99
23
90
32
60
 6
48
23
43
57
26
12
56
37
29
89
55
75
39
14
 7
86
93
 6
93
30
61
65
63
77
44
85
68
27
10
22
46
16
53
 9
42
77
14
87
48
77
40
10
44
 2
26
95
33
14
18
22
49
56
14
 2
15
12
41
45
58
10
55
39
30
80
33
65
63
50
 3
87
92
79
97
 2
93
33
49
 6
42
85
34
89
62
61
74
73
73
92
19
11
81
13
80
93
55
57
89
54
88
93
14
19
43
65
12
11
37
38
77
24
71
64
32
17
90
42
29
 7
34
97
20
27
96
34
63
35
54
11
98
23
54
83
91
26
47
66
62
68
57
47
95
64
57
18
72
90
43
56
78
61
95
11
64
13
10
35
 1
42
62
17
10
 4
37
57
 3
82
47
21
 2
89
82
50
14
73
27
31
90
87
70
20
53
31
52
27
38
76
73
32
14
30
11
63
43
12
66
10
35
 2
87
81
56
75
87
91
62
35
14
89
90
64
74
 8
 2
43
92
52
 5
11
83
 3
43
49
23
41
86
48
13
97
97
29
 7
 7
24
 9
96
81
95
64
40
95
51
64
 1
53
93
59
 4
 1
95
91
89
85
54
82
24
57
 7
98
97
33
23
42
37
65
72
59
78
87
86
13
29
55
21
14
42
53
21
79
69
94
17
81
81
75
31
48
37
23
38
31
88
91
63
58
15
34
42
80
49
32
32
64
98
88
21
25
41
59
 1
35
72
67
44
23
 3
29
80
97
74
61
87
 1
97
 5
96
25
66
 2
45
 7
72
 5
50
40
65
22
45
93
84
85
67
88
86
60
27
47
36
61
34
20
55
 5
33
45
88
66
18
24
20
65
68
61
57
47
82
94
43
92
57
98
 5
 3
79
43
89
27
84
65
18
48
41
36
87
94
27
86
66
29
48
72
95
31
65
51
60
66
90
16
41
44
94
 8
85
43
19
32
51
26
10
79
26
21
76
99
82
81
91
31
87
 2
27
25
16
13
66
66
87
25
57
26
63
36
66
68
52
98
84
25
41
29
66
70
89
75
35
 2
42
25
20
70
52
57
17
65
97
38
69
80
87
45
90
82
17
31
51
12
82
18
 3
25
23
17
91
 4
82
63
31
66
69
95
81
79
 8
25
 6
15
52
40
48
53
58
10
18
77
98
 3
 4
59
95
13
19
69
58
75
91
33
24
95
 6
54
62
71
13
21
52
93
97
28
90
62
46
28
45
60
87
37
 9
37
47
11
62
50
98
30
 8
 5
46
92
84
47
20
56
18
41
24
36
26
14
21
94
21
57
78
34
38
98
71
21
40
24
77
53
96
60
35
13
27
14
10
 4
76
44
54
 2
28
 2
98
54
18
91
28
38
47
89
33
81
76
85
63
23
82
66
64
57
62
30
37
61
66
18
 2
69
63
80
15
50
82
62
87
89
64
96
89
15
70
29
69
69
45
39
80
73
25
77
46
78
67
 7
38
47
78
44
20
79
52
 4
28
99
65
36
20
38
48
54
99
19
87
58
18
76
75
41
56
37
51
78
35
56
67
96
93
82
 7
30
32
 7
99
24
39
81
61
50
92
82
97
50
76
77
94
67
83
69
45
28
53
 9
44
97
14
16
66
68
81
11
95
17
75
 9
 6
10
22
59
52
42
73
90
90
32
55
50
82
54
40
98
81
99
50
22
81
76
39
64
15
43
98
 9
86
64
63
29
21
87
65
31
11
52
 7
 9
49
 4
98
33
41
32
34
96
57
12
50
44
37
63
39
94
 9
 9
69
90
15
33
76
91
43
45
84
35
13
37
 4
75
45
30
86
56
53
17
86
82
91
81
78
75
85
18
10
83
90
 8
32
 3
15
97
70
 8
13
29
15
34
31
59
49
 9
93
35
23
84
 5
37
86
59
49
86
82
51
94
 8
27
92
54
44
54
27
17
40
72
74
19
44
15
35
28
90
 3
13
60
 1
33
14
71
31
95
15
45
60
29
41
29
 9
30
69
33
82
20
78
49
53
80
68
 1
57
61
71
72
15
92
75
55
70
64
80
32
45
51
21
39
99
 9
50
53
 9
36
41
14
41
40
 8
36
38
64
55
39
91
58
17
23
23
18
67
36
47
86
51
58
36
56
32
37
57
33
15
27
 5
31
26
27
 6
43
99
99
 7
67
82
66
32
27
76
40
14
51
48
 7
89
89
26
19
68
91
90
93
47
38
10
 7
 1
72
20
51
15
81
73
56
78
 3
82
58
21
14
89
76
99
40
58
20
22
87
42
81
19
 5
19
10
43
78
41
44
13
92
 8
10
69
30
81
23
83
58
73
40
62
83
32
84
98
98
23
74
21
15
70
11
69
21
27
32
76
33
51
91
63
92
57
74
30
81
12
11
60
88
55
83
18
27
10
13
41
16
52
13
28
29
15
65
15
31
11
54
40
99
16
94
86
48
20
66
14
57
85
28
57
27
15
 3
 9
54
68
 9
63
52
39
29
41
 7
14
 3
59
 4
45
20
84
 2
44
97
27
 5
33
48
 2
94
61
81
33
73
22
66
15
97
85
12
16
39
63
62
19
50
44
79
14
73
93
15
20
81
83
43
36
80
17
35
30
56
28
73
53
 1
30
84
78
11
72
63
52
81
89
97
77
81
11
43
 2
50
 3
77
16
 5
10
67
73
65
76
84
95
24
12
 4
96
54
79
16
97
72
74
99
41
54
62
67
95
43
57
44
52
18
 5
85
 4
58
39
 5
13
20
 2
 2
56
 4
70
68
47
54
92
65
31
77
72
53
58
 7
15
53
10
 4
59
26
 8
26
13
70
70
51
17
87
34
79
67
41
27
22
 1
59
 1
85
76
85
98
47
82
54
86
57
63
78
13
50
31
32
17
 4
28
 7
64
15
28
43
26
48
31
 4
85
30
30
68
62
13
24
75
76
24
54
28
24
95
 9
19
63
91
13
97
41
45
34
18
91
 3
86
98
89
 6
36
33
62
94
19
82
45
67
13
81
 3
71
69
 1
70
88
35
93
74
60
90
61
46
19
99
72
22
87
45
74
32
98
 9
25
56
12
66
84
74
52
 1
94
73
74
48
90
43
69
13
70
19
11
73
54
13
66
77
86
78
67
88
90
70
50
60
21
17
94
 4
57
80
47
35
57
45
41
42
18
62
45
94
62
31
17
13
 5
26
 2
 6
25
49
59
36
62
34
52
87
 6
60
80
96
75
 8
98
43
54
32
 2
38
94
60
95
19
30
 3
76
90
41
84
 7
 5
95
77
 5
42
 3
59
69
70
15
55
26
45
16
 6
29
41
20
 9
 6
57
32
78
71
 9
81
86
10
24
84
94
40
81
57
67
67
95
22
90
40
73
30
36
13
83
47
37
29
25
34
 9
27
56
40
68
94
69
72
94
56
66
55
70
28
26
12
83
28
19
25
85
72
46
77
93
41
80
41
70
62
79
24
28
59
25
22
90
60
92
 3
94
80
 1
69
38
72
13
12
49
94
68
17
 7
45
21
34
77
37
41
61
87
65
71
63
17
23
85
80
12
36
55
22
19
66
51
41
32
44
 2
54
46
94
37
96
30
12
16
20
95
46
 2
69
75
47
50
75
86
53
99
13
14
58
16
24
57
20
69
80
95
85
37
81
16
77
50
62
39
97
35
 6
21
35
33
23
33
85
52
24
12
13
59
16
83
38
19
52
57
71
48
94
81
15
44
88
59
15
68
 9
25
98
61
 5
79
92
44
80
70
34
98
28
21
83
91
82
20
58
93
94
28
70
 8
89
53
19
37
10
37
 1
86
25
91
82
68
81
60
31
73
93
 1
15
94
47
 5
69
58
 1
27
70
52
88
36
89
 7
63
81
57
13
34
70
49
33
98
52
88
11
43
 9
84
97
10
53
24
26
88
14
95
56
58
24
 4
93
14
 9
22
39
16
49
61
50
88
37
98
72
16
24
29
27
47
34
 7
25
78
63
28
68
 9
54
14
16
37
36
53
98
 3
33
85
31
42
45
33
18
56
76
 7
 1
58
41
86
43
95
99
76
 2
41
76
68
79
12
97
90
 2
18
97
90
33
31
54
17
42
33
69
49
63
62
86
57
51
 3
40
19
65
39
32
91
 4
38
46
53
99
44
70
19
16
76
54
56
48
21
76
76
70
77
32
55
22
77
24
49
90
25
72
52
87
74
17
72
45
 7
38
66
55
 3
59
13
87
86
58
63
78
43
64
45
43
60
52
69
10
22
 7
10
20
97
95
84
87
45
96
61
72
80
25
63
58
30
11
 8
88
20
74
96
44
15
43
28
26
63
57
85
33
61
11
84
74
89
78
90
26
41
76
25
66
90
88
68
 5
17
31
61
20
44
74
14
47
 1
95
48
18
68
84
64
77
10
70
42
24
67
97
 9
48
 1
18
47
44
63
23
84
71
98
85
52
19
22
41
45
76
11
64
55
50
48
81
39
14
27
81
72
70
91
40
58
84
 7
44
37
55
26
28
77
24
60
98
82
57
15
64
89
 6
 4
49
18
91
77
 4
18
99
20
98
89
56
24
 2
23
51
92
36
27
84
96
16
92
10
30
53
75
39
83
46
21
90
81
13
27
43
26
18
78
75
42
35
26
51
21
87
63
46
34
34
65
49
95
 5
42
61
86
95
74
 5
78
96
83
72
99
77
95
42
60
97
70
64
94
62
37
64
36
14
 8
52
57
39
28
 6
37
27
13
97
53
25
49
30
55
35
92
76
52
22
58
57
44
28
16
77
25
16
 2
35
18
 3
61
37
32
13
11
39
34
21
63
17
 1
 5
85
23
61
90
39
13
87
83
71
95
37
 3
10
 7
28
84
20
41
15
90
96
54
80
71
31
72
94
34
22
 6
49
57
95
26
41
 2
81
75
95
65
15
94
97
25
16
31
44
22
12
91
70
18
60
38
65
94
29
61
24
25
90
37
61
62
12
18
39
15
52
44
17
22
88
28
78
 7
72
13
60
37
23
33
27
37
70
13
 1
21
64
97
25
59
44
61
48
61
88
 9
93
87
55
80
36
73
14
 5
31
71
89
96
14
99
16
43
20
11
17
80
44
47
22
 7
98
16
27
21
70
52
 2
47
41
86
66
33
85
93
35
66
 6
47
49
16
86
40
79
36
84
11
61
32
 3
30
 6
47
40
78
57
35
32
94
49
12
14
87
34
34
48
22
21
90
43
77
 2
85
 6
46
22
58
54
16
37
41
29
83
44
13
42
45
22
16
84
 8
52
19
42
74
76
97
45
53
56
87
88
11
74
 5
49
66
75
93
56
17
50
67
24
85
85
33
96
18
83
52
28
68
51
17
54
45
85
27
54
42
52
 3
78
 8
64
58
36
 8
91
57
15
11
78
51
33
71
 1
69
88
12
74
20
 8
14
11
91
72
99
26
 5
93
 3
39
16
49
35
40
14
38
37
46
 1
53
11
69
22
50
32
80
20
 2
50
 1
83
18
40
15
57
17
52
32
 1
31
 9
72
42
33
72
42
26
72
80
35
10
90
31
47
89
17
24
42
15
18
65
37
83
97
 4
74
70
 6
28
10
70
79
94
27
29
58
 8
82
29
 1
24
77
 4
41
98
 3
51
19
57
21
22
15
99
34
52
34
19
16
15
54
56
39
50
 1
51
 2
60
51
36
46
48
33
13
13
37
20
53
 1
85
91
 7
74
38
67
 6
10
 4
58
61
90
15
72
78
71
62
 1
32
13
53
36
66
89
87
27
49
 3
96
36
38
79
58
16
 4
84
 2
46
43
59
35
52
65
73
24
68
47
30
15
37
47
 2
59
32
11
41
37
84
98
33
 8
94
11
46
19
20
37
51
78
19
82
44
28
44
23
57
32
46
21
 7
97
 9
69
34
65
55
96
 1
72
59
84
 8
27
99
34
82
99
77
59
99
73
52
 4
 2
51
 7
87
62
65
11
69
71
86
64
26
91
90
19
57
38
52
46
87
55
44
53
83
39
18
13
78
76
24
 6
96
39
55
61
70
23
79
58
71
59
42
 1
 7
84
91
34
38
 2
21
92
50
27
86
49
42
43
78
90
65
47
 3
41
58
36
76
75
45
 3
70
84
17
83
 9
58
63
38
55
 9
88
 3
 5
86
74
92
15
85
 4
88
64
31
48
 3
15
12
97
46
34
65
40
83
65
82
 1
24
15
26
99
 4
 7
45
75
32
18
67
20
46
23
49
70
44
49
92
14
54
 2
71
30
90
33
90
47
70
26
40
32
35
72
41
87
54
 4
46
67
47
56
20
 6
 3
40
31
52
49
87
86
10
35
38
69
83
64
61
60
15
86
47
47
28
43
80
84
51
85
39
10
48
79
 1
77
13
98
29
13
72
16
17
69
43
99
35
52
93
38
93
31
52
84
60
82
11
46
20
87
76
10
38
29
 6
33
16
17
79
95
90
79
60
29
64
42
80
25
34
62
 6
47
86
 3
28
31
31
29
19
13
57
25
12
67
63
96
42
82
53
65
 4
71
53
 6
55
42
36
56
46
12
16
41
75
 4
82
27
70
20
59
62
94
86
44
21
60
19
11
 2
66
75
46
94
42
32
84
69
 8
84
26
 8
24
78
91
25
65
92
 9
98
66
62
77
56
94
78
14
46
86
44
 8
30
95
29
13
25
12
98
86
43
75
53
12
40
60
68
 9
48
48
66
73
59
61
96
54
80
78
74
85
16
14
47
21
62
60
36
56
22
89
21
94
92
26
22
52
46
57
48
48
40
 9
53
72
99
61
78
91
 5
22
31
63
95
27
54
48
77
96
57
64
96
11
65
77
87
38
32
96
60
78
 2
27
30
38
49
88
58
32
89
27
91
 6
79
36
96
67
13
22
53
51
29
 8
13
68
22
39
87
97
98
72
67
45
38
93
41
38
27
80
16
98
29
31
 3
21
19
76
75
37
91
10
61
80
55
44
75
20
 6
19
54
 1
 9
95
99
39
87
35
94
20
29
 1
 4
43
20
11
96
69
21
39
37
98
80
15
72
50
16
11
40
77
48
89
44
52
22
65
35
 2
 2
67
11
 3
67
79
98
12
 9
 6
26
59
33
67
32
69
94
70
53
35
60
37
 5
12
 5
57
11
67
67
65
96
34
54
46
 3
17
30
34
26
 5
61
88
46
12
68
86
60
33
67
49
66
21
12
27
18
59
56
65
 3
71
47
61
58
94
43
57
84
 3
73
65
56
84
66
70
 4
55
18
 5
66
27
56
55
73
98
61
78
74
10
99
88
68
95
38
 8
37
 4
83
25
61
 7
29
61
 5
74
34
93
45
29
42
19
41
51
39
29
30
73
78
67
15
15
56
37
51
84
83
39
99
38
15
 3
42
86
96
89
40
53
98
35
12
78
71
 6
25
63
18
42
91
58
97
55
29
84
71
55
92
90
 4
78
58
37
 1
84
30
12
51
 7
73
62
13
 7
43
62
10
29
 4
79
12
 3
10
73
28
90
50
87
10
24
30
76
86
30
71
97
22
92
21
57
37
49
60
 1
53
55
76
47
34
36
10
79
68
55
30
50
54
 4
61
57
59
54
98
10
95
81
45
76
86
88
14
 7
71
42
 8
26
18
61
44
 7
92
59
22
97
52
75
 1
31
27
10
90
77
27
96
29
74
62
10
34
88
19
65
 3
60
44
91
69
60
29
40
76
29
 3
14
67
30
52
72
59
63
71
 8
13
98
46
30
51
57
94
72
36
12
68
52
74
19
17
91
41
77
25
41
99
 6
56
 1
20
31
76
94
48
 8
85
84
53
29
66
74
88
61
69
12
99
77
 8
11
19
98
21
17
71
17
70
47
38
43
19
 5
98
17
58
20
 1
33
37
 6
78
32
65
79
64
90
34
55
17
82
27
39
19
20
60
29
52
73
52
77
12
53
25
95
71
60
50
64
50
18
66
25
 6
38
39
29
97
67
13
14
29
78
42
66
56
20
15
72
25
 5
77
83
39
57
79
28
51
93
29
74
25
48
88
79
99
29
 5
44
 3
16
96
83
24
79
89
61
 8
37
31
76
72
25
75
53
34
90
64
38
 1
11
90
34
52
23
84
91
68
52
 4
79
95
74
51
45
35
57
26
22
46
27
30
55
33
 8
97
 7
 7
91
29
48
25
64
55
61
53
46
14
69
69
11
97
22
82
87
12
62
44
43
35
84
45
45
 3
 7
82
88
16
 1
65
14
95
66
80
63
63
 8
48
35
 3
97
 7
68
71
95
71
13
89
86
78
30
15
17
72
65
14
15
50
61
27
25
17
15
59
84
68
79
77
58
54
14
52
56
31
49
30
57
65
14
63
47
13
65
91
22
92
67
99
44
11
76
46
 3
61
65
87
75
38
43
84
34
86
16
34
 3
38
34
 2
98
66
64
85
64
70
61
10
38
68
39
68
48
83
47
14
94
97
43
17
 1
81
43
88
90
52
86
90
79
74
65
36
46
69
49
80
42
19
84
38
38
58
78
99
62
38
46
89
92
23
38
59
 5
43
29
20
15
60
79
40
16
32
45
 4
58
69
60
46
62
73
66
66
27
18
94
45
 6
88
 2
56
25
27
47
95
18
13
 9
28
34
16
55
68
25
46
32
 1
31
56
99
49
99
95
92
 5
46
99
 5
27
83
95
 7
17
52
 1
77
79
49
24
50
85
 4
19
86
35
 1
 5
47
40
93
19
80
29
 8
97
11
86
70
54
34
43
84
69
10
99
72
30
44
39
99
60
78
87
17
66
55
72
25
39
69
59
10
43
23
97
26
33
28
68
10
27
20
58
81
63
18
51
16
98
74
69
49
51
82
49
99
55
50
82
65
26
38
18
76
 7
57
39
79
 5
10
27
 8
60
 7
14
33
80
 2
43
46
85
 5
42
64
73
 7
 9
14
75
73
42
69
91
51
96
26
91
24
 9
76
64
83
58
43
95
50
19
79
70
88
65
62
68
75
97
96
51
56
26
54
17
33
95
71
11
65
97
26
72
70
35
 9
 8
31
86
29
70
12
57
48
29
65
34
 2
20
45
50
80
52
94
83
52
63
48
63
90
 2
97
48
76
19
57
15
54
79
97
55
11
17
67
83
50
98
78
82
28
11
73
82
34
96
47
82
70
98
47
35
31
29
24
91
12
 4
52
22
73
67
87
24
71
65
98
24
80
69
34
69
47
11
34
54
62
45
95
51
 8
 1
66
75
77
 8
80
96
 4
90
31
97
14
11
62
83
25
46
98
78
17
78
96
73
94
81
10
94
52
12
83
35
97
47
53
17
 2
97
61
56
56
41
82
57
 4
94
44
41
24
82
68
15
26
 8
90
96
41
84
91
 4
78
51
13
 4
 8
10
64
66
62
 6
22
79
 6
18
 2
88
59
49
17
26
51
95
20
78
54
87
 1
61
92
78
80
52
94
70
44
49
39
58
65
 3
97
85
74
 4
26
74
93
49
80
52
20
90
27
 4
71
81
34
97
71
14
90
19
85
88
45
20
97
83
27
59
31
75
33
36
93
82
25
67
73
69
47
28
53
 9
 3
21
53
10
83
59
 3
19
 8
56
28
26
53
97
56
42
45
77
45
 6
78
 9
 9
93
44
44
65
53
30
50
75
77
67
60
 5
23
 4
45
57
68
53
41
34
54
29
49
56
80
93
72
 3
89
26
93
16
37
57
54
 3
72
80
36
 9
13
43
31
75
48
79
73
59
69
71
18
45
33
69
66
98
78
16
 1
 6
89
53
35
63
36
79
39
29
75
34
51
30
54
85
38
20
89
80
 7
86
56
36
29
 8
95
49
88
39
36
83
19
67
46
25
21
61
31
50
41
97
80
14
 7
77
65
86
84
10
19
64
58
80
82
64
13
77
46
35
 2
98
75
 5
75
 9
67
85
84
82
89
51
98
67
75
23
65
48
27
70
69
17
83
67
85
41
27
99
 8
21
57
71
37
51
42
22
19
62
35
66
 9
54
98
95
44
11
23
50
30
97
45
96
89
31
98
12
95
26
83
21
45
17
81
91
75
33
99
13
95
67
 2
83
23
64
66
31
12
10
57
72
56
44
46
59
38
46
54
 8
39
55
75
47
55
46
34
12
44
42
38
86
45
73
92
37
 2
61
24
40
29
51
83
47
41
60
80
87
 6
66
11
45
16
 5
44
25
66
 7
 9
32
14
33
67
90
 7
41
 5
10
68
54
26
39
20
37
79
17
33
83
18
44
76
 6
 3
 2
71
13
52
39
99
 1
68
38
 9
18
18
 4
17
40
 8
71
92
 8
44
78
 8
74
92
 8
26
 7
51
24
39
87
33
37
97
75
86
 7
77
42
49
97
90
73
44
40
 6
46
41
73
88
50
76
45
12
80
47
32
59
83
94
60
70
46
80
97
36
49
53
81
18
52
56
67
78
30
21
49
 6
48
18
55
23
64
41
57
47
84
34
85
22
25
85
18
50
22
90
12
73
47
82
50
34
64
70
82
30
82
45
13
40
42
24
37
 3
97
78
69
28
23
19
49
47
 7
80
98
51
67
85
93
42
47
26
34
36
20
41
66
54
81
38
48
33
35
14
25
85
52
52
69
60
40
39
86
15
59
62
34
46
44
57
42
23
80
56
87
34
69
92
26
 5
39
39
 9
 3
42
16
11
75
93
44
80
56
93
 2
47
54
70
30
96
 3
20
70
38
41
42
68
 3
32
73
18
52
83
27
11
79
67
88
30
67
24
44
61
60
14
46
87
64
41
95
10
86
85
75
61
51
74
83
78
 2
32
99
84
21
40
72
41
80
41
 9
28
54
28
86
31
 1
37
73
50
55
96
41
46
44
58
 2
35
30
42
18
26
45
33
29
31
91
66
66
32
68
33
45
56
15
32
61
 4
26
21
58
13
24
88
77
 7
40
77
95
75
13
11
15
73
25
31
49
66
 9
 8
57
16
30
52
54
27
78
26
70
50
98
60
93
72
54
33
32
82
80
 1
63
32
17
96
 8
98
70
17
58
73
 2
53
55
42
89
99
93
30
56
50
75
64
12
46
81
97
19
91
93
82
 7
81
26
28
47
61
84
11
40
80
61
 6
83
35
24
82
 8
78
40
25
45
87
93
61
95
66
36
27
73
75
10
42
93
65
 6
58
95
12
96
34
34
 9
76
90
50
39
94
31
73
87
70
40
27
72
 7
78
13
 5
75
72
55
38
86
16
51
 3
42
91
33
 6
51
16
79
84
30
25
85
95
50
 4
15
20
78
82
65
81
53
73
60
43
31
18
89
85
89
80
23
35
78
67
17
43
18
27
45
86
54
77
53
77
37
40
92
67
63
25
11
42
29
30
72
60
43
19
85
65
44
34
86
 2
69
94
88
75
25
59
27
93
96
90
 6
11
62
98
 3
19
34
15
97
25
93
48
15
33
60
 4
35
75
37
99
56
41
79
58
77
95
58
27
59
79
10
77
78
64
88
62
75
61
 8
71
45
50
63
54
87
29
41
69
17
59
 9
18
78
86
82
12
90
49
64
65
13
12
57
23
89
56
40
34
73
74
16
85
55
85
14
94
28
22
54
90
89
 6
66
54
35
68
61
82
25
25
49
31
87
61
12
84
42
50
99
38
96
39
93
18
15
41
81
38
 4
75
76
 7
 1
54
70
94
40
16
 7
68
60
58
78
 4
21
91
55
91
25
56
10
22
77
30
88
 6
97
