1000
99
71
96
65
 6
63
38
60
41
33
64
82
64
58
47
53
20
 1
50
72
 1
64
58
53
13
50
93
16
84
39
48
26
56
74
24
 7
94
72
 8
68
33
13
64
45
16
53
92
82
46
26
15
91
95
48
46
86
85
 5
23
42
 9
37
20
67
79
12
50
50
 1
73
75
62
31
74
14
77
23
90
78
90
46
98
28
94
46
38
76
10
47
29
24
 5
72
63
66
18
71
48
56
16
30
23
47
91
63
11
13
48
55
41
67
59
49
12
86
71
60
94
43
11
99
94
57
90
93
40
87
54
83
 7
51
64
85
84
 7
90
 5
70
85
59
75
85
94
57
27
16
 6
44
38
86
14
68
92
33
11
19
86
 4
56
31
14
68
61
84
68
33
 5
76
77
64
77
49
48
11
71
33
 2
26
24
73
80
93
27
40
18
31
89
45
59
96
15
96
 8
76
35
 3
74
53
65
51
48
61
55
91
30
16
74
24
42
13
 4
53
79
 4
90
70
20
39
23
59
21
72
81
76
54
31
47
80
97
35
85
 2
36
89
12
90
78
10
56
51
60
 6
27
 8
31
15
89
88
88
65
60
83
75
94
42
82
91
92
88
12
31
83
33
97
99
37
55
87
46
 9
40
18
20
97
97
 4
24
34
76
 8
57
77
74
78
24
34
54
13
 6
81
75
25
60
 8
47
95
50
50
20
57
80
39
23
13
30
36
41
33
43
77
78
25
10
 2
60
34
63
70
53
47
30
76
45
85
70
32
41
35
44
37
62
11
30
38
70
10
43
29
 8
28
72
70
90
23
75
24
33
76
89
97
40
52
41
17
56
88
44
83
96
39
82
64
57
90
37
48
21
66
64
48
64
54
90
48
84
67
32
91
31
69
94
13
89
75
64
 2
89
68
58
 6
70
16
18
55
 4
75
42
27
86
24
41
18
 6
10
76
56
 2
 8
 1
 8
14
 7
64
26
49
55
74
86
48
89
88
44
90
61
44
94
24
79
81
37
51
 9
70
28
45
30
 2
46
54
80
53
38
64
19
88
57
38
 6
89
87
56
55
 9
59
54
47
 8
28
61
47
89
52
68
32
93
23
16
81
38
84
29
 4
 6
 7
83
69
44
33
46
32
76
83
61
 1
85
19
35
40
97
58
77
61
97
55
64
88
 2
 9
78
68
52
42
82
82
23
95
 1
56
16
92
37
21
46
 8
32
94
85
99
74
82
51
48
61
37
31
38
39
58
31
52
11
26
10
99
43
 4
15
48
59
15
75
80
43
43
62
56
58
39
72
89
88
 8
52
21
20
26
18
 2
61
 6
65
75
14
26
72
50
12
41
40
66
31
11
98
55
73
56
28
83
50
76
 5
83
62
27
34
55
83
11
75
58
74
76
35
64
11
74
95
95
62
49
 4
10
 7
46
53
81
 5
 1
 1
 3
45
78
39
87
55
41
72
95
 4
11
25
28
92
 6
16
63
47
12
36
43
39
71
54
 3
97
56
 7
33
86
 1
78
85
96
51
29
16
99
33
92
40
56
80
80
40
 1
10
33
71
90
11
45
15
57
32
92
22
40
14
24
94
43
65
10
66
83
35
26
93
95
71
67
50
35
 7
54
33
57
89
59
53
28
82
72
38
 6
42
64
 8
90
21
63
61
65
87
89
36
 7
10
75
53
18
 8
13
43
58
13
55
55
93
31
 9
31
71
67
62
51
45
95
59
59
28
20
83
37
20
46
57
46
84
82
23
38
14
78
98
99
65
52
88
66
10
 4
48
82
52
46
57
 3
 8
69
18
35
52
81
37
31
45
 4
 4
 8
63
99
 8
 2
 1
 4
33
55
20
19
57
31
78
62
90
51
26
27
97
49
96
29
26
51
86
14
76
67
51
 6
61
88
 8
39
68
 4
67
89
78
 8
 1
36
61
28
45
47
90
35
67
59
20
56
88
20
16
86
73
61
49
77
17
83
14
21
 4
14
40
16
77
27
39
15
17
64
95
42
30
79
57
91
77
22
55
 2
31
76
66
76
79
99
 1
 1
97
53
88
90
60
74
54
21
63
87
68
91
92
95
54
68
19
67
42
42
72
31
35
67
43
13
 5
16
94
40
71
87
18
14
62
47
11
 2
38
 5
31
30
66
15
79
61
29
12
74
 4
42
63
96
34
85
51
17
29
 5
60
27
27
 1
97
73
50
58
96
 6
10
18
69
58
98
79
17
46
23
 4
86
29
64
 6
91
14
18
31
55
16
12
87
26
 8
42
25
98
35
31
43
 9
22
53
14
23
93
19
 3
94
85
76
64
16
88
 9
24
24
 8
97
91
92
74
30
17
84
92
97
74
70
41
 9
36
 7
54
15
48
81
59
 4
