300
68
 8
94
70
 6
43
71
11
18
66
14
48
 4
50
62
45
85
24
72
32
96
63
48
85
34
67
78
 9
88
97
19
75
17
 9
88
16
59
18
41
 5
73
72
67
44
70
41
74
81
38
 6
46
74
50
67
66
34
12
34
64
53
70
47
37
60
36
48
99
 2
16
98
52
98
51
33
80
67
25
50
89
58
38
35
96
12
35
20
78
66
55
62
86
33
10
47
42
64
54
24
17
31
49
40
15
40
88
11
51
 3
90
81
57
92
11
13
 4
84
 1
59
54
43
52
63
79
24
51
35
97
72
94
37
 6
86
77
56
59
 7
23
73
48
19
37
 6
54
34
78
47
15
23
41
78
88
61
87
62
47
85
87
 7
90
 2
76
 3
 2
40
69
22
40
15
85
99
13
69
79
47
75
70
61
55
52
36
94
30
92
51
41
91
66
63
58
20
27
 5
19
42
10
44
39
69
33
12
 6
74
55
90
82
91
41
19
74
65
 8
21
51
28
 5
82
91
93
86
88
52
87
38
68
35
87
10
36
46
92
35
81
10
97
63
 4
55
82
90
34
29
15
47
57
44
45
83
51
12
20
26
72
99
85
72
15
39
81
53
40
 1
42
66
41
21
73
90
15
55
26
85
 7
37
47
 7
11
52
10
 8
95
73
32
78
16
83
47
 5
98
34
74
63
61
53
29
66
42
57
19
66
16
