1500
23
12
44
44
15
46
 9
19
57
92
39
73
77
 1
97
44
53
64
28
75
60
48
55
66
33
97
65
60
91
74
63
 9
17
68
38
29
78
45
 6
84
86
44
95
88
53
17
32
83
49
10
65
92
37
78
29
80
75
39
59
33
70
41
62
96
43
87
63
67
44
53
14
94
43
44
16
76
15
63
 6
 6
96
99
79
64
97
17
 7
99
46
67
90
98
63
89
38
90
40
33
 2
83
11
57
49
80
99
47
14
70
32
 7
 1
40
80
51
88
 9
61
80
14
26
14
42
57
34
14
64
33
38
40
78
11
89
19
 4
47
13
28
17
74
92
21
69
18
52
84
91
84
30
92
43
96
94
49
31
33
98
16
66
13
20
73
 6
14
79
60
99
63
91
94
25
55
45
48
34
87
39
87
60
28
15
 8
43
24
76
19
11
58
41
 3
62
62
52
70
 8
13
32
69
 8
78
56
64
54
84
16
23
45
52
35
66
 2
55
35
64
74
84
72
85
68
48
90
60
71
92
85
54
85
76
14
32
56
93
76
97
94
64
77
 5
 3
83
 8
91
74
71
46
70
89
91
23
 8
99
91
60
21
74
30
 3
45
50
46
71
75
25
32
57
53
49
66
87
94
70
73
57
34
43
55
87
78
 5
79
 2
42
10
44
52
61
16
29
25
63
22
38
37
80
59
39
41
85
27
36
85
47
67
32
21
61
82
56
85
90
91
 3
15
43
16
40
46
 6
93
63
 5
22
31
35
27
68
62
80
 1
47
47
87
99
58
72
96
69
36
77
96
50
55
82
40
 3
58
39
78
13
27
68
29
29
33
16
99
44
12
95
46
44
87
40
12
38
75
27
23
 7
19
20
72
74
63
69
92
45
38
15
35
 3
43
59
42
20
 8
25
57
73
28
80
46
16
50
41
69
94
89
29
89
71
66
16
45
33
59
 4
80
48
26
85
56
53
21
44
43
35
49
17
12
85
81
98
13
93
78
99
90
49
39
37
97
39
34
75
55
92
30
96
46
57
62
 3
59
83
71
60
93
62
61
57
36
35
84
88
 1
87
12
72
80
64
11
68
68
17
72
23
12
97
11
16
56
55
83
29
35
 1
54
 7
78
32
44
24
76
60
94
51
86
45
86
27
13
87
37
 1
47
46
29
86
94
79
82
92
97
50
25
37
45
93
74
39
98
97
93
 1
48
83
18
46
67
48
35
38
38
51
97
68
98
 5
49
 9
60
54
75
15
80
93
20
 4
22
37
86
73
85
58
 2
86
42
14
 6
89
64
10
88
89
75
70
18
68
12
 5
74
39
30
20
66
31
33
66
94
21
72
89
90
85
85
39
58
83
19
43
59
60
19
78
73
78
15
46
72
56
97
88
43
38
 3
62
73
47
11
85
75
87
73
91
33
 9
69
 4
53
 7
11
47
21
95
94
41
12
 8
21
64
81
46
85
40
90
71
47
49
71
32
86
 2
84
13
74
72
 6
40
31
49
69
78
24
86
87
92
77
14
26
88
29
92
11
12
30
70
50
20
 4
34
72
11
58
99
40
14
96
43
52
29
84
 7
85
32
33
 7
95
 6
73
49
34
47
45
84
76
85
 8
28
50
70
84
53
40
69
44
 1
59
18
33
98
57
92
65
43
80
10
88
38
34
51
14
35
49
13
49
79
37
61
14
97
16
20
75
29
87
51
83
58
53
62
48
20
56
98
33
57
29
63
10
91
35
 4
49
92
81
28
90
 1
 1
90
68
96
71
74
31
68
69
62
39
59
33
92
79
72
31
82
67
83
 3
53
88
69
78
95
52
75
40
44
94
52
23
83
14
75
36
49
80
60
88
66
95
29
 5
64
34
 5
 8
34
69
92
69
49
90
51
93
22
20
75
31
20
53
28
 5
11
11
20
26
68
24
79
97
83
58
23
71
42
95
49
63
 4
65
86
93
32
50
 4
52
34
65
17
55
25
35
 2
95
 5
47
53
56
68
33
86
93
 1
54
33
34
 1
14
24
18
 1
98
 3
39
91
75
80
77
46
31
59
12
39
77
34
87
53
26
27
37
92
52
23
21
56
35
85
88
23
13
31
41
93
37
14
61
24
47
17
35
27
75
93
94
49
90
70
26
 5
78
33
73
92
96
19
69
52
70
41
29
 3
90
58
47
13
72
27
20
39
17
31
41
10
81
48
98
54
56
37
98
68
54
93
72
32
53
84
78
50
54
92
49
42
15
74
99
44
13
80
65
52
 7
29
57
83
54
85
11
61
29
48
39
12
25
66
33
81
82
18
33
68
 3
70
33
52
24
37
 8
36
94
52
47
91
14
98
90
97
20
 3
20
86
35
 3
34
59
86
44
54
25
15
99
66
87
52
39
68
54
32
83
27
93
71
49
13
90
 5
15
97
62
25
29
 7
54
70
79
11
 2
54
54
31
49
54
94
55
45
63
95
33
79
21
39
61
85
20
18
 5
97
18
33
80
44
41
29
52
 3
 7
48
46
80
65
57
54
57
75
54
26
40
15
71
 9
66
46
13
59
36
40
36
62
66
65
96
88
72
59
 4
33
72
84
56
63
 4
80
49
13
58
26
10
50
29
10
34
70
65
36
95
19
28
52
14
25
59
30
33
17
32
94
85
23
21
18
39
32
34
81
58
92
69
24
83
49
29
73
83
87
34
89
66
83
 8
98
 2
23
52
65
50
 9
72
80
42
92
 8
90
18
71
95
71
50
75
20
60
75
88
17
53
55
32
41
78
84
43
78
44
79
90
26
99
45
53
97
76
78
10
10
61
95
41
72
75
24
40
46
97
73
80
27
16
20
68
63
44
98
35
 4
74
62
54
73
30
95
88
73
60
29
37
 7
58
59
57
 6
41
11
62
95
69
50
85
55
54
81
60
87
 3
36
44
 3
99
 2
37
95
27
67
97
24
35
66
39
89
81
81
74
97
39
79
17
25
84
60
12
54
76
76
67
11
41
14
 2
59
48
82
60
 5
34
 8
11
33
22
95
70
59
 5
21
97
11
58
31
72
99
19
45
12
40
20
80
44
37
18
31
84
16
73
21
45
19
64
50
 5
44
67
57
87
27
73
15
77
64
13
 3
95
94
22
30
85
84
40
98
45
81
62
68
18
68
48
73
 4
70
 5
10
 3
61
37
25
43
11
 3
93
14
40
38
63
49
93
19
23
82
20
14
74
22
69
78
95
75
81
67
25
49
97
11
90
76
44
21
 7
84
41
80
65
52
75
88
19
95
90
 1
17
95
38
42
82
21
32
40
65
73
71
51
 1
91
47
16
74
45
16
29
49
57
55
68
22
82
71
46
 8
91
88
33
91
67
90
44
33
85
15
93
12
77
17
37
54
35
78
19
35
72
57
93
25
 5
 1
97
45
45
83
 9
 5
88
 2
55
 8
83
86
66
70
57
68
56
58
 2
57
88
76
81
58
93
26
69
 9
69
50
65
35
73
97
27
31
99
18
41
50
76
13
81
97
71
74
73
56
20
 9
