300
61
67
 7
24
86
50
80
55
99
91
80
76
82
92
23
39
30
19
96
78
93
25
73
15
27
36
48
97
65
73
69
12
75
 5
39
58
 9
53
14
53
 2
25
89
31
36
61
21
18
20
43
26
53
94
86
53
25
40
88
56
93
69
71
42
73
84
52
45
53
96
16
 2
 8
78
 4
62
 1
43
 3
23
19
30
41
24
45
84
73
64
94
 8
81
26
51
72
38
20
98
88
91
58
90
84
15
80
82
12
49
 9
22
56
23
86
53
 8
49
57
23
20
98
57
55
12
42
52
49
 5
58
19
 9
80
12
79
33
49
88
10
74
87
90
15
20
81
86
86
62
94
14
67
49
 1
29
99
70
32
 7
 7
57
41
78
75
67
54
15
84
33
16
36
69
18
80
70
34
 5
65
21
21
26
32
89
62
63
79
90
84
38
48
18
30
23
 5
 4
51
71
96
10
23
23
59
16
64
77
66
34
95
66
 8
10
15
57
55
38
27
90
48
71
26
95
31
31
36
81
66
98
27
47
92
14
 9
23
96
42
17
55
20
43
97
83
51
97
 6
 3
 1
35
16
43
52
19
57
 9
51
10
 9
53
45
86
 8
62
25
56
37
34
95
93
74
86
 8
64
13
17
84
87
62
42
97
63
53
17
80
38
39
80
77
24
 7
41
 2
50
17
14
73
74
68
45
69
 4
 6
40
95
74
82
13
