300
66
21
 2
81
56
 8
36
30
89
88
74
77
25
29
69
83
 4
97
80
33
22
 1
48
69
19
49
91
15
12
 9
46
26
 6
68
41
78
38
95
25
32
55
95
65
76
88
61
 2
86
44
12
 7
10
45
14
 7
20
71
 2
29
17
17
52
39
61
99
63
 8
92
75
86
97
22
69
42
 1
55
65
98
 3
31
 5
13
26
42
 1
39
12
 5
18
91
 8
54
60
59
11
47
78
87
26
21
59
85
 8
99
95
 1
37
17
16
24
97
18
65
39
99
17
 2
10
30
91
23
94
68
71
76
94
48
99
71
34
95
41
25
59
38
 4
 2
52
 7
54
53
79
36
79
 2
39
63
 6
 9
23
51
85
51
98
26
99
54
77
58
69
 1
 5
87
18
55
30
86
 5
47
88
 6
34
33
67
83
84
86
65
25
64
27
31
88
28
60
98
68
53
21
92
73
40
89
10
43
99
81
83
76
 9
90
11
11
17
62
49
33
33
89
84
60
33
12
47
76
86
 8
 1
54
31
56
78
43
31
54
70
76
18
81
62
56
57
87
29
65
41
91
46
97
61
76
73
20
37
63
46
69
72
47
21
12
17
85
37
42
95
12
15
75
90
78
71
90
22
88
61
84
36
18
37
12
41
13
15
27
86
30
59
47
25
29
80
46
77
78
27
67
23
72
82
94
20
44
68
67
13
42
40
58
 8
