2000
26
20
81
80
59
76
53
 6
68
85
63
67
 2
22
45
29
38
 7
27
86
98
95
51
48
 4
38
73
75
35
41
70
89
 6
90
55
85
96
75
 7
58
84
57
25
73
93
39
42
 1
 3
73
50
31
64
66
14
 3
35
 9
26
55
76
 2
58
27
61
 3
73
48
 3
56
57
90
48
40
26
72
92
91
70
70
 2
52
 2
19
32
56
44
61
30
70
60
33
89
45
24
54
71
 9
59
70
41
97
42
69
30
82
82
85
98
49
94
14
83
69
64
67
14
 3
16
79
85
 5
 3
 4
70
43
24
85
55
17
57
90
73
89
68
47
52
98
32
75
12
90
55
90
43
16
46
33
20
47
72
 6
47
53
 6
90
21
80
79
25
82
96
38
80
61
31
15
57
84
61
35
32
28
 4
62
45
24
42
76
 4
58
44
28
64
 8
18
38
55
33
49
88
58
68
77
87
46
58
28
33
24
38
98
75
84
39
86
96
 7
12
54
 5
 6
34
53
72
67
 3
57
93
92
97
53
18
57
76
45
20
29
18
 1
49
46
76
 3
58
94
34
45
14
87
46
22
 5
95
46
50
63
14
19
93
88
31
 2
 4
 9
75
13
48
66
 4
88
72
56
18
 9
23
 7
59
 1
96
37
85
 8
69
68
64
93
13
34
84
87
 5
60
35
31
20
72
55
38
93
83
80
18
81
21
 8
89
66
70
 7
20
68
66
82
26
84
15
40
70
35
85
42
86
30
67
 1
67
34
91
18
51
47
47
 3
48
71
84
78
21
 4
22
 5
73
92
72
44
78
13
78
85
70
14
94
40
42
68
89
61
87
85
23
73
 4
33
58
49
21
97
56
67
51
62
49
51
37
16
93
22
86
59
22
91
81
59
 8
 9
29
75
33
83
68
24
94
13
92
37
35
32
71
24
21
 3
77
29
67
80
84
89
45
50
24
89
26
93
86
91
42
70
63
68
18
68
81
 8
 5
14
61
 4
22
97
34
25
31
96
43
49
14
60
86
80
12
48
 4
25
92
51
70
38
90
25
13
23
94
50
96
 5
23
41
 1
36
82
29
40
82
14
41
37
29
43
93
11
59
50
19
92
50
50
65
12
35
16
61
90
76
29
99
78
91
94
36
47
96
 5
41
17
87
70
18
95
35
37
17
22
 7
90
52
99
 8
45
69
86
31
50
50
57
22
13
21
89
55
35
31
85
 8
94
84
88
44
67
90
 3
90
95
 2
80
17
33
20
82
98
45
29
66
80
 2
50
18
15
58
52
90
92
29
40
48
51
84
42
77
61
49
 7
87
79
41
54
45
89
50
77
48
86
42
47
24
52
48
96
29
68
97
65
38
 9
37
63
10
68
24
35
99
60
29
98
30
47
21
12
70
34
86
67
46
89
50
59
23
18
40
19
89
55
89
69
85
18
87
83
98
59
89
16
72
69
92
84
51
93
99
52
 8
70
59
15
74
88
 2
37
29
62
97
25
46
 8
10
 5
82
45
85
67
84
83
75
71
 8
29
 1
65
24
81
68
82
 7
27
56
30
78
24
57
83
 1
80
18
 9
94
19
59
47
75
23
 4
67
86
59
98
26
14
88
79
26
65
34
36
46
13
44
38
 7
51
92
91
39
97
75
63
45
76
39
59
 7
10
95
87
22
70
67
 1
33
95
 3
32
37
41
30
35
21
67
67
36
25
32
54
 7
77
72
57
72
 1
79
78
51
30
27
15
56
50
50
43
41
85
56
41
32
53
61
12
19
18
11
53
54
45
 5
26
25
 5
75
52
56
19
39
 7
 4
94
62
41
99
57
81
85
 5
 7
96
79
25
13
85
77
67
84
79
69
69
18
 3
84
91
66
56
87
93
32
35
55
 2
15
52
48
79
33
72
51
95
58
10
 4
27
40
19
84
74
 1
 6
91
29
72
 7
67
70
38
59
 6
39
56
99
10
56
37
29
13
30
52
76
56
42
32
93
 9
29
41
13
54
62
80
21
 5
52
27
42
68
51
29
26
56
18
88
 6
19
95
44
19
29
55
73
92
73
90
58
34
 1
90
 9
68
63
73
75
49
 4
30
80
82
43
43
87
94
98
27
17
76
92
74
53
48
92
34
37
68
40
15
99
20
91
45
21
29
48
70
68
16
90
28
18
47
 7
78
90
 1
 2
35
 7
82
94
66
15
40
14
15
72
95
51
 6
51
35
 7
97
35
89
 6
39
75
42
81
78
10
 6
33
 9
54
76
43
82
14
38
52
69
15
12
10
19
90
18
57
77
46
61
77
24
97
87
91
86
53
45
97
89
10
68
54
13
28
51
10
81
72
 8
51
 1
71
80
 9
39
87
20
73
68
49
74
47
73
39
13
21
42
84
39
70
42
55
99
63
85
92
52
99
18
 6
 2
37
 1
40
58
47
42
43
37
70
34
61
49
66
66
71
95
68
58
94
34
41
84
67
 5
14
47
66
 1
20
46
19
76
12
32
 9
55
71
61
22
50
80
56
16
56
95
94
95
19
68
 7
35
40
61
40
56
39
14
37
 1
17
83
95
 5
35
41
78
 1
76
35
 9
72
87
95
38
82
66
 7
22
92
 8
15
84
97
59
91
 5
 9
 4
36
21
82
17
17
67
35
29
48
46
73
27
 5
62
30
24
65
 2
66
42
78
85
28
37
58
 6
 9
97
 1
44
 6
47
12
81
32
16
55
31
71
57
14
62
17
 7
54
77
10
80
98
91
 2
48
99
92
55
30
13
12
24
50
68
95
 3
66
27
27
 4
23
41
32
54
60
80
78
58
13
67
75
16
27
65
79
62
40
69
22
10
50
49
60
38
15
81
70
45
 1
33
84
87
46
27
85
15
33
50
63
58
40
36
54
34
77
94
52
55
75
94
28
11
15
97
37
77
81
38
51
62
40
38
 6
 5
88
77
79
64
12
82
13
11
77
64
80
36
96
73
21
20
 8
92
31
63
86
50
43
 7
42
45
90
67
21
 9
61
17
53
62
73
98
82
96
40
45
14
62
95
74
91
48
20
32
84
91
28
55
70
54
 8
19
81
21
16
57
25
72
48
14
35
64
96
98
77
73
84
24
33
50
11
91
18
28
 4
 3
53
26
87
62
25
19
77
46
83
88
23
15
81
15
80
24
32
72
56
31
73
51
 3
47
19
62
11
11
80
76
49
73
56
40
45
39
52
15
22
53
27
83
83
 4
69
82
95
 7
35
88
23
45
98
28
78
44
47
34
47
41
29
21
56
24
36
90
15
29
99
68
34
39
90
52
37
77
10
80
55
58
30
20
47
74
23
60
12
83
93
18
52
73
60
43
45
65
27
40
79
59
63
65
28
39
46
47
98
69
72
72
41
 9
 6
87
46
38
68
66
31
66
33
70
23
84
16
90
58
46
63
63
91
39
87
54
38
20
65
30
53
98
75
82
54
22
42
18
11
39
 1
20
78
27
30
60
31
40
89
65
60
48
76
41
80
63
61
39
22
83
15
77
56
70
83
93
23
96
21
48
 4
64
30
59
24
35
54
65
19
81
16
31
38
85
93
67
43
13
19
86
59
68
60
68
38
71
 6
48
92
66
16
27
58
85
20
76
59
95
66
71
 3
40
79
 8
99
11
41
43
49
51
48
20
51
45
61
94
99
74
 2
49
34
97
 1
 9
84
58
77
29
95
46
27
75
66
32
14
78
74
 6
37
79
42
26
77
24
22
19
76
57
14
36
73
57
37
93
44
60
56
25
53
28
68
60
91
81
72
55
94
85
15
90
 3
96
37
69
82
43
15
31
60
67
24
97
74
92
15
88
15
57
25
 8
50
48
30
44
16
 5
48
93
47
27
94
20
50
24
18
99
89
78
97
55
67
43
49
84
 4
37
 3
53
75
81
14
17
16
20
62
41
47
70
98
13
43
63
11
79
93
 1
43
17
68
92
59
99
42
13
74
 7
 5
27
57
93
85
28
15
45
44
37
61
26
34
12
95
68
 2
15
80
90
42
74
44
 9
38
 7
10
 8
34
17
61
60
69
65
57
48
 5
 1
94
72
76
49
51
 9
21
71
87
94
88
58
41
12
 1
 5
20
43
61
 2
81
57
82
 1
43
21
37
 6
 2
90
84
11
92
59
 1
68
74
33
48
 1
90
13
16
33
56
34
71
57
46
76
51
18
29
59
28
23
22
53
93
69
15
29
77
81
14
53
51
63
96
81
53
64
96
27
42
36
11
80
55
 9
66
45
66
55
29
61
 9
50
76
 6
72
32
40
 6
31
42
44
85
13
63
 6
64
71
30
65
30
74
23
 5
13
46
46
99
74
11
71
79
43
54
56
50
 8
52
28
44
96
89
35
34
70
11
58
 9
31
35
79
32
92
64
10
70
24
39
63
34
71
38
86
99
21
96
29
66
77
59
55
14
15
96
10
10
 9
23
93
38
62
70
 4
 1
74
14
72
54
42
25
66
31
28
45
77
32
43
63
60
15
15
68
69
59
 5
88
26
67
82
70
80
47
77
 3
99
51
20
68
46
27
29
89
68
22
20
81
81
41
92
75
55
59
 4
98
82
14
46
 2
51
76
63
24
81
 9
24
57
77
31
52
22
24
80
82
16
92
15
 8
38
94
12
89
56
26
35
15
17
70
28
52
69
64
76
 3
99
27
21
89
50
55
60
86
15
61
32
36
85
72
83
39
54
72
51
85
22
97
48
 1
