200
83
91
53
85
48
98
32
36
79
 3
41
53
28
23
85
14
60
22
29
 3
30
33
17
87
67
49
 3
88
25
97
89
73
12
82
 7
84
67
11
14
41
79
68
65
14
 9
77
13
14
37
 4
92
13
86
29
74
 4
22
69
94
43
 9
66
93
86
13
99
45
33
23
66
 3
16
95
92
69
52
76
93
90
69
19
56
98
42
56
74
99
42
26
93
20
59
26
99
25
62
85
21
12
78
43
59
90
61
 5
31
65
17
70
28
16
67
27
86
97
 6
63
72
71
46
26
56
50
97
62
10
18
78
77
82
69
 5
51
94
40
62
25
97
84
84
27
50
58
72
31
61
67
56
33
29
37
43
15
51
78
56
 2
20
76
93
79
82
 5
32
67
85
85
88
25
66
81
72
76
39
58
39
48
 7
 2
78
81
64
21
43
35
33
18
66
25
64
76
53
33
75
24
10
 9
52
35
92
