5000
70
70
17
 4
35
90
65
 2
 2
57
30
16
21
70
18
65
53
46
27
52
79
30
19
55
10
96
89
69
56
86
56
86
61
39
40
79
65
46
92
56
95
97
42
62
66
52
97
13
69
70
89
97
38
85
84
71
78
31
71
56
36
85
20
69
 6
83
40
16
37
19
35
43
57
36
59
11
66
78
10
59
96
31
31
35
29
24
62
73
48
 1
29
65
 7
65
 3
33
 5
65
 4
34
55
68
 1
13
16
61
80
32
90
21
18
88
62
22
47
55
57
 7
43
49
21
78
26
80
82
47
 3
51
12
10
35
91
24
58
71
96
46
27
31
28
 4
58
59
66
41
95
56
79
24
 3
95
77
43
90
48
22
78
68
92
83
23
96
60
80
44
62
97
14
67
40
57
36
66
80
40
45
53
63
94
69
28
90
59
16
13
29
 1
45
 5
71
17
73
83
69
33
26
12
63
 6
65
50
72
24
28
39
83
43
60
66
98
24
18
65
59
43
 9
69
42
13
41
68
10
89
49
84
29
22
89
23
55
90
39
10
50
25
11
77
77
16
31
94
30
27
51
28
 6
27
86
 4
38
35
30
74
45
 1
24
64
36
22
65
66
40
22
 6
10
62
68
27
32
80
84
63
 3
48
 9
32
 5
39
69
61
51
83
41
71
24
51
 8
92
 6
11
47
81
30
29
36
19
55
55
89
49
55
16
43
45
94
 4
93
56
83
72
93
30
93
 8
22
57
13
 8
43
37
44
31
35
 2
 1
45
49
20
 8
37
42
87
91
22
61
50
29
 5
31
55
46
33
96
75
61
94
95
16
38
 5
 8
22
57
37
46
26
56
16
42
32
66
72
 4
87
84
43
75
34
 7
21
91
92
72
56
49
62
29
90
99
 7
90
44
79
98
69
25
59
84
78
83
71
64
83
86
72
26
75
34
98
42
78
78
65
69
40
86
92
43
24
 1
95
27
59
35
 5
99
53
54
78
44
41
95
63
 8
54
66
71
15
99
59
12
98
38
64
66
19
22
76
39
52
14
90
63
 4
28
94
 2
44
30
40
28
 6
16
12
18
41
22
52
40
 2
91
90
70
14
29
26
32
 9
88
91
76
 8
14
81
 8
 4
81
51
61
37
65
60
55
 5
72
99
 8
26
78
51
46
70
81
13
 2
84
41
69
18
41
 9
 4
60
13
91
59
51
24
96
43
45
61
70
48
27
12
78
36
74
 8
60
24
72
33
97
18
 4
88
11
58
 5
53
45
92
19
58
55
65
45
98
52
17
89
91
 7
 2
34
29
92
 9
32
16
52
94
31
42
65
 7
48
90
23
19
93
17
60
53
54
16
64
 2
56
94
19
29
99
83
81
72
90
96
78
14
69
66
85
43
49
81
 5
90
75
38
 7
33
 6
37
11
84
39
40
22
29
76
14
66
45
54
77
49
73
28
86
89
55
43
57
36
10
80
70
34
88
 1
65
38
47
88
55
53
96
18
74
80
68
19
91
62
39
 3
97
10
80
 4
 7
82
48
85
73
33
97
98
62
69
31
 9
87
44
62
 9
44
38
 9
 6
43
38
99
17
99
70
97
66
54
 9
25
94
97
 4
18
98
79
44
65
97
44
21
58
59
 8
93
39
53
14
16
50
91
57
39
63
29
42
50
11
42
39
44
97
 3
37
 4
97
55
30
89
31
97
37
99
17
80
 9
 5
 2
33
 6
30
59
37
12
76
57
33
57
59
84
91
32
54
50
45
33
24
31
 4
62
35
73
38
99
10
65
74
63
43
29
82
98
24
84
74
82
89
40
30
21
52
32
55
93
29
94
69
31
 8
68
61
95
92
31
78
22
54
71
16
26
18
62
54
 4
36
81
 6
34
62
28
42
39
80
72
41
71
 2
97
39
12
90
71
16
34
21
 2
 4
28
33
11
49
34
90
 1
25
67
 5
17
 7
16
29
99
12
55
90
39
31
97
56
91
42
85
 8
14
33
70
28
40
18
79
43
70
90
12
65
 4
92
70
61
67
27
55
69
91
 7
45
28
71
78
85
20
64
86
 5
92
74
43
76
64
64
47
69
75
44
31
67
94
88
79
30
36
16
85
73
10
98
17
22
35
19
 8
36
69
63
 5
46
71
42
54
11
32
48
43
25
22
38
30
90
75
34
23
91
57
59
73
67
22
74
47
29
49
42
17
33
27
94
48
30
70
18
41
17
76
27
75
 9
68
64
22
58
57
76
89
41
46
 1
54
23
28
35
34
47
 8
10
73
45
61
29
91
 7
11
10
55
21
90
95
35
20
 2
48
11
33
31
13
66
96
24
53
62
10
93
54
29
90
39
99
19
24
89
87
32
60
13
34
17
36
18
 5
39
88
98
22
72
59
36
98
57
11
10
39
 8
82
33
66
 8
 7
77
99
65
 9
75
60
88
12
91
21
19
56
43
71
23
79
39
28
56
65
60
49
93
69
17
91
65
76
 9
61
66
79
45
 5
98
22
27
88
 1
16
60
 5
27
62
 1
65
45
95
96
17
82
65
36
39
27
95
56
50
88
16
26
92
26
28
66
24
73
66
 3
80
30
58
28
33
77
19
72
18
83
68
43
51
44
58
43
 3
30
43
35
66
99
10
41
70
27
 1
61
70
19
34
 7
95
60
64
 3
60
78
75
86
21
43
69
46
98
 4
27
11
32
97
 3
60
 2
92
44
54
67
33
84
46
71
33
 1
87
60
99
89
85
52
12
66
18
25
47
 1
71
41
98
37
12
82
47
98
32
25
34
99
14
13
27
 3
34
59
91
24
45
54
75
28
77
81
28
 7
86
39
40
99
81
66
37
41
67
63
17
90
51
14
64
33
17
94
17
 7
36
78
35
48
22
20
36
 4
77
33
53
99
63
33
91
38
34
74
96
73
45
47
67
70
12
58
90
89
 4
63
32
88
60
82
81
 2
10
60
52
76
76
99
83
33
63
35
88
24
85
70
31
57
60
64
80
66
 6
54
96
97
63
26
22
69
 9
33
16
95
48
35
21
41
68
83
86
77
49
32
44
95
88
74
62
91
74
 7
61
40
23
 9
36
72
32
51
59
 8
84
 3
98
27
22
62
53
28
40
96
 1
85
28
72
91
31
91
11
87
71
95
21
37
87
50
40
36
 8
92
64
37
97
83
71
63
77
61
23
89
 1
75
58
40
 1
58
62
86
37
43
18
73
65
79
19
54
40
69
73
91
87
73
54
73
64
 3
32
12
12
45
55
86
55
55
 2
86
44
41
68
 5
60
84
38
58
33
27
67
83
62
61
42
74
78
53
64
 5
68
33
83
17
79
 1
58
28
26
60
64
97
26
28
16
46
77
56
28
53
17
89
94
18
54
 4
92
26
30
53
 1
91
 8
62
34
28
16
99
87
14
78
64
97
98
37
15
88
30
 1
95
50
41
41
60
87
69
48
69
77
58
76
44
28
15
10
76
 4
64
39
61
61
70
14
39
57
89
55
45
32
 1
78
36
79
77
18
86
91
74
13
27
61
57
39
43
68
80
39
58
20
14
50
52
55
44
65
54
14
43
44
11
47
22
91
10
98
88
43
53
15
89
52
48
17
80
20
15
 7
11
96
85
21
42
39
86
 4
 2
 6
75
43
99
47
48
99
80
56
42
98
73
94
98
20
94
 2
93
24
56
 9
69
84
54
12
35
52
81
75
22
 4
37
38
67
33
76
93
40
11
83
22
59
82
 2
38
 8
34
91
32
25
76
85
76
64
 5
81
54
80
71
39
18
66
 9
58
 1
86
77
58
 2
21
62
63
72
81
60
15
20
 8
39
 4
50
 2
71
42
79
 5
28
82
25
90
43
94
 4
75
31
 3
66
90
84
 5
67
65
94
70
29
28
51
29
72
79
78
75
96
78
24
70
60
41
76
70
61
34
42
95
59
47
46
25
42
35
67
48
76
 1
 8
78
43
13
86
30
15
45
57
72
44
 7
50
84
44
73
27
78
31
70
54
65
94
30
84
 2
69
66
52
88
94
96
63
83
 3
48
 5
73
47
76
35
86
 2
36
81
74
41
45
22
65
42
63
72
96
 1
18
38
34
25
34
69
99
74
73
78
 3
31
45
55
90
55
88
35
25
14
11
53
 1
45
50
59
10
32
70
99
56
58
54
59
43
19
82
63
31
53
96
33
77
82
 6
93
84
 8
50
35
22
55
73
14
95
35
26
95
11
74
43
49
82
28
25
57
72
94
51
87
97
51
77
63
68
48
35
89
26
62
70
79
31
42
64
22
63
73
58
51
92
78
35
40
82
57
66
 3
87
32
79
 2
89
73
76
68
57
56
33
17
61
54
 9
64
30
17
19
43
78
 9
80
 2
97
84
93
 8
40
75
59
24
75
46
99
78
70
11
98
 4
51
62
94
64
 9
10
70
51
15
61
70
52
88
71
72
81
92
71
62
89
 6
 1
33
12
45
82
46
97
72
35
96
84
75
62
13
25
56
34
 7
56
 8
91
48
34
15
79
59
89
65
48
84
36
 8
29
62
11
27
25
45
50
 2
 7
72
89
80
84
78
 4
65
21
18
59
49
56
80
85
47
32
15
79
27
62
96
 9
40
49
72
31
76
87
22
32
36
68
70
50
37
90
79
17
69
46
49
95
 4
38
90
10
51
14
60
65
 6
92
37
73
72
25
30
40
64
25
 1
56
23
44
85
60
36
80
97
85
73
70
93
62
56
57
97
18
59
95
62
22
60
53
35
11
46
14
52
60
88
20
98
37
85
50
58
76
93
80
15
43
53
37
90
16
15
64
22
35
80
30
35
81
61
92
22
 6
74
50
 3
81
69
93
32
 3
17
79
76
10
44
60
 8
32
56
79
28
70
 8
48
73
91
93
55
37
36
10
94
22
56
40
56
91
44
44
98
13
91
79
12
72
31
49
20
52
 3
 5
 7
37
 2
87
28
68
30
48
92
78
39
23
76
60
69
 1
38
73
57
78
24
52
48
14
14
29
74
86
93
20
18
89
22
 2
42
27
60
11
99
68
52
14
 2
41
88
55
60
83
86
56
81
53
92
56
29
25
33
74
30
60
49
78
47
76
 4
44
85
21
36
 9
62
48
22
43
93
30
19
24
54
89
75
85
41
75
61
29
96
95
 5
81
46
91
89
91
69
 1
21
43
86
85
78
61
86
53
78
15
45
71
86
79
83
88
65
64
17
74
23
69
28
77
43
73
36
27
54
23
73
69
25
18
55
60
47
69
51
25
82
26
46
75
47
33
93
28
98
33
52
97
 2
74
 5
94
53
19
66
35
15
31
60
63
51
36
64
 7
33
27
45
70
77
17
45
67
89
90
39
21
 4
84
47
18
59
39
22
45
22
34
67
 5
76
71
34
33
19
12
42
 5
66
28
65
71
91
76
50
98
37
57
78
55
92
56
63
28
90
54
79
94
17
80
25
48
81
95
16
 4
34
 8
81
62
 8
60
19
84
40
42
29
43
48
35
87
91
62
35
20
44
23
 7
89
83
96
66
88
98
 4
56
28
69
84
31
31
 3
54
12
24
35
17
95
 9
93
17
19
45
60
92
49
95
 3
22
83
74
25
 1
50
62
10
54
96
10
97
44
39
99
75
36
63
 3
19
 8
65
75
66
65
 7
43
64
51
81
30
62
83
62
64
 1
50
32
14
59
74
60
 5
27
69
33
56
49
18
96
93
 7
75
30
75
98
59
88
80
78
85
55
21
 6
41
25
97
67
55
64
68
47
46
89
67
70
 4
61
28
18
97
88
39
40
73
11
11
52
92
55
67
51
32
44
27
33
60
45
25
52
10
43
11
92
79
18
63
 9
72
20
 3
93
13
11
94
32
34
79
50
 8
93
88
21
 1
 7
66
62
71
43
94
 5
54
88
12
83
39
22
83
65
96
86
53
25
13
29
36
21
69
77
51
16
68
29
72
71
17
15
88
 6
67
24
43
 4
46
55
60
93
51
55
14
55
63
41
50
 3
33
48
32
93
 7
10
92
89
60
96
86
55
62
42
25
89
87
73
57
 2
68
54
27
99
16
95
37
26
 5
16
46
 1
32
 9
60
93
74
15
12
16
31
28
 8
20
74
61
34
13
24
95
98
83
38
17
95
27
41
91
78
78
92
74
28
42
13
82
85
13
73
68
69
95
48
91
 6
21
55
27
25
26
86
28
28
45
41
56
97
55
55
30
60
25
68
64
21
12
98
73
63
50
76
26
66
90
 4
89
55
24
84
81
48
44
11
43
99
91
36
72
12
27
12
29
97
85
46
19
 7
53
34
22
49
17
29
29
58
20
12
58
18
 4
14
48
 7
42
55
49
69
39
54
49
60
41
85
40
 8
88
12
55
 8
70
84
 3
95
32
44
 2
39
66
 6
66
60
45
63
36
48
49
91
88
86
12
96
53
17
59
71
53
 4
73
25
74
93
24
40
25
52
26
13
56
57
67
44
21
42
43
28
39
66
59
26
35
97
42
38
37
99
99
86
89
92
89
14
63
84
35
12
31
61
35
95
86
 4
21
 3
60
20
97
72
36
 3
23
75
 1
48
73
26
38
75
40
70
 6
80
92
79
89
44
84
32
98
69
 8
24
69
17
88
84
57
49
24
35
87
44
50
85
30
78
58
77
76
55
19
85
92
69
53
97
10
83
14
55
39
12
 3
 2
69
84
85
 9
20
80
42
25
42
28
12
21
 1
25
59
81
56
98
33
14
74
60
44
12
62
63
21
56
 1
28
83
 5
35
37
87
24
92
60
84
23
29
34
36
68
28
24
46
 2
70
12
41
62
12
47
54
39
69
85
66
34
62
49
26
80
94
54
34
93
50
36
91
84
64
92
14
38
58
 7
99
70
88
47
55
56
97
27
77
70
40
 5
67
 9
39
 6
19
49
68
63
19
 5
 3
48
13
31
49
79
89
60
75
 1
 9
93
71
 5
54
45
61
86
17
64
65
19
 2
23
80
25
52
 3
53
38
96
70
98
34
 8
62
65
15
72
87
93
32
74
49
63
33
71
99
65
15
90
56
21
75
 8
39
71
30
33
 4
37
97
82
19
16
30
46
47
82
70
31
95
66
23
 4
84
87
23
 1
13
 6
94
19
49
68
67
80
43
27
42
73
86
87
11
51
 6
69
69
 5
25
53
62
87
79
77
91
17
24
59
17
96
98
14
 7
35
20
54
31
75
43
 4
77
94
60
59
89
34
 7
 7
80
70
 8
16
52
32
59
47
54
38
57
71
 2
70
94
58
29
81
19
 6
56
10
68
86
51
31
 3
90
94
24
18
13
89
42
82
91
52
 7
73
28
23
 7
51
 7
11
96
57
36
36
10
64
37
75
56
69
95
76
24
64
 2
35
73
59
 4
19
24
 3
85
19
15
85
12
10
65
43
28
28
 5
68
83
98
81
48
47
69
49
20
88
57
22
68
 2
65
93
71
31
88
33
98
88
53
22
79
18
19
73
39
85
77
86
29
69
86
65
37
19
64
83
15
55
 2
86
10
80
85
56
17
80
16
93
69
76
 9
51
60
 6
55
93
23
11
37
92
63
94
62
44
64
19
36
 9
70
18
11
87
55
15
46
90
82
74
14
42
87
 7
81
84
57
65
19
 2
45
25
28
33
17
99
90
 3
40
97
 4
40
26
37
83
 4
41
64
39
84
72
65
92
18
95
25
18
63
18
24
 5
79
30
26
17
75
57
57
28
41
42
90
36
48
42
 7
14
22
80
71
10
89
17
44
59
77
12
56
 8
88
17
41
 9
21
74
 4
22
50
74
70
32
69
23
20
48
62
 2
51
95
42
53
67
46
11
66
34
20
83
21
15
88
22
45
13
22
27
46
27
 4
43
79
82
55
 1
 6
88
 1
74
10
36
19
69
14
64
82
19
91
93
73
 6
82
97
45
81
18
65
32
10
84
52
72
 3
 7
67
45
65
87
86
 3
34
89
56
68
21
89
58
 3
40
89
14
18
26
31
84
13
48
74
65
23
92
 3
20
83
36
10
35
50
97
34
85
10
49
92
41
28
23
76
34
37
58
74
21
50
37
67
41
66
59
72
 9
76
 4
82
51
40
 9
67
30
12
41
84
44
24
88
86
56
76
10
45
55
61
21
83
79
59
36
65
18
33
16
92
28
71
83
80
55
93
46
75
30
72
53
49
 5
93
80
64
 3
92
26
36
73
98
34
78
80
36
32
74
49
85
70
38
89
82
80
25
28
38
31
57
48
68
97
13
91
16
11
40
12
48
25
63
23
19
61
40
58
64
47
13
52
44
43
33
95
82
54
13
41
19
11
56
31
31
46
29
17
32
27
48
54
15
71
13
24
39
25
72
73
26
 7
69
30
73
11
25
80
40
73
18
61
27
86
34
60
94
82
25
76
33
34
47
30
60
37
39
80
24
11
 1
26
 3
49
 9
71
86
 6
81
14
21
12
81
31
98
24
79
51
83
98
98
48
55
97
16
77
48
 4
74
78
84
59
71
48
68
21
65
46
45
26
94
98
88
60
19
83
18
42
99
54
26
96
20
97
82
43
56
67
41
63
18
92
77
72
54
10
96
79
44
12
54
24
73
75
 2
13
18
30
18
23
25
54
39
86
32
71
45
53
90
 6
94
17
42
78
 9
13
41
10
57
88
25
 9
70
14
54
17
16
75
35
71
73
 9
 8
69
44
89
49
 3
19
72
63
33
65
73
92
78
28
 2
44
84
16
24
56
61
90
67
93
30
86
62
 4
91
12
99
21
53
55
36
57
10
29
 2
43
22
 6
53
84
17
34
17
98
 7
38
70
61
77
65
20
67
54
64
98
23
57
 5
56
62
94
83
62
14
91
48
 5
17
83
63
84
 8
 4
73
99
61
78
83
21
33
52
87
61
76
68
93
17
70
20
68
95
47
15
40
18
49
35
90
 3
96
58
82
 7
22
34
36
46
10
42
 9
79
37
63
98
42
41
81
22
60
89
18
72
96
16
70
29
63
63
11
23
76
15
27
 9
67
58
85
62
18
46
68
68
57
12
73
87
74
 7
38
86
82
 1
70
25
98
31
51
53
61
32
71
58
65
26
97
80
22
22
22
39
31
91
66
13
77
66
28
88
27
38
17
28
43
91
84
87
97
74
83
13
91
97
58
52
70
 4
20
32
38
87
90
96
62
90
78
91
70
82
58
83
30
21
32
80
15
26
49
66
51
52
26
 3
40
81
93
12
49
50
72
98
91
 4
24
16
48
 9
81
48
76
11
79
 2
70
64
33
75
77
37
37
14
74
89
73
17
98
70
83
89
21
82
71
 8
66
90
38
22
83
35
86
25
47
80
93
18
97
 2
98
39
20
29
 7
30
43
38
53
47
76
25
22
82
62
43
64
89
58
39
32
90
25
78
39
59
41
85
81
56
19
83
47
98
43
80
 3
61
91
66
29
77
84
78
84
39
12
96
37
65
70
12
92
40
85
72
19
88
27
96
15
85
 3
86
30
76
55
39
50
 3
15
68
97
93
47
37
32
50
65
27
 8
56
17
45
87
38
40
68
39
43
81
52
45
21
71
 5
32
90
72
30
62
91
65
58
90
75
97
75
 8
57
78
44
27
78
20
46
70
98
21
42
51
53
93
66
 9
27
13
57
72
59
25
42
34
19
57
72
72
 2
77
43
46
45
66
75
83
50
11
92
82
81
22
90
35
44
60
24
27
13
72
85
 7
91
47
41
46
17
60
67
44
45
38
60
55
49
 3
73
98
78
32
36
42
95
94
35
10
40
86
79
 9
35
52
51
21
99
85
66
62
68
 9
27
40
79
41
19
37
48
24
10
27
74
34
99
57
95
48
16
26
60
89
63
42
99
19
40
41
89
96
23
32
98
93
50
30
70
56
83
72
70
22
79
57
41
75
77
21
82
55
93
71
22
93
74
 3
54
92
54
21
64
44
94
88
84
63
62
17
85
64
90
28
89
49
 3
17
80
28
36
 8
 6
46
57
65
36
32
85
49
98
57
24
55
25
 3
31
50
48
29
 9
37
84
52
46
57
26
18
14
63
90
70
14
76
57
10
10
62
16
51
39
25
75
55
98
68
67
55
58
19
57
57
57
65
28
19
33
94
48
99
75
88
69
89
22
72
82
93
82
53
67
 1
51
59
77
85
50
20
86
95
72
80
26
80
96
 6
70
74
99
59
71
26
70
22
 9
83
40
24
69
 9
24
59
94
46
10
62
42
10
71
 6
73
26
41
 7
19
85
39
99
65
33
72
57
55
85
 4
25
96
59
24
45
52
21
 8
41
 1
57
74
33
55
49
77
55
15
58
 4
52
45
18
18
22
61
24
44
76
11
30
98
91
19
33
 1
32
16
56
26
89
81
16
77
51
48
80
 6
30
95
13
73
58
59
84
87
83
 6
81
82
90
91
65
 7
56
60
32
65
67
87
 3
97
31
31
14
19
81
99
44
16
31
98
21
33
46
65
52
27
27
41
49
28
56
 1
63
95
81
 1
89
88
16
47
 5
60
27
43
49
76
75
35
39
87
86
 2
21
38
25
14
47
32
31
 8
85
91
17
86
49
58
67
16
51
13
30
16
68
70
73
 5
32
96
66
27
20
26
67
78
63
16
89
 1
52
26
 9
43
52
55
98
46
12
 8
47
79
70
49
44
62
58
14
99
 4
81
98
72
95
 5
53
70
 4
 6
64
14
70
12
50
 6
80
23
72
12
21
95
80
89
64
11
86
76
 7
95
91
70
20
26
72
95
 6
71
17
33
44
18
58
62
11
31
70
 6
51
80
73
50
 3
 8
33
96
34
44
78
33
11
67
31
83
32
 2
80
26
72
53
85
25
67
75
38
78
62
70
71
22
81
18
53
95
26
13
47
 6
56
54
55
99
87
14
77
72
18
56
57
33
54
44
48
50
35
65
19
94
 9
55
62
 7
97
35
85
10
74
37
21
87
90
30
18
49
91
37
 1
 5
50
46
 9
73
59
 2
20
47
 8
83
87
24
78
64
72
43
20
45
10
42
79
61
78
49
95
73
39
39
30
97
93
82
97
36
15
88
40
38
32
88
40
36
 3
65
53
40
56
51
66
65
41
26
18
33
64
29
27
94
63
10
52
19
67
41
29
 3
25
 1
98
24
42
81
87
38
96
 3
55
81
85
83
53
28
64
75
13
51
48
 2
35
14
 7
87
58
78
57
50
 7
28
58
21
80
95
27
68
99
13
68
 5
58
50
55
29
91
72
40
94
37
78
16
76
68
59
58
82
93
17
19
17
89
 8
14
42
81
43
86
24
23
94
95
22
79
64
85
 7
89
44
95
69
 8
39
78
96
74
69
78
88
48
33
33
77
36
44
52
43
43
17
42
59
 4
26
23
92
84
 2
16
75
55
 4
34
68
88
11
69
39
94
90
98
84
63
83
98
 9
 2
49
14
84
53
28
37
18
78
58
68
35
86
 2
 5
27
89
17
28
46
92
36
43
16
68
81
23
32
23
88
39
16
36
46
 8
14
47
46
39
79
89
55
21
56
44
62
37
83
91
61
23
42
77
13
73
73
31
 8
27
80
61
22
97
44
86
64
15
63
 6
 3
31
59
70
86
45
47
63
36
19
 7
58
21
36
79
49
99
61
92
16
45
58
61
56
23
41
67
98
46
88
46
59
83
25
 3
50
33
71
78
97
42
76
91
84
92
58
64
58
17
27
87
55
78
38
90
36
85
56
98
15
41
54
64
81
37
52
93
59
84
 8
11
