200
17
70
30
27
50
80
28
 6
40
 8
21
91
26
 4
13
42
71
15
 7
92
11
84
68
86
23
77
59
28
90
29
68
13
63
 3
28
32
71
72
52
91
18
10
64
50
79
85
80
23
59
66
 3
37
32
31
70
10
83
62
58
 5
23
57
34
73
70
14
96
 5
67
21
87
 5
37
17
93
42
50
53
58
47
81
22
83
32
62
66
76
18
95
64
95
98
15
87
57
79
93
18
74
96
53
41
62
36
 5
92
93
90
46
65
55
63
63
71
54
49
66
59
50
94
85
76
66
97
71
78
31
23
34
82
26
95
50
59
75
58
67
60
71
53
69
84
54
 8
80
65
38
89
12
91
28
 8
28
51
88
28
93
 2
24
78
40
38
34
19
67
 9
99
31
26
 3
53
21
21
86
 5
97
55
13
80
91
61
50
17
 8
43
 3
98
46
81
34
70
 8
 8
76
 8
25
18
32
78
98
