500
 4
 4
 3
34
39
45
73
46
 1
35
28
50
53
77
18
61
95
78
86
 6
21
81
54
12
29
97
22
39
19
47
26
38
94
88
38
97
28
55
43
52
 2
76
68
26
83
97
10
86
33
73
38
76
24
54
18
88
71
54
14
73
23
85
46
37
38
81
37
 1
 6
76
35
10
 2
65
47
33
62
18
58
76
74
59
92
 8
38
14
70
46
12
91
30
25
15
40
56
33
75
39
 8
96
90
36
54
72
12
36
40
25
20
25
75
67
86
23
67
21
77
86
 8
81
37
25
 7
58
75
55
 9
56
93
75
79
71
93
63
81
79
92
80
45
81
82
16
47
81
75
 9
 5
67
55
 9
93
73
82
25
99
73
77
79
21
19
25
67
 3
45
31
99
66
53
53
52
80
20
72
96
29
25
99
20
64
40
82
28
64
87
29
24
93
 5
92
77
84
21
51
46
51
75
 7
96
32
 1
47
59
87
94
11
83
49
87
63
22
32
56
64
98
30
71
 4
15
86
23
88
16
66
44
97
 8
19
52
27
14
73
12
77
75
29
87
13
 1
 7
44
18
37
12
78
 6
85
69
59
81
45
 5
29
31
76
99
55
39
 3
25
97
94
21
56
63
90
28
90
22
91
82
75
54
60
47
33
94
 6
63
36
70
84
25
92
62
81
47
95
 7
97
44
 6
71
 8
96
19
15
83
10
78
52
60
73
97
60
33
94
45
32
61
16
54
 5
82
25
18
93
 1
28
30
33
40
 4
24
69
60
29
71
11
96
66
22
68
24
27
90
92
29
79
21
51
66
35
20
50
89
72
72
30
41
25
58
54
80
11
60
15
46
16
97
79
20
 8
69
92
87
 4
40
60
86
63
51
47
13
24
99
76
69
56
64
13
57
56
 1
74
83
58
20
73
56
66
50
35
88
 2
95
83
51
77
 6
63
91
66
52
47
87
93
37
40
30
22
29
16
99
48
55
85
53
93
29
38
74
92
54
72
85
73
93
33
13
27
21
80
72
67
62
17
75
66
40
80
28
77
20
50
13
37
87
57
48
26
35
42
84
24
 9
75
40
11
79
69
68
46
86
77
12
 5
40
52
58
71
94
21
65
88
17
59
40
67
37
48
70
24
10
48
65
94
83
11
30
59
90
51
 9
33
79
 6
34
77
64
86
