400
43
47
50
82
21
70
61
24
32
76
17
89
82
29
96
72
72
47
47
64
50
68
79
40
57
37
74
40
35
47
62
98
80
92
45
97
29
66
99
96
67
61
50
65
27
13
34
 8
87
43
56
47
29
33
59
39
56
92
 5
92
44
53
77
64
23
50
22
 1
60
26
35
 1
44
14
94
65
27
28
60
19
53
47
46
54
 5
80
73
95
 7
27
 4
29
14
17
94
97
26
27
36
 1
61
88
34
 9
18
44
95
21
68
 3
72
87
99
44
37
16
73
98
25
75
88
76
32
51
27
67
99
24
91
90
67
44
75
96
38
77
93
19
26
97
30
71
40
79
 6
83
64
90
25
91
88
27
25
40
69
87
62
45
47
51
72
63
13
 6
43
 7
54
50
17
67
76
93
88
76
 5
46
91
68
87
74
48
65
12
83
90
76
19
 9
93
98
64
72
63
31
91
 1
 1
80
69
54
85
75
61
43
18
75
80
22
29
62
89
97
30
40
13
66
 5
99
 4
12
95
88
50
63
 7
39
48
74
81
93
36
97
42
90
16
15
89
29
50
25
34
90
74
25
51
44
81
76
32
89
73
33
34
81
76
87
96
88
47
11
19
28
80
77
76
18
98
11
68
10
74
62
72
36
65
54
90
14
83
 2
88
77
93
43
76
53
85
88
67
46
75
23
37
76
 3
72
25
25
86
68
22
 2
79
18
53
40
13
19
26
96
50
14
31
62
57
47
85
92
92
99
 5
31
39
63
63
39
72
46
71
32
82
57
 9
94
68
67
36
 6
82
85
29
49
89
68
68
94
73
80
22
94
85
32
39
24
71
14
17
29
32
47
44
26
10
85
88
89
11
65
23
95
68
57
69
36
78
 6
53
91
78
19
41
66
23
87
49
69
21
95
17
64
95
 9
24
48
13
91
16
96
54
55
