800
65
52
26
65
26
71
15
13
79
94
58
22
81
97
75
72
96
92
31
97
37
69
30
86
30
29
12
96
65
45
10
61
64
55
22
53
76
48
81
85
65
77
43
 5
14
83
98
73
60
 1
18
90
40
94
44
38
19
83
33
 7
 4
52
61
 4
16
66
97
76
99
77
68
55
81
 5
96
71
12
14
63
25
40
59
45
71
44
25
15
15
40
13
20
53
43
35
44
66
60
36
82
22
 5
14
91
50
17
76
93
82
70
80
66
12
52
98
 6
44
 6
64
93
38
 7
49
54
60
74
93
41
77
86
73
27
14
93
19
38
83
13
54
24
35
78
86
76
 7
59
 6
 9
52
78
34
 5
13
82
81
41
93
88
32
 7
50
32
44
 2
12
68
65
68
51
51
58
 4
54
27
44
34
63
70
27
87
68
11
57
43
25
74
57
 6
48
72
67
65
82
78
74
 5
 7
28
32
14
35
66
67
71
 6
98
72
49
22
40
70
96
 5
50
73
75
51
39
88
97
52
 9
28
15
56
54
53
47
25
64
13
75
98
36
20
85
87
74
 3
 7
 8
73
 2
16
 3
40
25
42
47
76
43
85
74
75
46
26
36
39
25
71
29
72
 6
31
94
85
13
28
32
34
75
63
27
20
46
40
42
19
66
55
55
38
47
62
13
53
67
40
74
53
93
34
14
38
21
26
54
88
 7
98
 4
53
39
44
74
75
87
92
36
25
64
94
 3
18
88
41
 1
12
45
69
 6
67
25
19
 9
49
74
79
97
64
15
24
 6
 1
53
50
26
84
70
17
30
91
90
15
99
61
15
56
 7
24
43
99
49
98
43
28
78
86
98
82
26
77
17
51
71
50
85
51
42
37
99
75
 6
50
27
46
39
55
30
68
33
57
35
89
 8
13
30
89
22
29
28
97
30
43
44
48
73
64
13
90
71
70
37
54
80
28
68
84
 5
38
 2
54
17
74
99
65
70
19
28
47
70
53
11
58
78
20
95
 5
13
 7
21
84
42
69
 4
64
 2
49
14
 2
56
92
52
16
28
38
31
30
 9
75
41
72
92
33
 3
72
28
16
22
34
30
38
 8
19
69
65
83
34
57
35
74
39
45
49
66
76
74
 6
30
55
80
85
28
55
91
36
71
17
19
84
40
68
96
13
77
52
52
35
16
15
64
 5
72
10
 2
85
86
80
95
33
 6
84
27
 2
11
 9
 1
32
87
42
77
26
21
65
21
86
45
15
74
 5
 1
82
75
72
36
 1
44
25
18
96
64
71
78
38
73
24
71
70
93
80
38
70
10
87
97
 3
43
 8
35
11
 3
44
99
31
79
50
 4
71
73
39
19
12
91
69
76
99
29
94
45
92
71
45
17
95
13
64
62
80
41
25
81
12
90
74
30
79
98
47
26
49
75
45
14
36
18
72
38
33
88
 7
34
57
76
83
27
83
62
97
64
18
24
80
27
66
72
59
72
66
88
69
57
36
19
 9
83
 5
23
24
11
69
31
98
93
63
80
46
80
70
21
75
17
61
35
18
23
89
72
13
62
53
41
19
68
 7
60
41
67
69
18
61
52
11
19
57
45
33
91
87
97
67
36
33
87
73
56
72
31
75
92
92
99
24
79
94
33
 7
38
99
64
 8
49
23
27
36
 1
16
62
11
54
55
13
54
38
52
 7
43
98
78
25
82
24
 6
38
82
64
94
39
51
74
91
35
18
96
40
14
89
 7
53
81
63
43
91
64
86
42
60
63
78
13
70
81
45
40
 4
94
56
90
11
80
32
77
67
95
19
77
43
95
94
54
94
 1
78
69
41
 4
86
49
35
 6
12
77
74
93
70
 1
88
45
96
84
35
63
 8
39
28
26
53
38
60
68
40
44
