200
70
44
94
35
68
57
 2
46
99
75
 9
57
43
31
55
65
72
43
 8
76
43
 4
68
81
24
10
86
74
53
41
91
90
 7
82
37
12
60
85
85
50
36
61
21
43
 1
20
26
60
33
20
 7
76
93
70
94
90
48
29
15
63
55
48
57
42
74
16
32
36
14
28
34
44
54
58
28
65
 1
56
50
97
60
22
51
77
30
14
80
45
75
30
16
90
77
 2
74
80
57
69
71
97
27
63
79
 7
86
45
66
85
23
61
41
16
12
56
96
88
99
71
91
15
63
20
38
85
 3
24
40
89
83
31
71
25
94
85
25
 5
13
61
95
 2
51
68
79
39
87
87
20
54
44
88
70
58
14
66
51
13
10
54
23
35
30
45
73
79
 8
91
44
87
57
 4
96
46
64
13
24
74
41
42
18
51
 5
18
25
19
76
99
48
72
77
34
66
66
19
18
32
55
55
93
85
87
