800
46
83
97
93
86
36
48
46
30
55
88
92
98
80
28
69
42
50
62
22
75
 9
27
84
28
 8
84
44
55
14
 1
64
21
94
68
58
 8
 5
21
47
85
55
41
19
64
64
62
25
67
91
85
96
68
52
 8
68
14
89
81
59
80
45
18
90
84
71
24
17
95
22
 7
41
62
98
38
78
30
66
91
50
29
 3
71
66
12
29
30
96
51
56
86
56
45
14
60
29
42
84
28
55
67
11
 8
 2
11
10
86
25
99
50
94
76
 1
33
45
36
71
18
32
36
17
62
17
58
50
88
95
53
41
65
65
95
37
 5
95
88
30
69
15
53
71
91
28
21
 6
92
53
42
 9
11
22
37
31
18
11
24
93
50
61
27
76
 3
41
92
14
49
12
44
62
21
72
87
44
73
12
89
12
50
61
58
83
 3
76
35
62
95
30
47
74
83
68
90
87
44
85
34
 6
98
73
96
99
63
30
88
11
89
44
64
33
35
61
87
50
 4
49
53
23
26
56
55
82
87
99
76
66
99
49
44
17
12
68
59
80
59
81
49
63
41
91
20
34
34
62
73
62
30
63
91
75
98
94
11
 8
70
 8
95
48
35
 3
80
48
64
57
29
90
28
43
 3
88
40
97
 9
23
94
98
91
69
 9
14
43
30
63
70
 7
35
48
18
46
15
79
43
37
97
35
69
86
59
48
51
 8
71
 8
69
71
56
23
27
49
17
74
68
78
40
30
32
78
50
45
30
10
97
17
83
39
60
14
 8
95
67
58
64
67
94
75
93
33
38
87
22
91
48
74
67
56
10
66
49
87
32
97
12
51
70
93
63
48
28
 3
48
 9
41
58
65
 8
35
81
26
 1
16
11
82
97
 5
61
19
18
86
99
14
35
56
50
 7
24
58
16
42
60
87
11
39
57
52
 3
54
 1
67
75
92
67
87
78
32
77
22
 1
 9
90
66
17
40
53
96
57
26
61
31
48
 3
 4
26
56
97
61
20
11
57
44
66
16
92
10
97
36
11
82
34
64
88
83
93
65
63
13
27
80
56
81
 7
12
47
44
26
67
15
23
 9
57
22
74
98
71
97
90
34
84
83
89
71
37
88
92
56
50
42
13
10
93
53
88
48
92
 2
80
65
80
53
31
35
78
15
61
31
19
50
54
37
88
36
18
63
10
 7
98
91
37
54
93
13
78
47
72
65
32
13
44
22
44
47
57
57
69
28
 9
27
45
67
32
90
69
79
16
33
84
10
62
84
51
 2
23
96
26
39
 5
17
31
51
 3
67
14
 3
55
82
83
71
55
43
46
33
38
24
10
41
68
 3
73
43
36
62
74
 7
10
19
38
 1
41
 8
53
 7
59
71
55
98
66
64
33
81
73
41
28
 8
72
16
50
74
94
89
93
21
49
 5
53
16
93
35
23
77
24
88
18
91
49
 1
43
85
17
 4
94
13
70
69
 4
22
17
91
90
54
47
 9
76
28
19
34
86
94
46
95
 3
85
78
58
 5
44
42
19
63
83
14
48
98
43
87
80
98
77
40
24
90
72
14
72
60
23
48
23
39
33
78
50
 4
13
15
63
55
17
45
87
 7
88
52
92
37
72
 3
22
46
48
94
30
70
51
18
90
95
35
22
88
33
40
34
45
65
20
27
92
64
90
95
61
77
65
 9
77
61
22
24
37
89
81
15
74
 7
27
15
67
38
66
10
95
46
50
88
22
35
39
93
87
94
66
67
97
89
51
48
90
80
37
95
66
81
92
25
71
39
63
94
 6
56
89
67
55
21
17
55
20
69
73
78
33
59
64
68
45
63
55
15
67
66
80
98
48
83
76
27
80
64
42
83
 7
25
52
32
27
57
15
79
75
37
 1
28
