300
28
30
83
48
25
62
63
38
79
87
33
33
48
47
 7
47
65
52
38
77
96
70
73
98
58
14
69
21
 2
 1
80
88
41
31
35
75
13
35
87
72
47
98
88
13
38
88
45
25
95
40
15
87
66
16
23
30
 7
53
14
 2
86
62
47
17
17
93
63
 9
83
71
96
22
64
81
79
39
28
12
14
97
78
55
52
83
57
47
77
58
51
65
80
 6
34
54
83
57
83
 4
79
83
95
58
 9
 7
44
61
98
10
 4
26
49
32
92
39
 1
98
53
81
63
68
 3
80
49
69
 3
67
90
90
69
56
70
24
64
40
64
78
 3
77
11
 3
98
 7
11
26
12
44
78
46
88
92
33
83
75
41
69
16
 2
53
83
37
95
61
89
35
44
20
24
30
47
75
53
84
96
83
77
18
 8
31
78
25
43
14
61
57
75
95
66
51
85
25
 6
46
82
31
67
 6
37
63
74
80
85
10
34
 5
23
48
52
72
47
70
64
14
46
41
40
80
 8
 7
32
68
55
52
20
 5
48
90
 3
13
97
91
20
90
20
45
33
93
54
51
58
94
96
41
73
83
68
23
89
79
77
43
35
41
59
64
11
32
 3
75
66
15
20
88
86
47
52
57
 4
71
12
 2
42
24
17
34
11
84
34
74
45
 9
78
82
12
31
93
51
85
85
60
31
 6
54
51
94
28
80
78
28
71
41
