500
14
49
55
68
93
81
15
21
23
93
16
 2
66
16
44
59
95
47
19
28
77
23
88
76
24
97
45
96
11
41
42
86
18
48
50
19
 8
39
39
47
96
80
 5
42
35
87
50
 5
49
38
29
61
52
67
54
72
97
57
 4
70
62
13
93
52
44
28
78
47
53
 7
28
86
96
 1
60
81
18
86
66
56
94
30
97
31
71
16
90
 6
13
41
44
30
56
71
68
20
58
55
10
16
20
87
49
20
52
39
 8
14
 5
19
48
14
99
94
85
42
 1
51
24
74
48
86
31
62
 2
50
34
59
28
 8
88
70
45
44
86
62
92
85
48
20
32
48
76
16
31
14
17
79
49
16
 1
11
80
41
96
39
62
43
80
72
17
74
30
42
13
99
51
65
41
42
48
62
84
 1
51
33
48
80
96
18
75
13
90
82
81
59
49
16
45
 7
21
 1
83
48
21
44
54
36
70
13
20
21
53
90
90
59
94
71
 9
94
93
14
82
 3
84
90
23
 9
65
34
 1
53
87
16
83
36
20
74
47
92
99
23
46
41
76
37
29
68
54
70
68
66
56
 9
23
 7
95
73
69
62
97
19
33
55
38
25
71
52
56
19
17
69
10
51
35
32
 4
17
23
29
96
 5
79
15
98
26
96
 5
60
98
86
 6
65
76
87
47
49
67
97
21
34
45
35
28
96
82
 1
33
91
33
43
 5
 9
83
90
69
12
78
46
35
32
73
33
34
63
 4
60
19
21
24
10
76
26
 4
20
86
79
39
48
93
71
71
 9
18
 2
49
45
67
52
58
65
98
91
35
66
47
57
77
91
23
75
 1
51
61
79
32
38
25
96
81
87
69
46
 2
83
46
10
80
87
57
53
46
91
51
39
58
42
60
84
58
69
68
55
44
61
28
12
50
 2
78
12
94
19
31
85
78
78
33
84
87
58
97
21
 4
12
13
97
51
10
93
55
95
28
26
26
33
81
37
14
64
68
47
 5
 8
41
50
38
40
54
76
 5
18
90
51
28
78
57
58
 9
55
17
78
51
19
52
26
75
80
42
61
46
64
46
85
83
78
51
18
21
10
15
34
66
52
20
96
25
 3
11
24
41
48
11
57
23
44
67
55
12
36
77
80
42
24
86
10
72
 3
45
26
21
95
12
27
91
 4
75
18
30
91
