1500
26
 4
23
43
 7
30
94
 1
41
30
32
90
36
29
26
75
46
96
59
 3
 8
37
 3
37
22
10
59
90
56
38
15
82
57
32
59
33
51
 1
40
34
22
69
91
92
57
81
22
 9
25
99
 4
57
93
80
26
44
57
42
71
31
65
13
86
53
27
53
81
61
92
46
49
12
75
72
21
98
23
41
83
96
89
94
33
91
35
63
 5
52
92
92
79
35
26
12
65
91
29
64
81
35
84
84
39
49
31
23
42
23
59
 2
97
50
82
29
72
 8
 9
35
72
39
56
50
90
61
37
 6
98
28
52
68
16
45
25
96
52
95
15
19
44
67
40
20
74
16
41
63
18
87
35
 3
80
23
74
15
81
52
47
31
58
24
85
81
21
68
61
18
54
37
52
60
90
16
83
 9
46
71
 1
65
39
 1
85
32
 3
55
66
93
 2
34
49
83
36
75
13
25
99
65
86
44
29
87
61
62
19
39
59
43
66
34
95
14
76
98
76
50
38
20
53
 6
70
18
82
14
47
17
14
32
29
81
39
31
85
 3
62
48
34
90
79
55
 9
50
54
96
42
21
69
41
 3
38
51
78
82
 2
37
37
28
11
66
45
59
46
 7
94
51
68
67
47
16
 8
 7
38
72
 4
99
10
21
88
75
52
39
63
73
48
 3
64
45
25
36
58
44
17
 8
72
22
10
77
 7
88
 4
16
14
48
44
76
11
59
61
69
 6
50
86
 7
83
28
61
68
70
87
 8
53
94
19
 6
68
59
65
11
40
71
34
68
55
14
55
83
62
25
50
64
16
64
 1
 7
92
23
21
72
87
70
93
78
78
89
60
84
 6
90
64
88
30
54
 9
98
30
 2
34
28
90
32
88
44
58
40
74
38
 1
37
57
47
39
94
38
86
39
44
32
31
54
32
93
97
68
79
14
66
 5
50
31
 9
50
50
90
36
72
89
69
60
58
18
37
59
78
64
42
42
78
97
97
37
25
34
72
51
90
 5
48
50
20
21
41
12
44
38
64
84
98
59
32
18
17
92
57
91
28
78
74
13
65
21
14
96
93
32
70
18
59
24
 9
37
83
58
 7
89
 2
82
18
41
55
75
50
10
47
21
13
39
84
26
51
29
89
22
37
22
14
48
 2
32
55
65
86
27
80
89
15
47
75
 6
56
69
28
49
66
96
42
95
92
 3
16
76
33
77
61
41
21
27
10
86
28
79
84
89
70
24
63
28
 5
54
36
68
78
39
76
79
61
99
18
49
84
94
62
85
31
 5
14
52
14
40
76
36
57
14
72
93
48
46
57
74
56
37
77
62
84
35
33
47
69
97
12
42
74
35
34
92
 1
20
 5
66
62
95
80
68
45
42
68
 7
 3
20
60
 6
 1
80
16
14
68
44
 1
16
69
30
81
74
44
55
17
22
45
87
 9
27
11
40
61
42
94
32
40
96
14
78
42
91
14
33
89
83
22
69
53
35
85
92
 9
76
71
95
65
82
14
32
24
12
96
29
29
99
53
13
80
60
56
68
45
79
19
98
59
68
33
18
39
43
91
44
97
17
30
 4
 8
65
 4
39
74
33
60
25
68
66
18
71
 3
32
 7
41
82
 9
85
40
 7
95
87
10
76
54
 7
 2
71
94
95
39
42
50
59
53
99
40
33
 1
33
53
31
53
45
81
34
62
38
94
33
83
34
33
68
73
55
72
96
41
76
45
34
70
40
95
69
77
66
13
47
41
48
56
82
65
61
 9
 7
 4
70
42
23
11
66
75
53
44
40
85
75
97
81
40
12
74
44
49
72
74
58
66
30
37
16
54
10
71
35
52
88
46
 8
41
66
64
52
59
19
70
63
64
 4
67
76
81
92
36
71
40
53
66
86
52
 5
89
 4
11
95
97
63
82
40
83
51
60
22
47
61
50
39
 9
32
66
85
 2
75
 9
36
53
 6
84
41
36
79
53
92
11
55
74
70
28
70
 6
21
15
73
60
93
19
84
49
83
24
26
31
77
18
11
94
97
32
 8
81
16
23
91
90
15
20
84
77
11
 4
 3
62
84
50
19
79
34
 3
33
93
17
91
92
83
79
86
38
46
33
85
 7
12
 1
29
93
17
83
47
76
38
41
29
27
26
82
 9
 4
45
39
76
43
54
 6
95
56
32
38
41
36
 6
89
38
 8
46
70
12
81
19
12
33
88
55
34
66
30
 6
65
21
18
67
56
79
71
34
 8
30
 8
71
48
73
 5
48
16
25
81
35
40
92
75
19
 9
23
54
17
 4
36
24
44
77
25
20
38
76
13
96
74
82
97
16
78
52
33
64
83
55
88
75
15
76
48
15
73
80
77
70
91
19
21
42
20
61
66
42
38
39
33
20
47
81
11
16
17
37
32
58
57
50
79
 8
 8
92
18
58
73
28
61
14
34
89
58
37
43
56
 4
89
31
30
56
62
62
58
91
19
32
39
40
53
48
36
60
69
18
47
97
90
44
52
53
28
85
73
50
85
61
99
 3
37
62
81
63
67
61
61
71
 7
54
39
86
37
70
49
 4
21
34
46
44
17
45
49
37
32
66
76
55
85
55
23
40
32
65
73
87
 4
19
32
90
29
 2
64
59
17
71
22
87
96
32
44
74
64
71
11
10
13
84
50
89
58
39
56
 1
95
54
32
24
56
48
14
99
16
70
93
 8
24
33
80
 4
 2
70
38
64
82
49
30
75
33
32
95
33
45
64
28
78
18
33
31
30
37
95
46
56
60
47
47
38
11
72
51
50
14
90
78
47
40
41
91
48
25
87
57
23
 8
12
60
76
62
82
89
19
77
40
64
31
32
 1
95
17
53
40
57
36
81
21
55
16
32
45
79
51
93
 9
28
55
35
 2
74
11
65
75
75
64
31
93
99
 2
72
83
55
71
47
21
15
78
27
71
11
28
71
93
74
17
16
41
48
84
32
85
87
 2
33
64
 4
 1
72
 9
81
55
94
31
88
86
12
35
42
 7
42
38
32
92
95
51
55
89
39
17
 4
27
30
50
14
81
44
86
33
19
98
66
35
88
81
66
 6
 7
86
37
52
55
93
 3
53
83
63
18
95
18
84
46
28
59
78
18
65
92
50
66
73
71
31
82
85
 9
90
96
64
38
33
15
53
72
17
29
55
32
52
29
67
63
45
30
 3
12
50
43
49
83
74
 8
77
70
10
12
51
31
49
11
67
41
37
91
52
11
21
65
66
30
66
53
38
97
84
50
53
78
43
17
70
17
10
 4
47
85
97
37
49
78
58
83
65
42
 3
24
52
38
85
46
63
27
29
93
72
99
38
71
55
14
71
62
32
61
24
30
30
46
78
82
92
87
89
75
56
22
59
 5
55
26
65
89
64
31
86
87
34
59
13
49
28
30
75
40
31
96
55
45
24
44
60
99
92
 3
85
28
84
23
56
58
56
59
82
95
41
15
 7
 8
80
72
91
17
41
96
14
41
63
 9
13
95
68
26
70
80
56
74
64
71
42
45
64
46
51
31
33
52
