5000
67
77
50
87
70
 4
20
87
82
11
41
83
57
75
22
91
66
97
70
 6
32
34
97
 8
97
28
97
81
81
87
20
18
29
55
33
76
31
14
97
89
90
89
51
54
40
72
24
15
73
34
82
85
87
59
23
86
16
58
 8
89
38
96
78
 6
57
 1
24
20
 3
60
47
35
92
20
 7
78
78
46
69
84
13
80
63
71
84
71
56
37
30
70
59
 3
86
16
68
10
91
60
49
 8
94
96
83
51
78
 4
81
18
64
89
56
84
96
64
 2
71
78
77
50
78
55
96
35
49
17
41
73
56
23
46
60
63
11
83
96
50
88
 1
66
68
91
 5
52
88
90
73
10
26
23
95
27
17
52
26
40
90
19
79
49
60
87
22
28
42
51
94
43
29
 6
31
78
56
46
 5
94
49
 3
56
20
10
66
51
83
38
30
 9
98
23
78
49
20
19
66
18
50
39
15
11
57
69
63
74
53
47
14
 8
98
 8
87
18
88
34
55
80
85
19
43
54
62
78
79
75
83
14
89
19
40
81
96
21
39
36
40
70
52
38
74
46
46
87
49
25
90
41
33
30
74
14
94
29
97
19
 3
92
10
12
35
70
37
28
86
28
67
78
60
14
54
61
 9
59
92
97
39
 2
27
 9
40
52
58
67
34
63
98
46
22
46
40
62
24
76
99
76
75
39
85
30
97
65
63
83
89
97
65
29
51
36
18
50
13
12
22
 6
57
42
78
94
14
89
87
 2
27
 3
11
55
46
73
14
12
71
41
 3
 5
90
17
65
61
31
68
 6
13
84
83
19
37
 5
14
71
31
48
84
38
48
62
73
72
29
83
59
43
24
48
15
21
62
80
87
62
54
69
 5
55
78
87
49
76
58
68
82
37
58
90
 6
48
 5
92
71
13
95
65
34
36
55
41
25
85
25
25
86
99
54
 3
 6
53
62
49
 1
94
49
85
14
53
12
 9
35
47
61
30
39
76
89
69
44
26
78
 9
65
85
95
87
 1
92
90
14
96
 8
15
92
40
41
72
38
32
22
65
61
63
36
89
32
79
34
78
65
47
21
47
59
89
35
14
27
24
27
79
37
56
47
20
41
79
60
78
57
23
66
23
 7
89
87
45
 2
51
76
61
26
 7
98
 2
47
13
66
52
98
63
61
20
49
26
26
96
12
36
64
97
19
28
31
25
 2
27
46
71
92
76
16
77
16
99
 9
70
71
 7
37
19
58
34
28
94
73
 9
17
99
19
42
42
46
48
50
83
46
95
93
27
92
 1
36
89
94
99
 9
73
58
80
 5
25
53
55
61
28
70
83
61
17
15
76
35
47
28
18
52
12
95
38
20
20
18
72
68
51
20
38
30
84
61
68
97
28
33
37
76
36
 2
96
 4
42
64
91
65
13
28
42
54
27
15
75
41
85
44
 1
71
80
90
87
63
11
57
77
37
69
68
47
22
97
22
80
16
32
 6
70
87
41
16
87
40
61
83
49
 7
55
47
23
 7
78
81
 4
25
88
 7
94
33
90
 4
26
52
32
55
44
33
48
30
16
72
 3
46
66
46
69
13
99
73
33
91
26
88
65
 2
36
33
28
57
55
56
61
18
12
28
28
 5
50
54
76
61
28
93
45
57
36
74
27
46
62
 9
93
25
42
94
89
90
32
21
10
41
42
35
63
25
41
22
48
59
 3
37
18
59
 3
39
84
73
 2
83
33
69
69
85
87
78
50
62
14
26
39
29
85
72
82
59
 8
72
41
11
26
95
54
94
 3
19
32
 4
11
 1
17
90
 7
93
53
91
32
67
77
85
26
22
96
 6
82
51
52
75
27
42
44
88
66
71
 7
 4
78
67
 9
90
84
33
80
74
90
69
38
21
19
94
97
21
38
19
43
13
97
61
75
93
72
51
75
51
48
27
 7
98
15
66
16
16
38
45
37
72
47
80
50
76
13
43
30
82
80
 2
16
18
97
72
21
77
19
50
53
10
18
92
45
76
 7
15
42
 2
77
98
79
80
63
45
 8
71
47
83
43
43
 6
80
44
99
26
36
 3
55
63
25
 1
80
 1
77
66
85
67
44
63
80
79
39
50
55
46
16
29
30
31
69
49
37
92
 7
61
44
94
89
87
11
24
94
33
89
85
78
54
43
34
18
61
95
90
93
32
10
26
78
30
83
41
37
10
57
35
62
89
49
85
55
83
90
41
13
60
77
40
75
45
20
63
40
 8
98
32
78
61
21
52
56
19
73
31
12
32
53
53
64
54
20
57
41
47
97
75
69
94
87
 1
34
20
46
38
41
76
49
97
90
17
23
99
 3
 7
49
20
97
71
39
89
64
73
74
38
33
83
96
14
85
42
76
74
 3
 6
15
57
92
32
20
50
14
28
 7
61
11
95
72
 6
87
29
84
 5
48
64
36
28
 9
42
10
61
21
 6
 8
45
14
78
75
46
97
43
86
26
13
65
26
56
 2
89
12
53
56
54
19
85
39
42
38
96
27
21
20
44
64
85
56
61
86
59
38
52
92
71
41
31
43
52
93
22
35
86
46
 3
64
39
33
38
87
15
26
91
31
63
69
14
43
79
 5
50
23
16
71
39
50
72
82
49
35
56
80
19
 6
81
64
61
55
28
74
90
87
91
52
26
49
63
58
41
18
81
49
 7
 7
66
 4
 1
77
 7
16
29
13
92
18
30
40
68
64
12
59
11
51
93
58
75
79
87
93
56
47
19
82
81
88
98
14
70
24
45
14
23
61
94
79
21
94
60
98
36
52
11
86
21
32
21
60
67
79
37
61
30
56
63
66
68
35
65
94
39
77
 8
36
71
42
41
23
52
62
35
79
69
45
81
37
42
43
63
85
67
33
 4
31
14
65
12
34
26
10
22
91
28
73
43
52
99
97
36
19
39
29
 2
13
52
67
24
92
 5
70
40
60
66
31
93
72
87
13
23
81
36
46
48
28
39
76
28
 8
51
70
19
23
86
62
33
63
66
56
 6
18
84
60
88
46
59
74
79
31
75
95
76
41
77
79
 2
12
24
12
60
79
63
16
 2
76
41
90
19
31
85
54
68
65
 5
18
68
39
34
71
 9
43
53
72
78
80
25
62
 9
36
77
63
63
80
76
99
64
 8
 1
 2
71
49
84
17
26
68
35
 8
60
67
75
40
 2
27
37
60
50
 1
51
52
69
78
45
77
77
58
23
93
64
26
 8
40
30
86
36
 7
64
46
94
53
69
96
66
10
47
85
95
33
39
36
24
16
55
99
17
55
68
94
34
80
28
28
52
14
49
44
 4
95
39
 3
43
36
20
25
84
18
 8
 6
40
29
16
57
11
32
 8
46
30
62
21
 4
37
53
51
90
69
86
11
60
55
67
79
27
95
 2
59
84
 8
12
20
59
32
42
66
67
73
87
43
47
67
17
46
37
55
12
 9
80
44
83
13
 6
50
12
87
90
10
50
57
44
 8
47
87
 3
77
26
 8
 6
70
77
48
19
62
 5
71
79
11
69
39
44
 5
89
80
85
48
30
36
51
87
43
 6
 5
56
87
90
76
31
94
70
44
62
 8
80
59
92
65
52
49
23
45
56
15
32
46
59
41
 2
32
68
48
80
 2
16
 3
18
11
78
 4
92
21
13
91
97
93
72
51
81
98
58
99
 6
68
50
 9
46
56
15
46
64
38
 1
10
88
 6
24
 8
56
99
71
96
10
38
11
87
30
58
25
63
 2
64
86
18
71
77
75
28
21
83
37
10
83
76
23
42
57
94
85
27
33
49
67
45
77
37
64
 9
 5
36
13
48
70
81
57
28
30
24
62
58
73
48
35
73
 6
85
93
44
76
66
79
96
 5
61
28
30
36
69
96
66
66
69
81
41
57
30
 7
83
85
61
13
70
67
32
42
17
74
13
47
90
86
80
 8
91
25
49
92
13
74
45
48
 5
57
11
51
64
69
45
99
76
41
61
 1
16
15
73
13
50
27
16
85
47
74
53
90
21
46
34
71
40
29
34
87
 3
13
23
 9
22
70
26
16
33
96
95
71
37
75
74
23
21
 1
60
84
59
70
63
73
26
17
48
43
41
77
66
99
72
69
75
18
 3
63
29
62
12
47
54
41
54
53
91
71
10
28
22
92
60
55
45
21
83
78
30
65
34
53
30
95
64
56
50
12
83
 3
70
65
 7
87
30
 1
78
 1
45
77
31
40
87
30
65
54
94
24
 5
76
32
58
17
30
73
 5
58
 5
35
96
20
87
25
75
46
 8
28
 9
98
18
11
82
33
62
48
87
75
43
68
88
34
46
12
22
74
30
 4
79
72
39
31
49
56
66
27
61
91
94
63
 1
91
49
28
52
 3
19
12
29
75
41
79
50
53
26
40
24
75
23
86
94
56
79
45
18
20
31
72
17
44
31
59
80
19
88
91
70
55
31
89
87
35
14
 3
60
75
46
92
 6
72
24
51
49
96
48
96
27
21
22
12
56
30
98
47
23
26
75
58
45
45
15
 3
74
 8
77
69
94
49
36
58
78
 3
98
79
58
14
58
13
65
55
28
61
16
18
73
70
79
41
96
42
 6
56
86
85
64
32
90
74
50
58
24
33
28
88
55
20
64
58
25
29
 1
 5
81
90
54
 8
34
80
68
79
84
20
 4
14
56
78
10
29
61
67
47
19
28
24
12
34
52
74
29
22
56
91
69
32
66
33
51
35
47
38
82
39
21
23
12
71
32
33
33
 7
46
63
26
83
72
46
55
32
90
 7
35
27
58
58
78
88
 8
78
 9
65
83
14
86
99
32
46
25
19
19
 9
31
55
45
28
50
39
73
25
58
56
24
39
90
30
37
91
11
 6
81
77
50
 6
 7
85
15
32
92
41
60
81
18
74
67
51
 7
94
 3
 4
43
95
96
66
48
56
22
22
88
67
18
 2
11
40
23
91
80
45
78
85
24
22
57
17
29
11
82
54
25
52
92
35
92
99
10
 4
 9
98
79
31
13
67
24
79
62
35
94
95
62
89
54
97
92
58
75
19
48
 4
85
 8
44
48
48
20
28
90
18
98
96
68
35
15
 5
84
25
24
52
91
52
24
10
25
94
85
14
81
97
15
65
52
57
42
52
93
19
83
55
33
 5
62
49
24
81
69
54
23
88
 8
42
97
 9
18
72
72
23
55
50
81
27
67
73
64
54
70
83
52
77
82
73
97
30
92
51
86
33
25
47
92
55
84
43
99
98
52
 3
54
36
96
 9
 9
92
72
55
54
 1
87
23
54
17
11
82
64
27
69
36
37
29
42
70
16
38
94
10
 4
75
37
46
10
98
82
45
71
39
58
95
50
95
78
98
84
56
93
76
25
97
58
81
11
27
22
 5
22
19
62
45
76
17
16
44
81
53
68
62
38
40
93
75
84
 8
 7
88
88
31
93
46
79
18
10
15
 8
 9
92
29
53
53
95
 1
43
22
66
40
27
 7
98
10
36
84
76
68
 4
78
24
15
72
 3
 5
82
36
34
56
 6
84
76
26
17
55
69
87
71
90
11
 3
68
 8
45
98
81
52
88
39
51
60
20
66
48
97
50
58
67
16
64
18
75
59
56
18
43
88
66
16
 2
59
26
70
63
98
23
78
22
35
85
52
93
19
21
51
 5
92
80
17
86
45
 1
96
90
 7
92
 7
75
22
16
40
81
56
33
51
56
82
64
34
20
88
34
16
62
51
35
82
48
37
17
81
17
62
 6
81
62
63
54
61
78
30
59
 8
49
41
18
62
74
50
71
46
14
77
14
68
23
39
92
49
92
75
 8
82
36
13
12
42
53
24
33
86
16
 2
13
48
88
38
87
51
43
 5
12
75
84
29
25
80
35
74
95
24
91
 9
21
88
16
54
28
35
69
41
39
19
49
33
63
76
30
29
74
 6
82
55
29
73
64
24
91
59
58
59
15
62
51
97
50
 1
26
52
31
 1
63
31
 9
34
32
29
68
92
53
53
29
43
11
24
37
70
30
 7
59
43
47
 1
96
 7
24
63
 6
56
33
80
71
64
37
65
96
36
20
 4
60
77
80
12
26
16
44
40
22
83
 5
80
92
 6
52
21
55
82
 7
87
24
25
 2
24
71
34
37
76
80
68
62
82
40
 1
86
65
61
13
94
42
40
16
60
 9
83
58
24
48
80
98
46
 7
60
12
91
76
23
 6
59
57
59
 8
 6
97
82
15
88
33
50
55
70
77
23
51
15
10
40
42
 7
19
33
50
32
22
94
56
60
42
93
55
44
56
57
62
94
94
34
54
51
91
36
 1
77
 7
73
61
33
67
94
35
44
84
44
16
 6
90
27
32
62
32
21
45
78
86
15
77
70
23
13
43
87
80
77
39
18
93
60
99
25
19
 3
49
73
97
19
58
52
30
80
45
47
68
14
22
98
17
99
33
70
44
 8
83
57
95
58
94
91
18
34
 4
51
66
41
31
34
27
31
25
 4
17
96
40
64
83
53
18
87
77
96
42
30
31
81
65
66
96
84
29
94
64
11
99
15
68
 7
59
56
49
30
49
39
88
45
93
58
15
92
46
72
55
18
52
79
65
67
65
68
95
82
35
21
27
76
92
71
42
20
52
71
47
35
44
87
41
12
16
70
16
58
 8
29
 1
90
46
47
33
70
39
60
69
 1
41
59
12
95
76
16
64
23
58
 6
18
38
13
20
28
 6
52
39
45
46
88
81
18
70
41
60
37
69
30
92
54
10
10
98
33
99
27
97
75
79
59
82
61
 2
39
56
64
60
83
99
70
24
55
96
76
31
85
39
83
12
66
58
41
 5
38
21
13
93
 4
 8
70
74
75
24
95
60
93
64
24
29
23
86
69
34
59
93
 3
68
66
 3
89
21
57
95
87
98
57
 9
85
54
53
87
 4
16
58
46
40
23
29
59
39
86
20
26
31
88
41
33
80
 3
 4
68
86
88
 2
93
 3
26
35
38
91
30
 3
22
92
33
94
64
28
68
82
 1
 4
31
57
45
51
71
20
26
54
71
51
47
 8
79
77
86
61
47
68
84
83
40
69
44
11
77
 8
88
99
45
78
96
69
80
53
67
37
39
 4
29
30
40
97
50
99
31
50
54
93
42
93
18
22
78
49
35
91
22
50
28
 7
78
22
 1
47
77
57
12
 3
21
81
47
71
90
65
83
19
50
69
27
89
13
80
 9
77
10
25
24
29
61
13
86
10
62
 6
16
 9
84
57
95
74
16
29
30
98
29
11
49
29
21
67
77
 3
82
30
21
31
68
63
81
74
12
21
66
77
62
 3
89
81
85
73
32
86
94
 4
75
97
84
27
49
 5
92
61
29
41
97
81
17
69
61
17
31
43
14
33
67
88
19
76
16
57
87
59
32
81
 5
51
28
 9
 6
40
80
30
90
56
49
73
27
 7
53
90
71
22
40
 4
28
42
83
33
40
68
39
85
21
 6
 2
14
58
98
77
33
63
 9
37
97
12
34
54
29
56
12
88
 6
48
95
22
88
35
75
 8
 7
 8
 9
48
71
33
36
47
46
44
58
64
31
51
29
 9
 9
23
71
 6
94
 2
38
75
28
15
45
40
85
41
94
30
16
78
11
76
84
99
 9
67
48
23
26
71
23
87
29
84
78
64
19
14
19
93
60
60
87
67
58
 2
47
71
97
36
78
75
70
 9
52
12
15
61
 4
24
82
33
88
 5
73
47
23
48
17
33
 7
87
87
92
18
74
 8
63
81
73
15
 9
21
97
70
74
59
87
80
25
 2
51
95
26
64
65
58
81
77
58
91
69
26
59
64
15
64
72
52
25
56
19
 9
29
76
15
76
48
52
64
69
47
42
80
14
75
50
50
18
63
77
49
49
69
 1
11
69
66
83
75
33
39
98
97
80
72
91
68
40
55
36
 2
74
19
36
57
69
57
 4
59
18
67
75
49
83
31
16
61
16
85
38
64
76
97
96
26
64
13
17
70
96
65
75
81
29
25
 1
 2
84
87
40
20
57
68
27
56
71
99
17
52
48
 5
 1
92
93
47
97
37
27
22
20
 9
63
95
94
 7
91
45
64
 5
60
33
36
78
75
34
 4
44
74
63
 5
50
50
55
55
90
79
74
 6
90
72
66
70
37
44
 9
74
 5
67
63
64
27
82
 9
28
 3
39
29
80
54
38
60
45
41
36
64
93
53
14
19
86
64
36
11
51
87
29
17
60
22
84
52
47
 6
24
73
11
82
53
18
44
 1
92
76
58
32
58
58
18
54
59
61
66
59
91
15
53
59
89
77
52
27
13
85
70
44
42
33
38
30
56
59
90
71
54
40
26
55
98
55
38
33
65
34
26
99
42
39
77
25
81
95
13
10
52
33
98
23
75
44
23
80
21
10
27
25
20
30
89
60
77
76
74
 4
63
14
11
31
28
37
35
31
48
22
62
86
39
61
 9
90
50
 5
40
89
54
25
66
92
73
72
50
22
48
35
58
55
72
24
24
18
26
61
44
90
13
54
79
88
47
35
81
69
74
63
21
34
97
52
34
74
82
39
66
37
97
43
26
43
91
36
26
51
41
59
35
94
86
39
 6
76
76
14
13
55
41
14
57
15
28
39
63
47
 2
46
58
22
50
12
28
96
 8
67
39
40
19
77
44
 4
64
67
38
26
69
55
 7
10
30
98
99
52
54
30
95
55
62
61
 4
17
59
45
22
20
90
82
45
19
37
58
20
48
23
78
37
38
99
11
73
74
 2
 5
59
91
23
67
85
19
91
96
40
82
17
45
74
83
94
95
82
40
 8
41
19
33
27
59
18
35
72
36
37
56
 4
68
 6
95
12
86
92
25
89
12
65
 3
48
12
62
36
59
61
51
81
75
62
10
34
24
41
58
62
33
76
26
37
68
71
68
53
35
23
90
39
48
11
36
83
13
42
69
90
 7
87
12
39
21
54
65
97
43
 3
95
83
57
75
83
72
 9
40
36
73
39
10
57
90
41
50
69
51
 5
29
94
41
46
26
81
35
60
47
72
46
 6
73
24
89
55
77
59
83
25
53
57
86
 8
73
84
88
27
25
38
53
52
62
41
45
68
75
37
10
43
69
25
68
 8
24
97
87
74
20
11
69
 3
32
39
46
56
39
69
 9
48
86
78
62
19
29
23
37
49
82
16
28
52
42
27
30
35
75
34
12
92
39
 9
98
 9
45
48
26
36
30
23
99
32
27
85
70
99
14
62
21
50
38
17
74
 7
87
91
63
58
94
 6
14
25
65
29
13
96
11
 9
23
34
65
61
84
89
85
11
92
27
95
93
72
17
83
92
58
57
23
42
78
31
96
44
70
21
29
61
23
 5
90
10
54
67
60
12
55
17
51
68
64
67
53
58
43
77
 7
61
 7
93
61
 9
52
90
40
44
78
62
56
 2
15
53
94
93
63
92
28
13
76
94
57
29
43
20
61
 7
51
46
38
94
72
34
16
36
37
58
35
57
56
65
69
57
43
49
80
66
11
95
77
 9
86
87
85
27
12
20
92
 3
88
22
61
27
28
37
93
71
55
44
34
93
46
84
89
42
37
82
52
90
80
 1
15
55
91
44
63
51
70
35
12
14
21
86
 1
53
67
91
98
76
99
37
41
25
10
 5
32
81
96
27
60
88
77
65
45
18
74
97
65
53
43
70
86
21
82
 9
31
27
11
20
36
21
39
12
 2
80
35
45
11
10
94
44
 1
44
31
80
68
69
85
65
15
42
76
62
78
14
82
37
74
57
93
84
99
83
12
30
13
50
25
63
36
72
72
75
19
98
88
71
79
95
51
51
79
86
36
84
46
89
 1
 9
97
17
77
74
89
51
26
35
15
82
10
46
16
20
50
49
 7
53
26
99
76
88
67
40
73
16
15
41
45
56
87
45
16
37
45
21
95
24
64
56
98
86
40
18
53
17
11
77
 2
68
32
60
45
49
 1
 4
61
17
21
74
28
31
68
47
90
 9
 2
83
 8
 7
83
 8
99
29
86
38
51
33
15
58
90
64
25
81
77
89
90
96
51
38
89
59
45
41
37
 8
31
79
70
59
13
19
 7
84
99
36
47
96
 6
51
95
72
 2
20
40
27
57
32
52
59
99
84
75
 5
42
21
62
97
90
59
 4
79
92
81
32
69
28
95
34
22
12
62
54
83
18
72
39
93
65
 8
65
15
10
24
55
55
62
18
80
74
73
17
69
 8
28
34
29
29
61
53
86
74
62
64
68
44
61
22
 1
15
79
54
88
72
30
82
28
88
45
85
 6
81
28
79
58
45
95
19
40
13
25
14
65
48
44
68
81
84
 7
26
27
56
75
22
47
24
59
41
14
19
29
87
19
43
50
34
85
24
70
89
76
58
86
40
52
76
44
92
15
27
72
99
44
21
25
69
41
47
40
47
57
91
47
97
75
72
82
27
86
13
20
11
27
81
65
58
49
21
44
66
57
72
25
21
99
42
98
62
42
 3
63
 4
21
89
30
99
 2
62
16
65
19
14
15
54
45
87
23
49
83
80
23
25
74
 9
78
23
60
89
62
82
92
38
65
73
92
27
 6
83
97
93
85
14
61
65
18
 2
62
65
71
57
 1
89
58
16
97
 8
91
 4
16
67
76
13
 8
82
31
76
80
54
98
52
32
30
74
95
16
37
89
46
78
86
68
83
71
14
20
95
34
25
71
14
80
16
 3
51
73
50
90
97
13
57
29
16
47
21
15
95
 5
35
90
86
66
 8
19
89
85
56
80
30
63
 1
72
70
87
 5
96
 3
50
42
25
75
43
53
17
95
58
95
83
57
73
99
72
34
71
70
73
96
56
52
 6
94
34
60
94
45
91
44
12
81
67
39
57
13
46
96
75
21
51
73
 4
84
89
 5
89
 7
 8
99
32
84
21
71
59
72
68
13
87
70
72
74
99
13
27
 9
57
66
16
75
20
32
82
55
46
36
41
60
89
35
65
 6
36
90
33
20
 1
58
60
53
42
37
29
71
 5
29
 5
 6
47
57
71
10
54
74
82
27
31
36
38
 7
19
57
 5
84
82
18
71
37
87
54
75
55
 3
97
81
45
73
74
45
65
89
63
50
58
88
 9
54
58
20
65
15
25
19
20
58
12
 7
20
39
95
75
73
52
85
55
61
76
41
46
99
68
 9
98
23
17
11
24
99
68
 5
26
64
24
25
29
81
29
52
95
18
55
 4
14
38
98
88
35
98
75
38
59
69
61
40
32
35
52
92
59
26
73
 3
 9
30
42
53
86
 6
92
53
82
86
66
 6
51
78
97
95
26
40
68
49
49
51
88
49
97
52
61
63
91
72
84
78
71
24
68
91
23
70
96
46
46
62
38
74
33
36
99
22
55
72
62
23
47
28
82
12
48
92
72
17
15
34
91
37
67
63
21
52
69
62
62
48
14
42
57
24
98
60
33
67
99
45
90
41
80
87
49
84
83
31
35
80
16
17
56
72
95
27
43
86
53
72
80
59
58
80
35
99
90
10
93
18
79
64
 5
20
75
31
65
11
48
 4
18
18
85
33
10
60
 2
50
98
79
96
 7
14
63
99
91
 3
79
41
54
48
38
66
97
78
11
54
64
80
16
38
 3
14
26
 7
 8
59
60
79
30
71
46
21
77
97
31
 4
49
13
80
83
72
41
85
76
70
10
98
35
10
17
16
93
83
39
37
59
72
79
18
67
25
71
42
44
 8
40
16
87
87
44
49
46
51
82
94
