1000
34
98
45
58
95
24
76
54
 3
86
81
98
66
 8
16
40
31
90
76
90
88
49
28
 4
11
22
34
90
87
 3
60
72
72
58
 6
 3
75
51
18
80
53
48
60
64
10
28
79
26
48
62
47
59
32
90
 9
54
44
70
43
80
15
14
36
81
47
73
86
15
64
35
46
57
 5
49
 3
84
40
36
38
69
92
59
15
 4
44
50
85
71
16
81
39
93
 6
16
77
67
76
75
72
22
52
75
43
14
45
97
62
83
61
94
75
80
 3
45
75
18
12
29
26
28
87
41
35
72
14
30
 7
34
20
54
65
84
29
79
66
64
 8
60
 9
17
74
75
51
58
61
36
41
34
25
40
68
77
70
96
62
92
88
78
21
73
84
60
93
98
80
60
39
 5
79
66
38
81
78
58
99
82
 4
16
50
12
67
 6
27
60
19
55
77
62
76
99
84
56
29
 2
 4
95
90
47
59
18
87
 1
65
99
66
36
21
19
 7
19
60
51
22
53
83
 1
37
81
57
26
20
38
39
40
53
47
67
41
39
73
96
68
10
 9
28
34
31
 7
92
18
96
44
56
82
65
25
93
 7
74
 3
 1
62
59
50
94
67
 7
24
75
34
 3
83
93
 9
67
95
87
80
61
80
59
12
44
50
37
75
73
68
85
71
27
 4
28
83
32
97
34
65
86
20
42
 7
54
32
61
73
32
26
24
68
41
76
41
22
70
54
30
29
19
43
57
71
40
27
81
36
72
55
12
44
34
81
 4
30
66
81
87
81
22
24
42
63
54
22
27
48
43
30
79
77
70
18
82
68
 2
77
26
 2
 9
 5
54
96
39
13
15
 4
 5
 6
28
35
96
72
66
62
79
55
82
79
72
16
54
91
92
67
 3
 9
51
16
49
98
72
39
62
 6
39
81
57
67
35
84
12
25
73
15
45
98
93
22
40
88
20
 5
46
77
50
80
32
22
73
67
57
73
84
59
 4
33
17
12
33
89
17
12
40
22
 4
51
48
40
67
79
 7
29
93
51
65
70
 3
53
58
23
96
12
83
13
69
76
21
29
 5
85
63
77
10
87
85
83
96
44
64
87
72
94
61
42
44
70
49
45
 5
90
39
12
 1
90
75
35
42
12
30
24
77
47
93
71
67
21
92
50
 1
14
 9
78
73
39
52
54
74
33
50
 7
13
 7
 7
69
11
 3
11
92
20
94
15
35
59
 1
90
45
42
33
77
48
15
42
15
81
37
98
 3
71
32
73
47
99
74
27
62
65
98
10
83
74
15
62
34
64
21
 7
44
 7
83
51
28
86
86
65
40
 4
22
68
 5
90
11
82
40
98
37
83
80
52
82
31
12
 3
35
64
18
97
83
87
63
 1
36
14
 7
61
 5
84
62
83
84
50
27
87
53
11
51
14
46
22
 8
64
27
44
35
33
86
60
69
 5
 8
23
82
 5
42
70
44
49
10
56
83
93
80
56
 5
25
45
70
22
88
41
91
62
26
45
86
15
56
71
14
57
41
 7
54
53
28
42
75
44
15
88
 1
25
42
60
 9
48
49
22
29
19
 5
61
54
33
39
97
56
34
97
89
 5
32
43
40
80
55
20
71
95
81
 5
72
91
30
72
72
40
39
92
67
18
30
74
40
83
82
93
88
10
98
17
38
17
 9
36
11
61
83
59
63
10
 7
50
40
67
66
61
61
88
29
69
10
25
63
44
 9
58
44
65
72
63
35
 8
 8
46
75
27
74
14
60
62
48
98
37
68
20
23
21
19
67
 6
45
78
23
99
50
98
96
67
23
12
47
90
91
98
90
97
95
 9
26
16
27
78
51
60
65
60
84
14
 4
90
31
51
83
 7
32
46
43
53
29
13
97
76
61
30
39
53
74
84
99
56
15
 6
46
89
98
95
55
 9
53
54
46
56
86
92
12
21
 5
33
17
58
27
 1
16
84
 9
71
72
67
42
31
94
31
32
78
 5
16
 9
21
40
85
93
18
 4
32
66
 9
73
73
59
87
68
99
11
49
 2
49
28
70
 4
71
74
69
56
77
19
91
10
 9
 1
57
29
44
21
37
49
63
 1
86
78
 3
55
94
15
96
94
86
44
65
 8
40
69
34
48
42
33
26
60
58
89
56
88
36
98
21
93
 6
81
36
15
23
12
29
 5
97
97
 5
94
49
11
14
83
52
30
52
39
 1
44
89
89
56
96
78
82
99
 3
39
22
75
20
67
32
25
31
60
65
 3
79
11
17
82
38
59
33
39
62
63
17
 6
83
66
87
16
 5
31
91
97
61
 5
58
56
 6
 7
71
 8
63
85
41
72
43
39
68
43
34
51
87
89
71
34
52
28
15
40
82
32
 8
 4
20
92
70
11
