500
 6
41
89
75
79
66
27
87
87
72
39
17
66
56
56
28
97
95
56
57
37
87
81
73
 6
25
47
25
54
33
92
96
60
17
34
96
70
76
97
 6
37
32
56
85
74
93
69
 3
73
43
58
59
11
68
82
74
84
72
79
13
99
57
32
25
72
66
10
61
31
86
50
45
18
17
49
75
57
81
99
16
72
10
52
62
69
45
61
50
16
19
51
74
60
56
 5
82
21
29
76
55
75
28
54
75
95
 3
62
34
52
84
32
82
22
85
34
46
46
83
94
41
62
47
91
93
43
74
55
 3
81
50
73
49
62
99
98
 1
34
76
11
90
44
25
75
54
46
73
76
73
26
 7
85
17
87
47
 2
47
 8
12
55
53
30
86
 3
 2
98
54
97
58
91
34
81
60
63
81
59
14
65
82
20
92
39
 1
56
82
47
20
52
88
57
32
93
35
33
 5
44
53
40
 5
83
23
24
81
32
41
88
98
37
82
 1
34
77
36
63
 9
51
78
96
76
90
61
44
52
84
84
59
78
48
26
84
25
13
 1
85
33
93
17
44
75
81
12
64
57
38
23
22
31
40
78
89
36
32
89
68
55
63
71
70
93
35
31
81
47
63
33
27
14
68
57
 2
71
89
90
69
92
58
51
86
31
 9
93
73
27
65
84
71
80
85
 3
29
41
 2
61
24
63
35
96
94
56
31
12
80
 6
77
39
26
86
67
 9
74
32
69
65
92
87
50
39
48
25
30
15
91
27
11
95
54
24
48
 2
34
 4
27
18
46
57
84
15
38
97
67
65
51
12
54
71
92
66
18
32
37
49
97
84
10
62
 1
95
60
40
49
92
84
 8
74
95
11
63
73
10
 9
94
32
75
27
13
17
23
 9
19
74
29
23
67
10
18
39
68
82
 7
78
81
99
48
84
33
64
52
33
22
29
48
39
51
 7
77
62
35
33
67
81
14
93
73
39
60
13
56
25
78
35
61
87
78
88
82
67
46
57
76
20
88
52
88
23
55
 8
94
60
34
 4
84
40
24
26
 1
66
62
71
77
11
32
14
74
20
18
25
43
66
31
87
41
23
79
72
27
54
 1
26
36
74
31
46
90
17
37
88
24
28
68
72
93
41
78
42
47
47
48
40
12
 9
76
61
 5
44
72
39
89
25
94
21
91
