500
92
61
64
29
76
69
61
 3
96
75
54
38
80
62
67
20
48
79
64
57
27
41
59
86
17
73
62
78
58
35
88
41
23
98
25
53
73
90
87
53
20
78
38
98
 9
25
19
 7
76
77
76
40
11
15
99
99
38
22
82
98
92
25
19
 4
77
42
28
97
78
78
43
45
36
53
51
30
36
48
 7
34
43
81
 9
42
97
 6
92
22
38
21
85
72
65
 2
98
 5
69
32
11
17
 7
67
91
59
78
71
54
32
39
83
50
16
80
66
15
82
98
60
88
74
27
23
89
19
96
68
84
48
55
75
38
98
64
 5
72
58
30
65
26
40
87
92
41
51
69
65
65
18
23
25
11
63
56
39
36
87
10
43
 4
26
37
36
92
65
61
44
91
92
19
27
68
23
50
44
44
20
39
72
57
36
74
62
54
81
29
39
87
66
19
49
56
12
67
35
80
75
99
52
31
94
20
 4
 6
83
91
20
94
92
60
41
 6
65
55
41
84
 5
92
53
28
75
40
22
15
64
42
57
31
19
78
 3
43
83
52
 9
83
60
74
 9
 3
19
57
82
50
62
64
40
39
89
43
72
65
69
81
 6
22
28
 7
42
92
24
96
78
51
59
87
 9
69
25
57
 7
46
34
93
68
51
20
96
48
31
84
23
43
28
36
50
52
94
31
53
92
35
48
49
73
52
11
39
34
53
83
95
24
76
58
88
28
91
66
45
62
40
17
20
75
67
 2
52
26
21
84
18
67
55
87
23
89
13
 7
72
71
46
76
42
76
18
97
 1
55
76
63
98
89
21
98
70
35
54
23
88
95
58
85
86
87
66
71
 9
39
76
 4
92
69
81
79
47
91
66
38
41
95
31
 7
45
46
98
27
57
51
82
92
55
45
39
17
91
33
 6
64
91
41
51
42
58
32
15
 3
56
 4
86
55
62
60
 2
29
65
58
72
86
10
10
70
36
48
64
66
41
11
40
33
61
50
27
22
44
73
27
22
88
13
59
22
 6
67
18
61
91
40
61
11
40
 4
54
54
17
59
52
17
10
71
11
30
96
66
39
45
19
85
78
 3
17
57
14
79
32
 8
95
 1
96
46
98
56
40
63
91
93
27
77
20
35
56
44
97
96
37
14
24
47
59
92
73
77
 1
26
31
44
60
76
79
34
78
