800
83
45
58
66
15
49
77
46
85
68
77
38
44
33
69
48
18
27
84
89
89
66
21
85
91
68
23
54
61
27
50
53
67
63
98
55
69
92
 5
53
18
50
49
11
60
17
55
90
55
21
91
92
53
19
 1
88
65
44
54
23
60
35
38
56
18
21
99
 7
89
87
33
87
68
83
41
90
47
 6
72
94
47
27
33
77
12
77
 8
88
34
82
61
68
13
37
81
85
23
28
15
42
79
95
52
61
76
30
47
73
94
 5
86
33
56
32
21
85
16
59
60
90
58
73
49
52
 8
40
35
52
20
51
15
22
41
88
22
69
25
10
81
87
90
23
40
58
92
84
89
89
15
90
58
81
46
67
46
70
32
61
22
53
90
16
96
36
70
48
70
92
48
 1
82
95
20
82
42
12
11
90
92
 3
55
 9
67
36
54
72
96
52
68
24
42
71
63
11
72
14
65
65
 5
98
23
42
 7
98
64
15
80
18
14
16
 7
66
81
55
26
12
85
57
73
64
96
65
66
72
17
80
82
14
15
40
97
37
77
34
39
26
 3
57
 5
83
54
87
33
59
33
89
46
51
85
49
67
 6
94
29
32
 8
73
30
85
34
 8
79
97
40
80
30
79
46
10
62
48
 3
26
87
90
93
46
72
11
80
53
36
92
10
36
70
57
10
 3
23
65
 2
31
 5
22
28
53
50
55
59
58
85
 7
50
72
61
23
17
55
78
74
 9
30
64
84
46
88
49
24
 1
22
85
23
82
64
43
62
 2
64
68
10
99
15
95
52
91
86
14
94
12
90
89
63
33
 8
39
99
15
24
42
90
84
95
98
85
74
89
32
79
51
23
23
12
38
49
71
28
69
 4
 6
91
91
80
99
75
31
20
26
19
55
 4
28
85
46
34
 6
99
12
81
19
11
46
91
 5
54
78
20
98
49
15
10
59
22
 9
49
 9
82
67
52
49
43
37
89
 1
10
60
95
 8
35
61
14
59
61
43
76
71
46
59
90
72
 1
43
34
57
16
46
18
28
26
90
34
92
94
66
40
59
37
83
83
68
82
24
55
19
 9
82
31
35
25
53
16
99
45
52
56
41
25
24
 6
77
21
34
44
 2
20
83
 9
15
10
56
51
 6
53
37
72
73
 3
89
57
69
44
67
49
94
 9
27
99
10
25
95
26
88
52
13
 4
75
83
62
50
85
47
 5
95
 2
86
69
31
 6
66
72
 1
 6
82
44
41
80
96
33
37
23
10
47
91
98
77
29
86
79
77
12
10
 2
36
39
62
94
35
27
88
11
93
26
57
37
38
59
38
92
82
24
86
 1
98
 2
13
55
29
69
 9
32
 9
74
36
 2
36
53
43
83
78
49
 5
92
49
27
68
14
36
22
83
72
12
37
14
22
29
16
92
19
 6
 3
36
18
13
29
69
31
80
26
76
27
18
 9
31
60
71
37
21
47
16
76
21
73
 3
91
32
23
63
80
36
54
81
84
79
72
41
86
50
49
72
19
49
42
74
16
22
39
68
 5
50
 8
44
 6
86
57
46
92
99
 4
86
20
41
40
 3
52
97
99
73
93
15
22
88
82
93
 7
94
10
22
58
24
60
40
22
10
18
14
93
 3
32
23
17
99
94
 6
60
86
30
96
55
 5
31
95
24
76
46
90
54
42
68
78
59
88
19
17
80
20
65
37
63
 9
80
54
80
34
97
21
11
21
27
27
59
57
13
23
42
55
27
63
84
 6
 4
33
92
90
81
57
31
 6
26
81
58
64
98
94
70
37
58
78
96
68
32
88
90
71
90
23
68
17
26
88
50
95
61
22
17
24
30
83
81
21
21
74
74
52
30
90
22
78
38
65
32
60
22
28
83
12
45
21
10
24
26
