1500
75
 6
63
38
26
 2
65
23
14
71
81
48
70
19
24
36
11
18
76
 5
37
33
84
15
99
64
40
83
41
62
 7
19
67
48
52
84
63
 8
46
18
 8
85
84
19
96
35
95
49
44
78
91
31
61
 1
24
13
59
54
94
65
27
 1
99
99
92
40
44
59
15
81
 1
61
44
86
72
82
78
61
10
17
51
 8
43
19
85
 9
 5
90
58
81
72
67
82
48
27
 2
79
72
49
97
41
10
46
76
40
 3
40
39
 4
10
 5
 6
 6
47
80
97
98
73
55
36
11
77
52
28
66
95
84
 8
55
41
53
25
55
35
22
15
 8
71
51
66
 6
50
38
16
87
50
23
80
33
68
30
72
27
84
85
69
88
94
94
37
39
49
14
45
12
64
93
66
56
38
43
29
66
18
90
80
62
75
63
67
68
28
98
52
16
54
94
96
 3
59
96
38
55
16
58
49
15
60
41
54
93
57
25
76
14
 2
63
71
 3
94
66
37
34
46
59
66
82
46
75
 4
 9
57
54
99
18
63
84
11
17
45
73
33
22
94
76
42
23
52
81
89
72
86
67
61
 3
75
26
40
29
29
91
65
57
20
51
40
41
28
67
89
13
 3
17
96
42
24
50
44
15
80
90
73
33
42
74
88
95
27
38
32
53
82
84
39
42
36
93
17
35
54
49
30
50
73
21
71
50
30
70
84
59
54
57
94
43
56
67
55
78
73
58
34
51
94
62
73
 5
55
13
17
 7
92
47
58
17
58
57
17
42
 4
34
49
70
 2
71
60
59
41
96
80
69
44
67
75
15
63
 9
93
36
85
57
64
62
 7
48
87
53
20
21
26
 6
49
 7
 9
12
12
46
12
34
10
88
70
29
31
70
17
34
94
77
14
70
93
 1
18
99
68
10
16
43
75
25
30
32
77
32
20
90
33
13
22
17
91
36
13
65
81
92
56
94
 6
92
32
91
 8
35
69
20
60
65
23
20
 6
 8
91
 6
 9
19
22
65
68
26
 3
54
21
 7
80
33
 8
82
23
80
23
53
29
28
14
78
45
16
71
17
73
61
49
29
 9
 5
74
52
38
39
86
63
95
87
44
41
32
35
75
10
80
70
78
29
71
55
57
67
 9
79
 1
42
19
92
 5
69
15
11
16
87
75
61
12
26
81
60
15
48
10
21
14
68
30
42
22
61
10
99
42
63
51
99
60
84
91
87
28
29
74
98
79
51
30
27
30
32
72
 7
98
12
39
86
 9
69
 7
69
 2
63
79
29
34
47
 7
61
66
65
11
65
36
36
89
38
24
44
76
80
83
25
14
61
67
87
31
73
 7
49
75
21
85
20
99
62
57
22
37
48
49
73
79
91
 8
35
94
 1
20
36
76
14
77
69
89
54
 4
 1
80
71
14
66
42
67
43
90
74
61
93
13
41
37
45
72
85
78
74
96
61
52
42
71
77
63
73
51
13
16
 1
51
67
20
96
99
40
71
58
 1
90
38
87
69
53
 7
99
96
 1
88
34
 9
91
54
77
63
10
13
95
79
35
67
60
 8
54
98
77
50
43
93
21
53
21
49
39
59
39
29
71
52
80
26
40
83
25
67
24
 1
85
93
24
84
41
33
91
14
92
42
42
40
56
91
32
19
23
 2
10
72
 1
72
25
19
63
48
 5
56
34
48
85
40
 5
84
98
17
49
28
17
82
11
23
33
17
20
23
 4
46
37
44
21
25
74
 5
35
44
78
52
 3
83
26
49
76
13
51
11
22
52
13
69
64
 2
28
67
53
44
 7
37
52
48
89
77
53
48
32
89
87
52
30
87
66
41
42
20
23
23
93
41
53
85
20
68
75
27
45
48
63
13
27
84
10
15
90
43
44
 2
77
86
73
34
16
48
86
31
59
11
56
43
82
98
12
35
93
35
94
89
49
80
87
34
25
10
13
 6
33
37
94
62
48
54
98
58
12
73
16
71
86
62
22
19
55
45
74
38
88
74
83
91
 9
29
 5
38
74
54
 9
52
97
96
61
30
20
46
73
61
79
56
63
10
69
17
69
68
32
95
80
58
95
87
 7
 5
78
 8
56
82
91
59
55
60
45
 8
63
30
99
14
21
53
66
27
98
 9
86
12
61
84
19
 6
27
78
41
76
42
75
96
73
41
39
20
60
18
 4
24
 3
74
 5
31
 4
71
14
 5
69
52
56
53
82
71
25
 6
86
71
 4
83
36
74
22
88
31
17
11
40
89
73
32
67
61
35
19
90
62
66
97
 8
13
14
62
14
60
75
26
65
87
28
61
17
60
 1
31
59
35
 5
14
69
78
 7
63
89
11
38
62
87
31
56
29
75
31
28
55
53
73
67
91
56
10
72
99
70
38
24
64
 3
81
80
92
55
53
13
90
91
24
40
44
69
47
97
 7
94
49
 5
89
87
46
43
 2
22
99
40
89
 6
57
59
57
95
19
81
 9
81
37
94
75
59
20
54
96
14
47
62
95
32
34
11
41
67
 3
15
 3
89
50
25
24
21
 3
30
12
96
38
 5
49
67
51
64
54
61
67
54
72
38
62
28
41
39
 4
71
 5
77
60
97
17
69
 4
81
17
47
53
67
 6
51
80
 6
22
63
13
47
34
50
78
74
48
88
25
80
53
55
22
72
98
39
36
18
38
59
46
20
 6
49
87
16
87
89
31
98
55
58
37
73
93
65
17
 8
20
49
56
18
16
 1
96
59
65
 5
41
16
30
38
11
16
47
28
80
26
76
26
25
60
 1
73
33
85
83
30
87
 4
 8
35
83
46
85
83
84
34
63
63
86
36
30
71
82
97
22
18
 2
57
66
58
41
22
31
63
10
32
27
49
46
75
52
 2
24
81
92
91
92
63
81
39
79
33
47
 6
84
58
34
87
22
82
21
68
 9
80
41
19
74
76
19
16
93
94
18
33
94
48
35
 1
68
68
22
86
21
72
61
77
95
48
 6
41
 4
79
76
23
99
84
49
63
26
85
25
 4
78
89
86
49
10
79
85
71
11
32
13
98
14
29
26
 4
35
76
81
17
12
39
39
74
35
49
93
57
64
41
83
73
96
49
68
 7
79
22
87
45
63
96
 5
 2
53
84
63
85
73
13
31
83
 2
57
91
59
84
45
33
91
85
28
 6
70
89
24
89
92
11
25
57
51
18
62
70
56
34
33
71
10
24
84
43
51
31
43
82
95
61
 2
53
95
80
45
72
21
46
21
 2
33
 9
54
82
 2
14
89
 2
56
47
77
16
47
52
79
29
59
54
15
37
89
27
12
56
30
40
99
39
41
 3
 9
75
83
74
80
22
91
34
99
14
31
80
29
41
53
63
47
22
82
17
97
49
29
91
23
67
91
49
10
30
26
41
14
 8
38
 4
85
 6
 4
12
70
44
44
19
 8
54
69
18
91
77
31
68
27
88
87
 9
44
38
12
92
97
43
58
90
21
13
23
93
57
40
 5
26
41
52
93
42
46
41
16
15
80
71
49
51
49
92
23
80
45
36
54
48
 2
49
 4
