1500
89
80
51
82
97
65
52
88
46
35
48
44
99
99
52
19
44
37
71
44
 9
73
32
51
98
18
91
89
65
90
14
28
59
98
44
74
86
15
69
25
15
71
97
78
61
70
35
20
86
 5
10
 8
46
73
 7
93
16
10
67
66
40
 4
24
81
30
20
16
67
45
13
50
47
 1
24
76
87
21
74
22
 6
90
31
48
49
20
63
 6
74
79
69
 9
46
16
79
35
72
97
31
77
 8
19
 8
22
44
14
49
97
98
72
13
80
38
49
 9
83
51
46
71
20
99
48
 5
65
48
 9
51
24
27
52
31
10
23
95
 9
36
40
56
 6
51
24
53
46
 8
12
54
38
84
89
87
87
58
12
72
33
61
76
80
 7
98
 7
85
26
68
27
10
82
64
92
30
68
96
60
48
93
19
55
93
34
89
16
53
57
56
83
 2
79
92
23
38
97
85
11
83
32
79
17
46
56
 1
93
34
15
63
89
89
35
49
32
52
15
11
70
98
88
67
26
82
82
28
57
39
32
30
66
29
77
38
74
34
16
62
70
59
40
56
75
56
11
57
40
10
11
32
77
28
45
70
83
59
85
 4
38
83
77
 5
42
 1
92
17
65
48
 7
86
83
 2
41
49
69
73
16
27
13
47
65
10
47
89
53
62
32
70
42
32
 9
23
63
 1
34
77
27
56
41
13
36
34
29
48
28
89
 4
14
 9
59
15
39
24
69
69
81
99
66
87
55
19
95
94
51
75
31
77
32
31
68
36
98
66
85
36
84
18
97
98
95
 8
78
48
55
46
12
23
47
26
23
94
44
88
50
 6
11
60
33
41
35
70
39
69
23
21
45
69
92
42
62
56
88
86
32
48
67
 1
 8
68
75
37
97
36
71
33
22
37
93
24
62
26
54
16
28
45
49
84
38
28
51
37
45
64
 2
83
88
83
39
64
 1
52
 7
94
76
26
63
45
 9
70
34
32
98
69
53
51
60
50
86
99
11
44
37
48
84
94
96
90
37
60
36
23
 5
 4
24
23
67
17
43
26
80
66
17
 9
43
44
93
64
39
59
94
67
34
85
23
34
82
 2
82
63
90
15
17
74
 7
40
56
 1
 1
90
33
86
81
76
73
39
21
54
33
60
35
28
78
49
97
54
78
57
20
27
 9
17
83
20
36
23
66
58
84
71
30
68
52
48
24
31
79
64
74
39
27
47
95
97
88
64
16
85
71
93
45
96
80
22
71
85
50
84
13
41
32
35
27
 3
15
39
95
47
58
87
71
74
28
44
35
92
23
95
23
50
63
29
82
17
42
11
32
51
 6
81
49
57
71
50
87
81
33
98
52
27
82
73
 2
69
83
80
43
24
27
81
74
54
16
57
23
83
89
76
64
91
54
49
49
60
21
37
32
25
16
76
26
56
69
39
74
66
40
96
79
87
93
20
50
35
86
79
35
74
63
70
92
20
35
29
60
82
45
73
97
91
68
28
16
 5
83
69
23
43
39
36
75
59
60
70
51
66
28
10
54
50
51
 3
56
79
93
74
 1
50
57
97
46
72
94
23
97
27
36
 3
 1
11
21
58
37
 4
15
48
99
58
93
68
89
58
89
44
23
49
64
46
58
65
17
 7
60
91
92
36
16
61
86
39
85
16
21
30
38
67
87
33
38
51
30
89
25
31
59
22
80
42
82
17
95
17
30
56
46
 9
59
54
86
31
40
37
73
41
73
25
28
81
60
60
34
22
81
10
12
82
90
26
37
 7
81
65
47
80
49
65
29
19
87
72
99
44
48
15
86
98
 6
30
25
65
58
25
75
82
90
82
75
12
57
 3
22
26
88
82
18
15
74
 6
61
48
68
94
19
93
10
50
65
39
48
40
21
18
54
81
71
78
95
65
13
 5
82
63
91
15
27
66
86
61
52
14
11
60
88
36
73
54
72
81
73
46
23
57
77
22
69
45
53
88
32
27
92
29
36
70
18
25
23
27
99
48
77
84
70
53
30
20
69
86
27
 4
96
36
49
95
34
49
69
90
76
28
33
47
54
38
35
53
97
42
91
81
80
85
88
69
56
58
77
78
83
37
16
73
45
66
46
78
94
53
70
51
15
45
25
11
14
68
40
94
50
85
51
56
22
71
75
83
 4
39
 4
53
64
34
23
 5
44
19
28
37
38
71
32
18
66
23
38
17
53
41
63
41
15
 9
13
89
87
83
71
97
71
98
86
97
33
91
82
73
46
17
 5
14
17
26
62
43
50
77
90
70
28
64
60
97
55
 3
88
27
16
88
55
42
39
69
97
70
79
 9
75
15
26
16
85
58
53
25
15
38
 8
63
 6
87
69
27
37
26
54
86
83
24
15
35
58
11
 8
21
 3
45
70
67
28
19
77
 7
75
29
40
58
92
73
 3
64
99
92
74
 4
42
50
18
20
 1
45
64
55
53
53
 4
58
68
97
39
33
16
39
17
12
75
99
47
 2
42
80
17
 1
84
22
18
55
73
53
74
94
40
65
18
67
63
78
71
16
56
19
96
60
58
90
83
91
85
46
10
15
61
47
59
29
72
17
40
23
76
75
72
34
99
66
98
75
56
55
78
67
27
 7
21
83
25
41
39
39
 1
58
40
43
88
23
58
38
68
32
59
36
41
19
86
 2
73
43
 4
63
47
13
14
19
33
69
63
21
28
24
64
80
13
32
19
15
15
16
65
51
79
28
62
 7
 6
44
 6
90
52
97
 2
 4
99
39
89
13
29
25
48
79
32
27
64
79
11
74
 1
43
77
93
51
25
 5
79
10
31
55
70
49
29
23
41
32
50
22
80
40
23
64
97
71
46
43
 3
65
32
82
 5
12
24
55
81
10
53
43
64
31
90
23
77
51
82
72
93
 5
43
71
45
18
58
85
25
97
95
18
58
16
66
10
45
49
42
81
69
59
63
88
76
30
50
86
 5
73
47
79
88
 5
 7
50
97
 3
64
35
53
69
84
58
62
85
50
72
34
82
60
31
 1
35
16
33
14
82
61
71
49
95
57
24
61
88
50
 7
64
91
18
53
33
95
56
13
42
66
82
49
12
54
32
27
79
98
 6
66
85
35
55
51
67
19
76
81
65
82
65
40
29
 7
32
77
33
60
36
78
85
71
96
12
37
77
91
39
72
31
62
71
13
 6
53
44
78
70
 8
23
58
85
29
93
37
89
54
41
25
17
33
97
39
36
60
31
68
35
57
86
 2
36
51
32
21
85
57
17
57
95
84
18
 5
70
 3
56
89
 5
65
75
90
92
46
59
 8
21
76
75
82
88
32
32
51
40
69
28
48
39
53
83
39
63
80
33
86
78
33
67
52
40
81
 8
23
86
51
 1
57
 1
82
 7
59
62
 6
85
63
88
52
34
42
96
15
 4
18
64
95
30
87
26
49
10
45
 1
53
62
24
68
14
 6
12
80
48
90
90
60
50
 5
40
52
65
24
59
68
96
82
51
 9
69
69
 6
98
67
15
52
21
64
61
 4
80
81
