400
10
85
34
97
 1
 3
32
91
77
62
37
79
12
21
89
83
71
39
87
18
45
14
83
34
89
96
24
50
29
15
58
55
34
86
 9
37
35
14
36
24
65
80
80
94
25
18
16
61
36
56
 5
42
81
57
74
62
19
12
16
95
31
22
32
56
24
33
24
 2
45
47
33
 9
95
83
46
 8
43
16
89
50
 4
42
87
60
71
25
32
63
15
73
36
55
70
68
29
83
66
36
33
15
34
61
12
57
 6
31
30
11
58
17
78
25
35
84
46
14
68
37
78
41
41
68
92
90
38
58
99
49
96
61
 6
35
 6
32
32
68
78
43
47
35
57
33
21
37
42
31
13
78
19
17
11
85
 2
49
11
99
21
11
73
50
99
37
36
53
56
37
24
21
49
99
34
42
26
84
30
28
78
88
43
63
72
 3
95
69
56
22
38
11
 1
51
45
69
 3
49
42
97
79
70
92
80
93
39
49
30
43
 2
89
22
49
23
16
14
72
38
71
49
 4
57
44
90
58
13
86
71
82
42
60
29
69
29
11
98
40
59
75
33
90
26
54
27
 2
58
27
 5
55
78
50
68
96
82
21
38
69
42
39
 8
64
23
52
42
13
25
27
 7
57
17
14
15
41
 6
52
36
34
81
99
53
62
88
15
53
28
84
83
86
 9
91
14
15
16
55
97
66
96
73
60
26
69
30
90
78
67
98
82
26
91
34
75
 3
24
41
20
13
42
 9
67
 5
46
27
97
10
56
62
 2
67
 2
 6
 1
57
40
73
50
58
39
73
17
57
61
23
19
36
73
19
91
43
28
62
27
94
50
18
49
95
48
28
87
43
 8
58
 9
88
81
84
63
24
22
 9
96
77
82
 8
18
69
37
15
29
26
22
10
45
93
83
48
94
63
 2
93
 5
27
90
77
24
92
55
55
19
80
78
87
39
16
