800
15
73
65
78
41
89
52
41
98
39
93
12
17
58
34
47
 6
25
70
12
52
 1
13
37
19
61
84
64
15
33
89
59
33
15
56
51
28
90
54
89
20
32
 2
65
19
84
86
 7
49
26
72
66
46
16
52
30
31
98
97
73
25
 7
80
71
18
97
 6
 2
32
84
31
44
15
10
31
24
99
90
47
90
59
 5
17
80
99
42
 1
63
 5
95
 3
18
12
10
17
34
82
55
86
78
83
59
94
45
47
60
97
 8
75
 5
11
96
24
71
41
21
87
21
 9
67
29
65
26
85
87
75
79
83
86
81
97
63
10
12
33
13
27
24
46
71
58
62
41
 2
76
 1
 1
87
87
 4
94
56
35
83
20
97
62
43
19
44
39
26
59
75
31
48
98
53
10
10
36
 1
59
11
76
73
98
22
79
14
67
53
53
26
 4
82
58
 9
46
65
58
20
93
 2
11
65
69
83
21
55
 3
78
53
21
85
 4
25
60
18
26
76
69
98
37
47
62
63
57
35
 8
44
 2
91
 6
53
80
15
20
41
43
 1
96
52
54
 2
88
37
 7
65
93
10
66
17
57
44
38
13
29
85
60
68
22
56
22
84
74
64
89
59
58
58
62
10
35
59
18
10
94
17
94
53
93
95
49
47
17
67
42
57
81
93
 3
95
 9
83
 5
77
86
24
21
48
37
33
83
91
15
66
13
27
66
21
50
10
61
44
46
33
18
27
49
61
50
54
57
77
61
21
38
78
87
72
21
10
44
71
59
62
61
65
40
26
63
43
66
33
82
71
83
65
68
77
68
75
59
82
54
97
 7
59
20
72
 5
99
 1
96
 4
78
55
 9
89
94
60
99
79
76
47
89
31
40
51
55
 8
72
14
25
13
40
83
59
 7
88
56
11
51
41
24
79
73
55
39
90
95
39
93
62
44
 6
 2
22
58
58
94
35
13
61
14
 5
97
34
94
89
59
95
66
19
26
80
21
53
46
98
95
40
59
29
17
53
23
18
52
39
 6
81
23
62
91
90
 5
81
88
23
97
36
94
64
72
96
 9
46
77
33
48
 6
13
59
48
47
71
30
11
92
30
26
96
14
99
13
87
 3
30
92
43
 7
59
69
75
72
12
13
67
15
37
59
41
64
92
23
 9
15
54
72
41
10
73
38
42
 6
51
83
81
39
46
52
 2
34
 9
80
 4
98
29
10
51
10
 7
87
19
67
42
79
79
 8
23
86
81
45
33
 4
31
53
62
98
84
35
17
41
92
 2
32
82
12
16
76
99
96
 2
51
 4
15
97
82
47
74
43
93
93
32
68
65
21
43
99
76
98
43
26
15
16
25
52
75
13
67
94
18
67
22
 7
92
11
89
38
40
16
 1
88
44
43
26
50
41
60
38
36
97
48
40
41
24
 2
95
77
47
28
75
 3
27
71
30
89
15
31
43
67
54
49
42
56
 7
 2
36
56
36
65
63
99
88
34
90
10
35
96
83
11
 9
 9
71
 4
85
39
11
61
61
15
 8
62
69
80
71
 8
80
59
66
50
37
52
48
74
72
64
44
55
50
72
51
37
87
55
25
60
83
73
35
78
33
31
53
96
43
18
46
48
18
30
52
90
39
 8
 8
91
28
69
85
 1
80
71
48
86
66
89
44
29
23
45
60
47
92
69
78
37
42
37
 5
32
30
46
70
33
49
88
41
30
 1
 2
35
61
46
 7
 7
37
88
57
67
66
14
98
29
18
58
45
20
53
39
90
73
60
93
63
24
33
81
26
31
14
87
34
44
55
77
64
43
11
58
26
70
22
75
53
65
88
12
90
50
 8
19
99
60
80
40
62
58
39
61
25
45
15
49
63
 1
91
12
 3
60
81
35
84
60
47
36
94
77
