2000
 7
 4
77
59
67
49
23
93
 8
46
71
94
23
96
80
 9
52
 2
61
47
86
66
11
15
65
49
78
61
28
44
85
30
26
87
11
85
48
 7
32
86
90
66
50
61
97
67
11
96
14
37
 4
56
85
51
87
59
41
56
12
35
78
 9
81
85
 6
14
42
59
72
71
14
81
98
10
78
38
74
39
30
59
33
60
91
 3
52
10
23
81
99
45
 3
30
83
47
31
55
 3
87
23
91
85
77
35
54
84
84
 3
56
35
33
36
75
41
57
43
13
79
32
22
49
23
53
11
43
28
89
18
66
23
75
34
26
31
71
36
60
54
58
94
79
61
87
98
15
14
74
94
47
60
18
58
12
32
79
15
 8
86
74
97
26
12
 2
72
40
49
 9
28
43
54
58
45
 8
30
48
60
24
74
15
 6
 1
83
78
80
 3
 3
81
20
90
38
53
98
27
68
54
58
46
77
52
91
30
81
73
68
76
13
66
32
41
93
44
57
 3
32
30
 7
42
53
77
51
90
52
82
20
46
36
73
35
92
50
75
82
29
78
48
99
49
81
 6
99
84
89
85
56
20
90
 3
27
31
50
40
53
45
98
32
31
45
 6
65
67
60
96
61
29
36
35
89
95
34
 5
40
22
56
24
24
25
48
37
32
 5
57
 7
 8
93
24
45
78
76
70
14
91
41
65
44
 3
28
32
87
63
36
63
45
51
26
48
 8
 2
12
23
49
66
74
94
83
74
66
30
51
 8
70
51
44
75
64
57
19
 1
51
78
20
92
24
12
64
29
14
28
99
18
86
10
97
61
41
95
85
93
80
 2
78
17
 1
 3
29
97
69
21
42
66
39
26
62
62
80
82
21
76
58
57
 4
36
40
12
54
82
84
 4
67
80
72
13
83
10
26
24
47
99
 6
75
29
19
 7
 6
91
15
51
17
68
 2
 2
72
72
76
84
64
84
 5
55
41
31
 7
96
70
19
 3
75
97
23
79
48
74
98
88
40
34
33
53
 3
89
61
25
64
 4
 4
21
54
37
53
15
72
19
24
 6
30
16
36
20
53
93
26
 1
92
 5
62
15
96
15
55
42
26
 7
45
75
31
58
41
 6
 8
36
19
 2
32
29
39
68
73
24
80
94
32
61
77
81
55
87
26
46
 7
32
79
98
28
16
67
90
64
29
78
31
23
99
39
72
99
51
18
46
49
 7
97
69
58
39
41
98
78
82
98
40
72
55
67
 7
43
90
70
19
95
98
54
55
 1
 3
70
38
13
46
49
49
98
 9
28
96
50
46
32
90
22
76
81
64
66
40
32
 4
26
45
92
17
28
27
53
96
62
52
61
20
80
61
68
49
89
 8
 9
39
98
88
 5
55
69
98
73
93
34
25
32
93
52
25
72
52
39
63
11
30
52
90
60
50
82
28
56
72
 8
19
75
66
64
56
70
49
25
 4
72
16
92
33
71
32
20
10
40
98
74
39
 4
93
38
94
13
70
76
60
42
10
62
88
59
59
81
24
79
87
17
90
70
26
32
71
 4
37
49
16
28
43
55
68
59
82
 5
76
59
27
83
59
 2
10
83
99
87
 9
55
49
33
47
93
84
58
28
13
33
28
87
82
92
61
77
73
55
52
52
65
79
41
82
 2
 9
58
78
26
68
87
13
63
74
75
61
27
49
22
36
67
93
88
21
83
23
64
 9
89
81
 1
16
49
86
90
 6
99
77
79
81
62
47
80
80
55
27
 3
24
 7
80
46
73
 1
14
81
34
38
26
57
48
43
19
72
48
11
 9
41
72
19
17
82
48
91
19
84
30
51
18
54
90
50
12
13
73
89
40
43
80
51
53
58
20
37
20
81
82
26
95
22
72
71
66
31
61
30
 5
17
87
45
44
18
72
91
 8
96
78
83
99
61
77
55
92
80
55
53
23
89
11
91
32
60
 1
42
47
34
67
18
59
89
90
 2
85
28
42
92
69
74
39
 1
 8
70
99
99
64
37
94
41
50
 3
85
28
33
76
65
86
64
50
69
19
69
13
85
58
 6
65
31
30
29
16
17
35
62
49
80
59
24
35
89
24
 8
77
18
73
51
92
80
33
 8
81
32
16
59
91
27
23
56
56
30
 8
58
90
82
50
46
27
12
28
63
77
 1
96
88
13
78
93
71
24
72
81
54
79
77
16
84
31
80
75
67
79
89
48
59
63
14
83
26
76
48
22
 6
70
96
24
66
58
96
72
18
84
73
 6
61
41
88
46
38
31
20
70
58
54
21
97
68
95
 2
40
53
19
 2
81
10
 8
57
46
 2
10
62
18
42
85
28
47
73
12
 8
56
46
87
29
29
32
49
90
25
60
48
44
 1
63
21
42
66
67
88
69
72
41
 9
26
55
33
33
91
23
18
81
35
17
68
96
 2
50
73
80
30
18
39
73
48
18
76
98
 3
57
 9
 5
32
86
10
44
92
37
16
32
23
20
 8
88
32
23
99
47
38
99
53
10
24
89
46
27
33
16
97
14
71
62
93
44
52
40
22
52
33
37
48
82
97
96
39
19
17
89
68
29
50
20
29
47
22
72
59
57
23
88
15
74
99
 7
19
94
44
60
75
15
71
48
23
83
92
87
92
 5
71
53
39
26
61
21
38
49
29
21
84
10
54
 4
 2
35
95
36
15
38
36
44
52
61
95
85
66
30
 3
93
34
24
32
72
 9
18
99
86
 5
17
13
13
66
28
73
99
17
99
27
22
47
55
63
62
20
69
50
88
38
14
26
88
13
 3
97
30
11
84
 7
73
39
 2
97
47
83
54
34
87
 1
17
22
57
16
23
67
55
25
60
42
16
36
21
71
22
64
12
26
27
10
 3
29
 8
33
99
67
45
49
23
99
52
80
81
67
55
53
14
 6
37
 6
 8
34
50
88
40
58
12
 6
72
32
89
 9
41
29
90
62
54
68
47
12
68
46
46
65
36
11
50
29
99
39
92
80
25
51
93
60
51
14
48
41
52
94
62
42
71
70
89
89
57
 3
21
49
22
53
97
53
72
57
 1
43
48
41
79
53
78
74
74
51
35
77
94
56
60
48
17
79
60
35
51
61
45
33
51
80
11
15
 3
21
26
72
85
35
22
93
26
13
78
49
38
91
67
95
83
24
60
86
40
25
66
 6
88
 6
 3
83
46
53
60
33
35
34
79
80
 7
75
83
88
33
28
82
74
53
49
21
22
24
99
58
65
46
17
53
80
89
39
60
32
35
55
91
18
34
40
65
64
87
69
89
26
73
60
93
15
11
28
64
25
92
25
 7
97
68
28
75
64
13
61
96
23
72
 2
22
88
16
71
59
69
72
56
97
17
91
48
65
88
26
62
65
77
41
23
 8
56
63
66
88
72
86
53
35
56
30
47
66
75
66
45
85
96
27
12
58
78
 5
19
96
75
31
24
88
65
88
 5
 8
74
 8
73
40
28
17
85
48
90
 5
80
38
19
41
63
15
10
42
44
20
42
 1
80
30
18
85
16
92
82
31
61
 3
43
 2
24
78
65
75
 7
56
45
14
24
45
66
73
10
65
28
27
96
28
45
40
28
59
11
66
79
35
31
33
72
32
14
68
29
47
27
10
56
23
97
95
32
93
75
62
57
 2
35
16
47
25
36
54
40
23
15
73
86
71
24
33
 1
84
97
49
33
88
67
36
54
61
88
14
96
85
14
81
58
36
67
61
 6
50
70
47
80
 7
47
29
46
51
81
40
91
95
62
10
16
39
44
46
 5
31
13
50
42
22
56
77
53
26
29
41
22
40
15
96
96
43
84
78
99
23
38
35
75
47
39
37
90
33
31
 2
98
37
28
11
30
97
91
66
63
76
75
51
73
28
47
47
19
14
63
87
25
33
33
71
69
67
17
42
 4
 4
 9
35
10
32
49
22
51
 6
14
38
96
43
27
13
76
44
49
21
64
41
78
44
33
20
14
76
73
33
43
53
40
77
66
53
96
18
54
33
37
38
26
54
47
20
59
68
79
14
18
 9
34
 3
85
58
68
24
43
43
69
66
24
25
14
80
 3
32
 2
40
74
15
49
79
44
46
88
56
12
81
69
62
55
73
12
16
98
61
12
81
88
43
29
35
28
31
76
36
27
23
52
91
 7
58
83
16
91
20
83
44
80
36
59
10
77
51
68
48
93
 7
76
23
27
15
 3
57
80
69
15
61
57
45
59
15
 2
80
72
26
 1
51
76
24
20
43
 6
73
 4
47
57
15
 1
70
12
77
48
73
28
96
67
56
47
72
20
92
20
96
76
17
82
88
14
88
95
80
47
28
94
68
67
43
15
75
15
49
 1
72
47
 2
27
61
32
33
28
84
53
30
12
69
98
25
11
78
81
53
57
49
34
44
45
 4
12
87
66
37
86
63
61
31
30
56
 6
 9
81
63
46
 3
 2
93
 3
16
 3
85
96
66
65
36
58
 9
17
64
16
88
84
 5
15
56
27
53
44
71
14
66
55
44
77
29
23
38
21
93
40
64
79
 1
 5
20
37
 4
81
87
87
84
95
30
48
88
54
33
 8
80
36
12
24
31
49
17
42
38
17
90
76
 9
57
88
78
94
40
 6
73
89
92
59
 1
19
 9
27
70
 6
59
16
58
33
56
64
91
22
48
24
61
16
20
63
42
93
72
10
10
12
41
85
65
 4
45
44
65
 9
13
80
32
93
90
