1500
 6
57
80
80
80
76
53
22
96
42
22
11
67
64
31
40
76
49
33
76
 7
44
56
85
61
13
50
34
22
82
37
87
74
34
47
20
35
29
87
63
10
91
11
25
30
32
35
69
84
87
91
23
96
20
27
87
72
27
62
17
59
91
25
49
38
46
49
39
 4
65
78
97
44
67
52
77
77
47
 3
93
54
96
62
48
87
55
16
39
22
55
54
98
87
68
 1
66
69
56
71
48
37
15
16
38
44
 9
 5
74
68
 4
26
 7
80
67
47
32
29
85
96
96
28
17
42
 1
13
61
93
25
82
84
28
88
77
17
57
76
 3
16
46
54
60
 4
71
86
 4
54
63
82
63
53
15
91
54
89
68
83
42
29
 8
96
45
14
49
40
71
19
38
91
57
45
76
90
 9
60
77
94
14
67
59
43
32
 9
89
49
16
11
90
32
77
37
15
35
68
81
89
13
55
76
60
47
95
15
19
92
63
96
53
78
45
73
96
96
72
18
 9
71
69
79
94
77
19
64
61
78
 9
90
26
55
67
58
98
90
49
 4
17
 1
71
43
80
69
79
 4
63
53
19
47
36
49
23
51
84
74
61
95
63
51
73
97
58
46
39
38
 4
53
97
44
37
92
79
38
11
82
44
47
68
62
 5
79
 4
57
30
42
88
20
 2
25
11
61
14
20
 3
99
 1
 3
93
52
67
35
67
80
29
35
70
17
17
51
45
 5
56
 5
19
53
88
29
53
41
26
59
63
97
31
38
 4
67
79
44
59
87
33
31
18
 7
57
90
56
56
20
25
43
99
98
22
58
79
46
43
53
 1
23
11
55
39
68
88
25
31
99
69
64
43
12
45
19
55
 1
75
37
71
21
31
39
95
57
39
69
63
95
81
76
95
77
 4
91
46
19
66
50
12
80
89
45
89
73
52
25
37
91
66
54
13
38
 1
29
78
47
74
77
18
78
97
41
58
68
71
48
63
25
28
88
58
40
27
 8
81
31
85
12
 2
58
52
20
20
34
15
29
67
85
55
71
37
82
 3
81
53
74
54
73
21
69
88
69
60
91
16
31
54
45
37
78
33
28
28
17
13
19
22
83
19
85
17
18
 2
41
69
57
81
69
 6
87
32
88
23
44
39
50
95
67
32
25
58
40
48
24
 1
 3
97
48
25
52
19
58
 8
54
76
34
30
47
76
25
85
84
94
62
66
84
48
19
19
37
23
23
63
40
97
63
86
 6
65
28
86
21
91
 8
82
88
10
92
76
55
 8
11
64
26
92
17
10
86
78
 6
43
36
14
42
19
42
67
65
10
27
90
 8
31
92
92
39
 6
 1
36
90
56
 4
79
88
23
50
91
27
 7
67
55
12
40
32
85
29
57
29
80
43
 6
36
32
84
40
97
16
51
52
44
72
48
81
38
29
25
48
63
43
13
70
65
37
36
87
60
94
80
68
11
89
 6
17
79
35
 4
56
84
85
42
 5
43
21
35
21
28
26
73
39
46
83
44
70
40
16
73
73
34
85
37
98
12
84
62
96
71
25
56
80
26
62
 5
56
92
68
65
 2
60
81
93
 6
50
33
34
39
76
20
17
96
34
87
89
59
84
89
16
 9
99
15
79
72
14
40
32
 9
62
86
 5
14
49
31
38
61
98
94
44
65
77
12
55
64
14
15
73
15
 3
60
68
23
23
 2
60
52
64
50
10
75
91
29
59
 4
26
54
53
36
85
59
83
 1
68
86
76
90
 1
64
69
95
59
92
16
22
73
68
29
99
14
54
24
76
91
35
85
76
46
58
88
64
81
97
 8
52
98
76
60
 4
90
17
 9
84
69
11
56
96
54
76
64
54
24
51
56
41
45
31
89
99
86
86
86
90
23
70
18
88
38
45
89
38
55
38
67
30
72
76
78
45
40
79
92
13
71
72
83
12
11
24
17
97
48
19
86
70
21
18
63
39
78
91
40
37
34
80
70
34
28
85
71
78
78
 8
87
32
63
85
81
35
14
 6
67
57
49
67
26
68
60
64
41
88
32
51
85
55
42
78
85
64
17
67
22
15
88
83
66
30
22
89
23
70
52
54
82
21
33
80
39
57
94
25
93
84
37
89
96
57
62
51
31
43
43
85
10
82
60
 8
95
82
93
20
76
87
 1
32
55
91
64
36
56
19
51
91
11
34
49
13
40
14
55
 1
70
53
33
41
19
19
55
67
89
25
48
49
 9
60
99
83
20
33
31
53
 4
47
26
44
29
99
50
55
82
 8
46
17
14
38
33
64
20
70
11
36
 8
51
74
79
81
78
65
39
63
68
39
81
 9
43
91
47
30
 8
38
87
83
30
38
72
20
99
13
24
88
93
30
67
57
18
86
48
55
37
83
15
15
77
19
 6
90
17
90
50
46
43
38
18
99
82
 3
23
93
98
61
21
94
54
93
 3
91
38
16
30
85
42
14
 7
54
 1
23
42
68
89
37
82
55
46
92
84
88
73
86
11
85
55
95
93
 4
28
49
67
11
83
21
31
26
 7
85
 3
 6
42
26
47
56
90
16
62
79
22
72
62
 1
24
 4
60
95
50
48
 9
80
97
21
71
64
86
78
94
28
56
 2
66
40
58
23
 7
67
58
86
92
90
33
63
59
84
62
44
82
66
23
75
74
84
57
 2
 7
45
40
87
94
37
24
38
51
76
68
32
44
11
42
76
58
 8
97
77
21
86
27
67
72
90
72
56
28
74
12
58
49
94
94
70
42
99
53
38
94
81
53
91
14
90
99
88
28
93
 1
47
22
48
66
 6
 6
10
57
92
44
 2
70
27
66
 1
60
70
80
53
97
22
17
66
48
63
 9
11
97
96
58
60
78
26
76
11
36
64
47
 7
93
 4
31
20
58
16
 1
99
 9
53
91
38
16
78
21
89
51
32
53
71
14
45
85
67
34
89
28
 9
 2
16
46
15
59
36
29
76
 4
10
83
71
66
 5
87
87
79
69
 1
60
20
 2
 7
66
32
52
36
19
25
38
59
75
42
12
31
15
90
55
18
17
50
60
34
46
25
36
15
35
72
29
28
28
69
99
63
91
48
 7
15
67
68
90
85
40
39
68
21
32
82
50
 6
80
45
91
47
99
31
76
57
 7
79
63
61
93
74
74
51
36
69
71
15
13
44
89
56
31
89
79
14
41
91
29
40
 7
50
 2
10
54
90
79
32
29
 5
48
42
 6
71
96
33
85
 7
75
14
99
87
95
53
71
95
 7
96
59
31
25
99
33
32
58
88
79
72
19
88
24
53
35
98
55
53
59
 6
26
84
26
69
22
95
98
96
81
72
87
37
57
75
89
98
89
69
 4
40
90
 4
92
12
 9
44
42
44
84
74
77
99
36
35
99
28
19
25
 4
37
77
42
27
91
46
56
 1
86
 6
50
49
97
51
66
19
23
 3
 5
64
72
80
45
86
84
96
 2
44
22
77
90
42
63
77
34
 6
94
89
68
54
47
 8
72
79
83
71
 8
37
76
16
72
67
63
77
41
45
55
