2000
80
26
70
52
45
32
91
66
 6
56
54
94
 4
39
11
17
21
16
48
45
92
28
54
23
84
21
 8
24
 3
66
96
32
24
82
49
60
43
57
42
93
 5
72
30
28
11
26
56
63
96
38
30
37
45
58
80
62
31
45
 8
44
77
52
33
56
25
64
48
14
59
34
 5
82
26
87
 2
 7
84
88
39
16
 9
92
99
13
95
41
97
62
89
38
77
21
80
73
13
 1
 3
98
58
23
51
72
30
54
86
30
50
60
21
24
40
 4
47
85
10
96
49
43
93
37
98
60
13
47
 2
31
 4
39
15
74
92
28
72
86
42
11
48
92
80
48
 6
40
14
37
43
87
31
46
 5
33
27
81
44
33
27
53
29
38
47
26
73
39
80
 2
69
 5
37
45
17
24
19
69
27
50
85
17
84
23
57
54
61
94
30
78
57
33
58
 3
46
17
53
 1
35
98
79
56
90
62
79
27
51
33
14
52
67
83
53
24
97
78
 6
47
15
17
 5
90
18
99
65
91
36
94
 6
87
 1
19
67
35
78
 4
13
15
51
89
35
63
 7
73
86
24
60
 2
13
86
55
98
28
71
52
31
29
55
75
14
62
94
22
26
42
15
74
85
44
51
67
19
73
99
23
64
28
68
95
95
40
67
70
51
45
51
29
86
53
56
41
22
48
15
94
 4
23
 9
14
71
58
62
93
 9
44
97
88
11
89
91
73
25
67
19
48
93
75
51
72
80
61
99
 6
78
63
26
63
96
55
65
31
33
 8
58
75
 7
83
25
73
76
58
12
11
14
 1
 6
69
53
11
73
46
89
 1
18
37
51
78
88
17
 9
 2
65
57
55
23
34
99
18
46
83
46
32
87
33
71
45
64
27
14
66
12
 5
62
49
38
82
99
18
37
48
93
 3
49
23
19
29
99
70
 6
 7
13
11
72
61
10
45
67
62
 6
16
56
81
14
18
83
56
66
95
59
64
54
36
78
98
 6
91
43
55
11
29
74
99
85
77
12
56
25
19
55
66
91
40
71
54
23
68
16
62
96
97
74
87
17
66
 3
82
 3
52
48
46
95
61
39
78
87
88
22
16
 6
12
41
19
17
99
28
50
18
94
13
81
62
60
99
91
83
39
43
91
91
26
54
22
69
97
74
88
63
84
58
50
95
65
73
41
93
32
92
45
49
26
74
88
20
90
90
93
82
36
24
28
45
65
75
12
18
55
 7
32
78
40
73
80
14
 4
53
13
55
 7
29
21
37
66
49
15
47
30
97
15
21
25
20
50
60
59
23
55
 1
35
 5
69
24
65
15
34
45
39
24
72
59
30
98
73
76
14
31
51
42
55
67
91
69
60
46
77
53
27
 9
99
45
24
86
25
 9
 1
29
50
53
63
79
20
84
40
58
 7
33
44
62
50
31
77
43
65
74
75
70
90
66
28
36
 5
53
91
19
76
65
26
57
75
67
57
57
13
30
10
59
31
44
18
29
22
52
40
65
88
54
93
 4
25
58
51
 8
35
 1
92
11
66
49
51
41
68
92
82
43
69
20
49
57
69
20
85
67
35
73
22
75
23
 1
19
 8
78
14
22
24
69
31
64
22
92
36
24
16
93
 6
85
71
65
98
99
97
51
40
75
60
21
81
37
 4
39
73
40
85
 8
37
 2
80
92
61
32
58
16
24
25
13
28
53
 2
19
38
31
37
25
21
59
 4
35
68
85
33
83
20
 7
34
91
29
56
82
70
 1
82
 2
72
53
33
68
63
56
55
43
15
83
 5
72
81
25
 2
69
67
23
17
92
43
51
 7
56
26
19
19
92
85
97
53
66
61
83
 5
 5
94
74
 4
13
31
55
31
54
 7
24
65
58
80
92
27
31
 8
36
50
51
35
 9
97
94
11
96
 8
 3
73
43
 4
16
30
82
61
95
88
69
40
59
35
85
19
38
44
46
91
 1
99
79
86
45
14
94
82
86
30
24
51
69
98
28
15
21
88
98
62
60
52
98
86
 2
98
89
 3
60
73
 8
 7
87
37
 3
37
50
99
32
90
99
25
 9
58
15
79
94
45
73
90
42
15
60
39
76
45
32
26
24
28
64
33
64
91
 9
38
31
93
61
82
30
56
98
74
95
80
64
 2
57
25
59
48
45
98
34
 8
95
16
32
44
82
81
71
32
59
85
19
13
 3
23
59
95
63
40
85
50
36
35
36
97
92
 6
99
74
50
64
 5
68
 7
14
19
77
75
18
86
27
98
52
10
72
61
61
 9
21
63
20
92
26
89
16
25
48
32
60
50
75
 9
34
77
71
24
81
46
43
15
66
 2
23
44
73
99
23
64
17
60
86
21
99
90
68
27
87
15
81
70
82
 2
58
79
 3
44
22
16
83
97
60
27
27
89
68
21
57
49
68
76
70
44
65
84
 2
82
43
29
85
72
71
61
90
77
22
32
35
81
67
12
 4
95
39
46
69
12
62
10
31
48
 9
70
75
78
81
67
71
 6
11
83
18
49
38
15
23
36
68
45
72
47
 2
 4
49
92
92
18
41
 9
49
52
43
23
40
31
54
69
 3
36
78
31
33
89
63
81
50
 4
40
73
90
 8
23
87
68
37
47
80
29
91
56
12
21
51
66
33
57
51
 4
98
43
19
12
68
64
55
74
88
21
58
24
13
81
18
70
31
56
24
49
81
49
34
 2
31
14
65
94
75
51
33
91
40
66
 6
82
53
56
95
74
75
14
68
79
20
33
81
67
89
99
28
26
53
56
13
37
64
16
15
41
77
11
89
59
47
82
43
23
66
60
40
60
31
37
84
34
89
28
15
39
61
83
79
75
88
49
12
93
90
55
80
45
 3
18
39
18
60
47
36
89
13
21
23
96
27
45
15
33
50
50
45
84
29
36
63
10
15
20
20
76
77
13
99
64
48
57
13
50
 4
63
52
57
40
81
89
24
24
40
29
49
70
80
 6
74
56
33
25
68
92
62
40
57
74
14
70
80
48
 5
53
12
85
78
16
29
24
83
94
53
61
71
53
72
48
96
43
48
96
98
68
13
18
64
78
86
15
32
51
96
67
37
 6
32
97
93
14
22
77
63
 4
67
64
36
74
18
17
69
 9
20
83
 4
60
22
19
12
56
80
17
85
56
36
 8
26
32
 9
20
50
87
79
49
55
87
21
47
76
41
21
44
71
67
74
36
65
24
 1
61
86
98
31
85
40
65
47
 6
40
98
12
10
37
42
67
19
88
31
41
 4
80
56
38
34
70
92
69
57
46
41
75
43
67
46
 1
 6
10
11
96
28
45
83
86
17
94
39
71
 4
91
25
25
13
87
87
49
22
30
63
34
36
56
56
91
98
31
44
23
50
55
89
76
80
 6
71
46
68
 6
 3
99
52
89
71
43
38
78
58
56
80
11
74
68
47
55
70
20
93
49
48
 6
74
81
55
97
 2
79
60
79
81
 1
14
81
50
 3
81
40
28
84
52
81
14
72
24
45
43
48
44
51
31
92
25
26
20
44
20
94
64
23
55
44
54
59
12
69
16
50
75
28
16
84
14
70
64
68
24
10
68
84
98
96
46
30
49
34
11
43
59
24
76
90
71
68
69
 5
98
39
 4
47
82
93
18
 1
45
88
 4
51
92
78
46
63
15
94
 9
22
 7
53
56
26
 5
60
77
32
32
59
93
10
34
84
 1
 6
43
93
36
 6
 9
27
42
69
60
39
88
31
30
97
25
29
87
74
49
86
48
 8
45
94
70
87
83
93
37
24
27
32
 3
60
54
15
25
95
23
69
64
52
89
78
45
87
34
 9
98
65
68
67
39
86
88
24
32
99
70
20
85
95
43
36
23
92
45
95
75
25
23
92
51
50
26
44
19
64
 9
18
50
63
75
56
90
38
54
57
66
15
78
 3
18
62
35
18
68
65
62
57
 1
71
53
78
79
36
63
15
66
48
58
 4
65
78
18
88
70
30
19
35
37
23
12
 1
32
 7
32
76
16
23
44
59
99
12
62
63
15
87
46
22
65
86
23
17
73
91
26
44
 9
48
96
91
14
84
59
19
83
35
91
11
51
84
14
 8
31
42
29
79
35
50
 9
47
53
42
81
 1
17
54
15
54
95
 2
38
58
77
35
96
13
87
73
 8
12
71
37
79
53
15
82
69
59
21
45
66
15
25
 6
44
96
45
94
86
91
76
22
22
62
18
78
81
79
21
70
10
70
79
43
33
97
27
77
32
27
71
63
20
99
36
85
56
46
17
 7
22
82
59
62
65
32
34
93
56
68
19
97
58
73
89
36
49
83
 5
87
 1
 8
87
68
53
21
99
14
98
80
 2
61
91
94
13
96
21
85
36
28
48
71
73
46
53
 5
25
19
90
 6
45
99
94
22
84
94
37
46
90
44
85
34
78
96
47
43
60
21
72
44
38
 4
68
29
39
33
24
45
19
69
 3
 3
 5
23
65
86
83
49
25
89
41
52
63
36
33
29
28
92
90
55
40
25
72
15
14
29
30
92
37
72
14
34
13
62
96
84
 1
16
18
13
54
12
45
35
17
14
62
40
54
52
46
38
78
37
72
25
63
 7
17
83
92
60
62
37
37
18
96
36
21
21
26
35
47
21
54
11
63
87
73
87
32
79
31
33
75
93
85
71
83
40
31
87
25
81
22
67
72
50
39
52
81
12
62
39
12
