5000
88
90
51
83
22
31
 4
12
67
30
24
39
13
43
18
78
68
52
90
12
36
47
85
24
90
78
22
 3
67
80
97
84
21
64
22
92
80
70
10
80
29
92
41
 7
48
49
98
54
62
14
77
27
15
 6
 6
42
15
13
55
33
75
78
69
92
97
18
 7
80
24
82
32
 7
87
51
23
22
 9
71
53
31
62
 9
11
61
55
44
 1
82
33
81
22
48
89
84
26
10
55
21
78
 9
52
36
29
89
26
25
85
15
81
22
24
68
78
82
26
86
 3
90
66
35
56
37
46
42
98
16
93
32
74
99
32
67
63
16
35
 9
76
94
66
48
52
21
21
 2
65
43
77
16
 7
80
70
68
37
86
78
45
83
97
71
41
87
40
82
83
53
 8
52
30
19
97
23
20
 3
99
28
59
29
57
43
91
11
59
49
45
78
97
86
24
25
65
28
 5
68
88
68
18
12
17
54
 2
78
31
37
61
10
98
 1
47
15
48
21
90
52
80
17
 5
31
99
64
77
97
63
 5
70
41
49
49
67
28
49
88
62
28
53
13
42
49
65
66
57
23
 1
33
28
71
10
55
74
88
78
24
40
78
45
16
76
76
87
 8
60
88
25
75
26
85
82
72
59
94
59
26
68
96
61
20
49
99
20
19
63
94
82
 2
78
36
74
46
40
91
27
47
61
74
71
 4
95
19
92
64
50
14
49
47
42
24
31
47
36
69
93
34
69
39
15
55
95
39
25
53
64
49
50
91
69
65
26
38
61
41
21
56
84
72
12
76
23
45
74
 2
 5
 7
23
 1
68
59
42
65
29
51
75
64
41
61
99
89
18
37
36
10
92
12
61
38
66
34
32
27
41
44
13
91
 6
37
10
87
28
38
89
30
49
33
21
81
37
84
78
10
73
62
58
28
47
37
67
24
33
57
 8
85
13
50
28
46
22
81
64
38
93
 6
41
74
62
45
61
78
15
24
47
44
37
12
57
70
64
72
54
45
59
99
45
13
37
42
61
20
74
58
 7
66
98
38
38
43
 9
39
 5
97
11
32
27
 6
47
51
 8
87
68
17
93
59
50
15
57
36
94
46
13
83
15
83
68
58
61
62
84
 5
62
68
72
57
54
 6
96
27
71
45
95
99
70
19
20
44
49
52
68
60
56
33
43
34
32
66
87
69
81
48
43
44
32
80
93
45
53
90
95
67
18
53
14
 1
61
71
23
99
31
59
14
58
72
21
69
89
46
20
11
34
46
11
34
75
60
23
 6
22
 2
78
25
 4
22
33
65
57
21
19
54
46
 7
78
36
76
80
75
71
89
16
46
98
50
23
19
39
30
25
38
56
18
79
 9
41
38
60
38
61
 8
12
46
24
27
20
54
85
33
99
 9
86
94
31
49
16
92
68
82
97
61
39
63
 2
39
49
68
61
92
40
20
26
59
79
90
 3
 9
51
21
25
19
37
81
13
89
17
29
42
 6
21
59
11
46
47
37
 9
61
58
87
63
 9
 4
28
88
95
53
34
20
78
14
15
27
94
81
99
 6
77
33
81
59
 9
 5
55
37
83
30
90
55
31
38
47
83
57
26
 4
92
68
53
 3
64
45
54
67
69
94
 7
15
81
86
73
98
65
88
25
23
92
93
 5
55
24
68
 6
74
16
22
21
91
84
 4
74
74
83
39
55
 7
44
24
72
27
18
66
65
73
65
 8
75
61
57
16
19
57
11
65
60
41
19
15
33
30
25
97
 4
71
84
13
35
58
49
60
20
84
46
85
72
89
71
99
33
16
68
16
56
20
18
83
88
67
 4
66
42
53
83
19
10
62
35
42
42
44
93
52
77
79
61
39
91
33
 8
67
56
79
21
79
36
64
60
61
58
22
45
31
60
93
38
 8
44
64
61
23
62
82
94
22
55
53
19
41
55
83
 7
88
91
91
72
14
10
 8
59
 3
25
17
77
84
40
80
75
79
45
41
46
74
17
90
81
61
49
92
31
27
27
20
13
12
69
40
36
48
64
65
48
87
24
15
91
23
62
40
91
16
33
 2
39
36
59
80
89
37
41
31
67
55
10
16
75
56
 1
57
88
33
22
46
67
68
80
23
40
67
43
96
95
73
15
 3
41
69
76
62
64
84
94
51
62
 7
35
43
55
16
86
25
62
42
38
61
67
66
99
94
36
57
37
67
 2
81
81
49
15
59
93
42
61
13
59
80
 6
82
73
69
23
54
 9
69
50
71
 1
12
10
76
73
32
47
57
28
71
33
40
 7
90
87
12
65
23
47
 2
67
95
49
 7
29
59
58
 7
34
63
 7
36
36
 5
62
64
76
83
 4
49
38
20
26
21
51
24
38
55
85
 6
93
 6
37
15
99
26
38
76
51
81
13
29
44
77
 4
34
 7
69
69
45
98
42
20
25
24
66
56
94
10
39
79
86
85
47
70
 9
29
 8
72
78
98
59
82
35
31
52
94
97
27
 2
97
57
76
65
66
94
79
93
51
95
 3
34
 7
62
16
22
55
92
64
40
40
21
 9
89
62
95
 2
46
38
86
24
44
87
10
48
67
96
30
55
89
47
62
78
34
62
20
87
98
60
30
94
35
80
57
99
98
57
71
44
62
94
91
 3
49
52
39
79
22
71
35
24
15
44
80
56
54
75
50
11
19
42
28
66
29
69
37
97
79
55
71
 9
27
61
98
82
42
92
27
98
22
82
 7
65
 1
19
82
17
32
10
36
 8
92
40
43
86
71
16
 6
37
99
30
51
 4
88
69
90
85
23
86
 3
91
84
57
39
70
48
38
48
95
27
63
60
 9
 4
78
80
20
44
65
 7
65
99
38
14
98
17
82
47
49
59
 3
43
 5
47
56
26
41
34
53
 1
93
18
67
 1
52
 8
65
87
92
44
93
80
36
90
24
 7
20
 4
 1
46
18
94
89
72
41
70
74
54
84
 5
96
15
66
10
90
32
89
33
93
62
90
91
15
64
13
54
13
27
56
63
58
59
45
41
83
59
66
34
42
 8
20
80
88
 8
33
27
31
27
77
77
40
48
56
30
76
91
69
44
14
16
52
32
22
59
92
82
 5
23
 5
44
24
72
75
50
30
47
66
16
25
53
85
13
66
35
94
24
59
93
88
89
24
66
15
64
95
13
36
79
54
25
38
25
17
25
89
76
 9
47
 6
44
43
80
90
82
19
61
66
59
78
96
63
87
21
12
 9
42
15
83
55
57
23
77
12
24
56
42
 7
95
97
66
43
 3
89
66
78
 2
27
10
96
44
85
27
95
10
71
37
60
66
53
33
42
20
80
37
25
10
 9
95
85
13
52
12
34
 4
 1
74
46
56
 6
13
65
11
64
 6
94
97
20
72
50
59
14
20
97
38
86
10
39
74
75
57
90
 5
12
37
91
82
52
60
97
 6
54
49
13
 9
34
48
80
64
 3
95
24
67
38
97
31
56
79
46
75
31
92
93
96
24
 2
43
88
92
49
76
50
78
56
42
39
13
47
73
84
95
34
29
84
55
 1
21
63
92
87
45
16
13
30
67
89
90
32
79
59
14
34
74
25
80
78
63
 7
19
92
91
44
53
16
45
92
15
 9
35
22
34
19
50
96
78
93
39
60
 1
94
37
92
43
82
99
58
83
73
33
33
44
90
11
10
62
36
61
70
54
 7
88
46
41
68
55
19
 5
23
65
14
17
68
59
42
 6
 5
96
91
34
78
15
95
29
99
39
37
27
61
42
99
 6
71
22
83
46
15
99
39
94
90
 2
63
78
16
33
16
42
47
 7
77
50
13
23
34
34
 9
77
94
20
49
99
19
25
16
75
89
53
21
66
76
68
 5
97
29
95
83
95
86
20
86
68
78
24
83
15
45
43
45
25
57
86
35
92
29
88
85
84
34
38
34
91
 6
69
 9
 2
43
48
 2
26
81
24
37
15
64
13
78
97
85
60
66
79
14
44
46
26
88
92
59
83
88
48
86
52
65
66
76
60
46
90
87
54
90
65
46
79
16
54
73
25
70
15
67
33
57
83
86
50
16
59
55
 1
41
 3
94
76
50
45
24
13
87
46
39
58
61
73
97
88
25
52
26
96
74
52
76
75
92
63
50
68
86
29
23
65
85
94
58
37
16
18
91
99
27
14
40
57
 1
 3
 6
68
86
85
78
57
36
47
55
95
34
17
14
22
41
66
43
98
25
85
62
53
76
14
63
54
33
61
61
21
75
27
24
42
13
 2
58
 2
45
89
 3
75
 5
49
37
 7
75
57
36
22
73
13
76
93
 5
86
50
10
83
30
53
67
13
42
36
27
21
22
76
71
57
94
49
96
39
37
65
61
43
 8
52
53
53
81
55
70
35
13
 3
96
67
31
55
59
96
67
62
39
38
40
31
53
84
97
59
37
76
30
27
73
61
48
81
 7
96
71
35
47
59
91
 3
40
79
51
88
 5
73
41
56
92
98
21
98
80
 1
60
35
69
71
47
38
75
 5
30
43
92
45
34
40
28
30
38
69
62
27
45
57
64
47
30
 6
96
52
 1
47
36
36
59
10
66
83
80
94
47
 6
26
93
21
49
91
74
69
58
95
52
83
26
41
53
38
81
14
35
56
52
89
24
46
80
98
53
97
81
95
80
18
58
31
23
94
68
38
33
73
15
28
37
20
 1
38
52
78
97
99
 1
75
65
66
62
86
86
 1
69
26
47
27
63
59
16
62
54
18
72
40
87
87
29
18
48
86
85
12
12
83
79
17
94
56
63
85
81
79
64
12
94
14
68
82
92
95
90
58
48
85
41
36
 2
 7
91
75
37
92
24
 2
76
96
69
14
42
93
31
69
81
92
80
 1
 1
21
45
43
 5
89
52
79
95
97
62
37
17
73
50
25
93
45
71
28
72
10
68
61
 4
83
61
14
51
41
64
55
94
 2
82
60
20
61
34
 8
27
43
33
25
63
76
14
19
41
50
86
73
15
60
36
54
75
14
56
87
58
89
 6
89
17
11
 1
56
43
69
24
49
 2
14
62
53
52
52
49
30
38
 7
44
99
98
34
92
 7
83
76
28
32
61
44
49
34
44
95
24
29
63
23
72
30
17
94
63
47
83
82
84
53
77
13
23
39
 5
62
18
57
94
53
97
57
97
64
 3
44
83
 5
89
43
53
76
89
96
 3
68
63
 5
38
97
 5
 2
85
65
17
94
98
24
49
63
 5
26
93
47
91
49
33
97
80
78
42
38
70
34
43
20
25
16
98
97
82
73
56
16
23
54
24
40
29
46
85
 8
46
73
59
58
54
52
63
93
14
59
36
26
56
44
58
91
83
14
12
64
65
33
43
55
85
67
53
22
34
97
85
91
85
71
41
17
74
68
79
53
93
83
36
88
38
 2
25
25
11
36
59
21
24
48
32
 2
 3
90
24
61
27
 2
63
40
24
90
98
24
31
41
27
18
71
84
15
82
26
49
89
57
76
52
 2
50
76
34
44
57
39
 8
62
46
15
24
96
 1
96
 2
99
47
85
62
 7
52
24
93
56
33
16
78
57
44
80
30
12
12
26
55
64
50
94
97
10
42
82
75
21
41
74
70
22
33
84
68
83
44
68
38
51
38
85
25
92
66
62
35
73
32
62
23
34
24
99
35
11
80
 3
19
31
52
58
57
52
94
56
43
79
 2
57
43
 3
68
 2
72
23
24
92
27
76
13
55
94
56
51
23
93
22
70
31
60
80
44
91
25
85
20
18
19
74
52
73
30
21
67
 9
51
28
41
76
64
23
28
64
74
92
21
66
43
 8
88
 9
51
83
53
42
28
28
66
67
73
12
50
35
16
26
48
43
38
53
63
52
 3
21
21
30
14
62
47
66
50
44
85
59
94
14
35
21
21
93
65
86
30
90
70
95
16
46
97
20
56
 2
54
97
92
92
 9
78
13
46
65
91
78
15
82
92
38
 3
65
67
53
 8
20
45
61
70
 7
44
42
23
72
40
78
36
 7
21
85
64
78
17
14
83
31
49
87
16
73
 2
75
43
47
57
72
 4
 3
94
86
71
77
 2
 6
 5
 4
88
23
75
28
62
24
76
91
41
11
73
23
77
36
48
25
65
48
84
 1
 2
21
25
60
71
71
71
22
25
10
46
91
39
52
 4
53
 3
51
74
80
31
43
73
42
49
77
25
74
46
44
39
67
46
43
23
11
95
28
 7
 1
 4
57
19
10
42
78
57
36
52
 7
19
47
49
94
 2
 9
73
63
66
30
88
97
75
15
68
73
59
46
74
16
77
99
65
48
94
 5
39
62
40
52
57
28
71
70
42
99
35
70
92
40
 7
75
25
92
23
29
83
48
 5
25
95
39
39
22
67
79
64
93
51
 6
 8
98
98
46
12
95
42
38
10
91
82
55
84
60
71
55
71
21
37
99
41
82
34
53
 7
94
 4
43
20
64
87
64
80
97
91
91
23
44
65
34
21
59
55
48
49
14
28
63
69
18
13
54
56
25
49
56
57
66
 4
31
65
79
40
35
34
89
84
92
99
 6
12
62
24
85
55
57
61
31
76
40
21
77
26
37
52
29
81
96
24
10
31
28
18
70
83
64
 8
39
63
72
46
44
67
43
34
 1
63
20
90
79
87
52
96
70
29
73
34
44
59
66
 2
16
80
20
98
43
81
45
96
31
44
49
76
96
 2
44
24
57
92
66
13
 1
14
17
20
94
 8
79
23
89
93
 8
44
99
83
85
41
74
76
18
57
74
80
44
12
67
67
78
28
33
92
27
18
 9
91
99
77
68
79
70
45
61
80
 7
63
97
 9
 4
87
11
97
67
 6
95
58
68
84
37
 3
 7
37
24
47
28
99
85
43
 7
14
32
99
62
36
23
 1
97
32
67
52
49
88
74
62
29
14
49
99
35
37
55
31
37
 6
49
72
91
67
89
74
97
34
49
57
61
44
12
19
62
82
90
52
92
 7
57
65
81
17
 7
60
50
19
47
57
24
42
50
20
38
34
49
76
76
 2
 2
73
77
22
36
83
28
 5
67
75
 2
12
23
90
53
 9
62
30
22
90
 6
74
69
19
89
76
82
27
62
23
91
37
96
 9
11
36
75
28
70
50
22
26
43
82
 9
 5
18
43
34
33
49
22
95
56
20
66
54
62
42
79
 4
73
42
27
62
51
64
60
83
70
10
27
 2
41
78
 8
22
59
95
30
60
27
33
91
58
64
73
72
47
32
24
34
14
71
72
11
46
28
33
78
84
12
17
 6
72
94
65
87
41
89
56
41
 3
 8
68
87
 3
44
69
85
99
74
37
46
11
46
72
89
22
99
12
83
74
41
 7
14
25
89
60
28
19
17
14
 9
42
99
45
 9
12
21
97
17
61
14
83
76
81
 7
82
24
82
60
91
76
21
26
40
40
70
69
16
48
78
44
28
22
83
68
55
60
38
10
95
32
 4
10
66
97
85
53
85
34
43
40
60
72
64
24
28
31
41
 9
81
71
16
60
10
30
53
 7
85
59
 8
 8
43
56
24
51
84
90
54
65
15
99
41
 1
 3
88
16
73
26
93
93
17
 5
38
97
40
14
43
 1
47
17
32
19
96
71
79
35
67
29
46
90
 8
49
58
35
43
98
56
60
99
35
93
 5
37
28
89
62
39
41
29
93
53
30
13
41
43
58
45
75
18
94
64
69
32
14
 9
 7
96
29
18
52
11
 9
57
72
49
89
81
24
 2
42
15
25
27
 3
47
16
97
24
58
 7
99
69
55
38
70
81
 9
58
28
69
19
20
98
41
67
18
64
29
80
62
52
11
87
 9
99
 7
87
57
95
40
84
 9
43
39
34
16
42
70
73
14
40
87
22
62
41
77
69
84
31
79
56
32
 2
93
95
79
40
15
98
49
54
24
46
85
 9
84
34
92
49
48
81
21
66
57
91
50
99
 7
68
35
29
71
93
62
46
77
43
96
51
93
53
50
78
40
27
64
99
84
88
32
81
29
66
48
77
42
 7
26
20
67
25
57
76
32
85
49
64
99
95
37
69
 7
31
87
57
97
69
89
46
17
47
66
 9
70
24
84
76
 6
52
 6
31
43
60
60
20
86
31
65
20
43
77
 4
65
17
26
63
62
56
76
32
16
55
64
 4
86
80
 7
43
 4
 8
27
76
49
66
59
71
48
55
42
51
62
39
73
20
47
79
37
49
50
18
 8
83
12
66
 8
22
56
13
32
58
30
 3
34
96
73
13
60
45
76
58
41
21
23
65
25
29
52
52
76
90
62
37
84
54
68
21
49
71
43
69
69
85
63
47
90
95
86
 9
64
55
60
 9
54
60
18
44
38
 1
56
86
61
 5
25
11
88
82
58
77
75
73
54
95
53
 3
46
88
18
77
55
26
33
96
86
20
23
30
50
48
71
20
68
30
22
78
46
83
56
23
83
 1
80
23
85
86
73
10
54
77
52
15
35
83
82
87
78
99
94
56
 6
93
48
 1
29
29
96
73
22
47
89
55
85
46
64
83
14
84
83
28
95
54
36
55
57
45
93
66
90
55
27
42
53
46
49
73
20
26
32
20
30
42
44
78
37
67
44
94
 1
76
91
 1
17
61
20
16
48
26
 3
96
15
88
88
62
48
19
15
93
49
59
86
23
35
52
39
17
45
17
37
65
93
98
69
93
98
37
66
87
10
82
10
59
75
97
53
60
29
66
43
36
65
66
25
59
81
13
51
12
54
43
77
76
25
32
45
93
50
14
47
31
32
22
66
61
33
80
11
54
19
97
94
 2
47
79
24
75
 5
 2
15
32
41
88
 5
82
 8
 5
 8
 9
24
27
42
80
89
97
92
28
80
30
52
34
26
63
87
 8
13
28
68
90
18
45
28
64
15
95
69
 6
43
93
 7
72
98
 2
42
41
41
 9
62
10
48
37
84
58
41
63
99
97
 8
41
54
97
23
17
44
19
22
 4
30
46
14
22
47
35
92
63
44
91
28
 3
12
76
96
87
23
62
42
43
66
34
19
41
82
59
 5
38
79
28
41
48
56
71
90
57
97
73
56
37
59
79
78
73
32
21
23
64
88
50
88
94
85
 3
63
47
68
11
33
74
 7
44
89
61
26
22
24
17
81
81
74
38
 3
27
 4
60
79
58
60
51
15
96
26
58
14
12
92
79
35
58
61
41
58
42
13
71
26
10
53
63
88
79
68
84
 5
27
 1
51
65
25
72
22
44
54
83
22
66
90
94
50
13
82
27
96
28
22
95
 5
54
22
99
 8
59
 8
91
88
 1
44
47
80
63
77
61
55
28
40
75
17
15
89
91
71
43
33
53
51
67
 1
54
84
16
11
68
 6
 1
27
31
60
36
16
10
30
 4
98
60
19
27
47
99
26
96
83
37
51
78
34
46
58
87
20
42
31
26
 8
49
62
76
25
11
 7
67
50
37
27
77
88
38
83
12
39
38
74
 3
64
21
94
77
78
96
19
60
42
43
60
11
11
19
27
 9
 3
87
29
58
27
62
46
36
71
98
12
63
54
59
36
87
53
70
 3
11
33
81
82
14
53
79
86
 6
93
35
98
79
91
54
30
83
 1
 3
 9
88
93
79
68
67
97
15
33
61
85
42
76
57
37
60
44
39
59
 5
19
52
99
43
20
31
38
36
 5
27
93
62
84
 5
23
54
11
25
50
37
34
96
23
29
 9
 3
99
77
44
83
89
 9
66
 4
44
68
83
65
18
91
47
81
 4
24
88
12
47
26
94
44
63
50
51
26
48
59
92
47
 5
60
73
56
93
16
32
25
15
26
27
41
21
18
51
50
96
63
83
98
79
38
72
40
61
56
48
37
65
94
18
97
 5
23
67
24
44
83
16
84
70
10
36
81
64
43
 2
43
15
32
78
12
52
64
94
41
40
45
32
79
99
31
70
70
24
63
 9
16
35
 4
18
66
43
 2
41
62
84
31
84
81
68
69
29
58
22
16
 7
81
65
89
59
64
 2
 1
35
88
63
62
26
16
82
 3
33
59
37
69
23
23
41
78
80
96
42
 3
38
 5
64
35
52
 8
75
47
33
58
40
67
88
90
91
86
96
69
26
43
50
64
24
59
 6
61
15
19
68
28
90
38
57
74
78
 1
72
74
83
60
99
88
 6
30
11
21
49
87
44
83
23
18
61
89
54
 8
62
37
 9
19
24
26
42
68
81
55
85
26
 2
45
71
54
57
44
13
23
73
32
50
98
37
22
56
61
49
55
46
32
13
64
46
78
18
46
95
71
54
87
28
57
75
93
94
40
47
68
98
14
48
85
78
40
93
 8
30
33
97
88
88
36
22
22
75
33
21
59
21
 8
68
78
70
76
24
 3
79
15
61
71
19
 6
 2
58
94
14
79
25
68
34
85
27
45
 7
 5
42
63
53
97
42
63
24
58
88
98
98
76
64
24
55
35
16
55
36
98
29
24
10
 3
15
20
96
89
18
50
15
20
22
 1
42
12
80
36
49
11
41
22
74
55
80
98
27
50
26
 6
74
 1
90
68
 1
23
80
53
88
80
17
12
17
74
15
 2
39
23
71
28
99
55
17
69
88
83
60
45
77
39
86
95
28
65
43
 2
42
43
84
60
11
30
91
 5
55
23
35
97
16
86
19
95
74
70
58
93
60
76
27
79
39
78
40
68
37
48
96
67
76
15
44
53
99
 4
14
82
51
65
55
46
80
56
39
69
55
80
64
69
41
54
 9
86
30
92
91
92
74
99
70
82
29
37
42
65
27
67
69
65
17
51
 8
25
73
83
56
54
11
58
94
90
21
24
43
24
50
52
99
56
49
70
94
35
 7
56
17
56
96
78
51
46
44
71
84
32
73
15
 3
21
93
21
69
75
21
96
80
22
84
75
89
69
 6
 4
 7
85
 9
62
67
 3
47
94
65
91
12
69
37
90
87
94
23
19
39
37
66
65
96
78
78
82
 7
27
38
65
20
45
53
66
11
94
52
 6
53
72
21
40
82
33
75
43
61
62
68
63
70
15
24
20
41
70
 4
77
67
18
88
97
 6
31
93
79
76
40
87
88
22
61
41
99
 1
96
68
57
75
57
 2
47
89
16
39
22
76
73
33
53
 9
 8
39
43
 8
99
92
 5
53
31
52
93
95
 9
57
53
98
44
47
16
42
13
91
30
87
46
68
77
65
83
52
28
50
 1
50
 1
 7
82
26
85
73
45
81
88
53
61
 9
52
93
 2
 1
32
 8
61
20
46
39
58
28
15
98
93
56
89
 3
48
38
89
18
10
80
44
52
11
71
60
 3
59
48
24
82
47
75
35
58
31
78
 1
 3
53
92
79
 8
93
50
99
56
52
82
51
91
10
47
71
91
 2
76
19
91
40
32
62
51
 2
78
77
 8
47
63
72
20
76
97
45
53
72
48
90
87
56
19
49
10
 5
34
29
74
37
11
95
98
41
31
39
67
35
78
34
 6
33
84
10
18
22
37
 4
33
11
73
68
58
54
44
70
92
16
50
56
71
84
49
45
39
94
22
92
84
64
99
 2
41
 6
60
32
 9
30
64
69
77
92
59
 9
13
85
15
21
90
60
22
56
37
57
25
42
61
29
93
37
40
50
29
99
31
81
17
35
89
88
92
79
53
92
46
59
80
37
45
32
91
52
79
10
 9
16
31
84
48
70
41
55
55
 6
10
67
30
73
91
83
38
32
93
91
61
87
87
41
75
42
10
52
17
 4
65
67
 8
69
17
91
16
42
72
 6
36
