1500
73
99
31
34
96
53
20
54
57
37
58
84
62
31
58
92
50
33
43
11
55
 2
99
30
 8
90
74
43
87
33
 2
87
81
 2
11
88
59
26
70
33
23
65
35
83
44
44
54
88
52
36
91
55
65
89
33
73
44
18
20
40
62
 8
89
82
70
90
65
30
39
33
69
11
58
73
94
64
 3
78
31
 3
10
33
73
48
91
52
82
50
31
17
58
21
87
19
96
17
40
35
54
53
19
94
31
18
52
74
76
78
46
81
23
13
70
52
84
77
40
40
72
58
58
 5
17
84
46
95
17
84
86
19
 9
38
32
90
93
17
88
88
92
67
32
60
84
26
83
28
88
18
67
59
53
28
 7
 9
92
13
66
24
69
12
 8
31
31
54
56
58
16
 6
50
46
26
55
62
79
91
87
90
 8
30
26
77
81
93
25
57
61
55
69
26
49
88
58
92
71
98
46
19
97
79
17
14
86
34
51
88
66
45
74
33
44
15
44
17
33
85
48
84
10
46
 8
48
75
36
21
31
51
55
52
91
64
84
16
55
61
43
46
 6
 5
64
 1
46
 3
29
97
82
 2
43
31
65
 5
79
61
 3
67
93
29
 9
87
21
87
92
75
58
 5
48
25
51
19
58
39
91
14
64
56
27
98
17
32
 1
42
67
12
38
49
 7
50
64
47
 7
 9
87
59
88
 9
46
20
60
50
33
29
36
72
92
92
19
86
33
42
11
31
18
83
61
 4
81
74
25
 6
73
73
 6
52
17
51
94
96
18
29
56
11
28
25
77
67
54
55
36
86
49
 7
98
64
71
92
 9
62
39
27
66
78
68
41
80
65
43
35
68
37
61
36
 1
94
52
34
66
47
82
51
43
58
44
56
67
56
65
40
71
76
10
78
91
67
20
18
 5
 5
72
68
19
83
91
82
53
96
92
72
34
93
10
66
58
12
59
40
44
90
22
33
 9
50
65
85
 2
35
17
 5
47
35
83
91
97
49
41
37
69
25
 9
40
57
46
86
16
 2
68
10
89
 8
11
83
 9
73
91
54
90
51
 3
74
39
75
32
26
29
 8
 5
65
10
 4
91
30
19
62
 5
87
57
88
56
80
23
81
20
22
44
21
22
89
18
36
51
25
89
54
78
22
89
94
86
44
41
 6
23
58
76
20
32
 9
75
29
17
32
40
37
78
21
47
95
68
61
76
 4
18
27
62
42
69
66
66
55
85
75
 8
22
52
69
66
50
45
67
94
34
95
91
27
92
10
94
60
45
71
30
61
44
 3
58
96
96
 8
24
38
28
51
79
19
96
20
 9
24
17
22
 4
69
 8
53
61
56
11
93
74
62
13
75
26
52
96
63
20
65
72
 6
31
67
 2
94
 4
20
72
81
94
70
34
 2
77
89
54
54
16
77
 6
71
15
63
36
39
55
13
48
19
33
77
20
86
99
99
12
86
11
90
85
96
17
11
60
81
72
84
72
77
99
35
34
42
90
12
53
30
91
87
30
43
43
74
88
78
 9
66
41
56
87
43
69
37
37
35
 1
19
95
10
58
 7
30
47
 3
62
 2
86
95
22
85
11
24
75
17
34
21
26
13
83
18
91
43
26
59
83
88
17
 9
27
72
60
 5
39
95
25
62
54
67
 4
93
 1
54
97
53
11
40
65
60
76
37
51
18
40
10
21
79
26
77
16
85
82
51
66
 3
78
58
59
13
93
30
12
75
62
88
49
94
 3
24
16
45
88
77
51
62
11
40
44
58
62
81
72
76
22
 5
87
39
38
50
25
 1
18
52
96
62
 9
54
49
65
67
99
64
11
33
 4
55
22
68
 8
48
16
 3
49
16
75
36
24
23
97
43
77
85
17
24
20
72
76
53
86
68
35
78
22
26
88
86
56
15
13
41
10
18
72
64
 3
56
24
82
23
 3
58
25
14
83
 4
66
43
95
36
20
89
60
16
67
65
47
 9
38
47
65
97
14
65
72
43
73
33
89
 9
69
39
95
 1
26
12
50
47
60
47
50
53
39
45
62
68
29
27
14
96
83
62
32
86
31
14
65
42
69
 8
96
63
73
32
96
96
98
88
98
78
82
85
60
41
53
 4
97
 1
13
27
43
75
30
56
19
38
96
17
85
77
95
61
42
69
24
79
45
20
 2
38
28
79
64
32
79
 7
13
87
72
69
32
 4
83
65
90
58
17
53
74
60
56
55
10
 5
75
55
11
85
 8
38
 8
24
18
78
 2
79
97
54
78
90
78
72
58
25
25
83
92
68
99
84
89
49
36
79
74
16
29
95
86
72
87
15
95
82
39
48
45
47
41
88
18
80
89
60
18
70
85
41
69
57
27
29
22
10
13
52
66
49
21
13
60
86
24
14
55
21
41
10
 7
71
66
 5
12
94
68
29
 4
52
21
51
66
71
43
32
14
94
16
68
66
28
53
72
 2
96
87
92
82
19
60
31
60
15
67
 1
48
44
57
19
63
93
20
21
34
24
75
82
66
73
 4
24
68
49
12
94
38
89
84
 9
88
29
15
28
34
58
72
68
24
11
86
19
 4
47
 7
51
37
 3
35
21
40
40
72
 7
76
80
69
39
57
79
57
12
87
74
12
59
20
 8
43
95
47
47
66
65
95
86
39
47
46
69
21
30
56
10
49
 9
 1
62
80
15
 8
98
78
55
 8
49
38
37
66
88
74
71
34
81
96
41
63
 6
10
 6
42
52
14
45
91
20
98
11
61
 5
82
78
94
 2
60
82
83
23
68
15
82
49
97
77
 8
10
59
75
92
18
43
19
17
57
76
42
86
29
20
95
90
92
 2
34
86
65
44
38
62
33
58
93
38
59
78
92
 8
 3
20
45
31
64
 4
81
69
57
62
47
40
19
43
42
27
82
47
30
 5
89
11
60
98
91
52
25
59
11
17
95
75
 2
28
73
83
 4
85
81
10
99
 2
33
 8
91
35
26
21
99
10
64
37
94
72
88
54
80
75
 3
33
17
45
59
66
20
21
30
14
18
19
 4
56
 5
17
20
 6
72
97
18
31
44
67
78
28
24
74
57
 5
55
38
71
 7
15
32
53
41
41
16
32
46
 9
67
30
37
62
 8
74
13
 8
64
87
23
89
81
66
77
41
98
93
31
43
35
19
86
60
79
47
76
24
16
44
62
 4
30
40
89
35
62
 7
62
65
 8
 2
76
74
97
62
53
33
63
27
27
40
48
83
36
34
25
 4
51
98
12
76
 7
51
39
11
60
57
54
80
50
36
30
22
76
18
46
51
73
 8
15
83
93
19
38
48
81
37
39
83
58
63
74
87
80
18
61
13
 6
34
38
99
30
33
70
 8
21
 4
42
66
22
95
41
81
41
21
56
44
 5
90
29
47
97
91
59
81
45
94
 2
19
91
46
52
21
16
87
 1
17
14
92
85
82
39
48
59
42
90
60
32
45
52
42
34
46
79
29
11
 9
21
97
92
94
93
41
26
42
79
58
29
 3
71
14
57
27
25
39
23
78
71
24
84
79
24
58
28
36
24
90
52
