800
66
18
27
49
74
59
55
58
97
 3
56
52
73
 1
31
92
41
70
67
54
15
22
33
84
76
 7
30
62
64
92
49
79
60
45
17
43
32
36
52
42
39
54
25
96
71
36
63
91
24
80
64
59
57
95
83
77
77
12
46
54
60
23
37
90
70
91
58
60
97
65
74
14
38
64
26
42
85
67
80
10
18
59
55
96
68
77
76
43
69
12
70
54
37
87
82
46
99
19
42
 2
39
13
96
14
51
45
91
60
71
99
45
44
 1
47
90
84
64
89
24
14
32
47
47
 1
50
97
29
87
98
48
80
 5
24
52
71
66
74
69
77
62
82
48
85
79
97
43
46
75
61
59
14
 7
87
24
44
71
52
72
93
40
67
57
 8
38
16
69
21
81
60
70
62
86
68
37
 3
83
80
 8
16
58
69
28
 2
24
 7
 3
48
74
91
40
64
14
50
86
81
 8
75
56
37
52
 1
39
45
 9
78
99
73
 8
68
59
19
56
 1
42
20
50
10
 5
70
51
14
40
 2
 5
40
37
79
54
59
18
88
57
37
26
48
41
53
80
42
89
26
78
94
24
58
59
68
55
58
12
45
80
60
20
38
89
74
64
 4
47
24
66
10
57
57
43
14
27
37
29
28
49
65
 1
 4
52
46
49
21
94
65
62
26
74
71
34
76
31
41
87
75
97
17
23
11
 1
97
60
 9
46
66
 8
20
91
47
24
30
67
63
87
23
 7
89
58
86
78
82
52
94
77
71
83
39
48
87
19
74
19
38
 6
19
12
75
89
79
 8
77
 6
78
28
 7
57
92
14
37
57
29
73
28
48
37
61
45
85
61
74
82
94
52
25
10
68
53
71
95
53
43
70
 7
61
76
28
68
57
18
25
57
77
71
74
37
 8
27
98
88
93
28
87
41
 1
72
21
87
96
44
 7
56
89
13
37
38
66
71
95
38
90
60
32
53
96
55
30
37
26
53
87
74
61
51
33
 2
95
28
88
92
98
43
36
81
95
67
53
17
55
36
95
 5
72
53
11
67
53
43
27
51
 6
81
17
26
 2
61
90
 2
49
89
98
95
39
25
 9
95
83
57
43
37
21
62
22
53
23
99
22
93
42
25
79
98
61
44
53
 6
89
13
75
71
39
96
 3
12
46
86
12
15
67
 2
20
38
20
64
 8
59
78
78
11
72
20
 4
43
99
14
49
51
31
58
80
35
42
52
64
39
 7
 4
47
63
56
77
96
78
 8
64
78
19
 6
80
36
 6
90
 1
12
 3
67
96
78
49
61
99
62
53
38
86
75
30
87
58
46
17
33
50
 3
 2
81
23
64
54
64
80
95
23
80
60
98
80
12
50
78
67
 4
66
77
47
83
47
85
78
13
14
45
64
54
30
59
51
39
31
 1
50
 6
38
47
58
23
33
38
31
42
26
75
15
15
70
67
68
96
51
25
77
84
32
30
24
28
73
75
75
10
79
89
74
 2
24
55
95
45
11
24
47
64
84
62
83
93
80
93
 3
94
21
91
 2
56
38
 5
56
54
45
32
11
66
16
55
30
14
18
55
 2
21
46
75
50
78
93
 6
47
91
28
41
70
92
92
59
 9
24
14
96
52
37
19
78
74
34
52
44
56
 6
11
56
28
72
54
29
99
84
34
44
66
99
 3
19
28
99
11
70
44
32
 2
59
36
70
78
42
66
77
57
23
24
35
98
37
10
65
 3
47
89
77
93
87
83
63
51
53
63
24
27
41
33
71
 1
60
69
50
17
18
74
15
59
81
39
59
89
50
67
17
25
11
47
49
69
19
31
71
85
94
99
67
 4
58
91
81
73
94
47
67
38
73
69
 7
46
31
43
31
 2
20
 6
87
 9
26
34
88
67
91
20
