1000
74
98
14
53
90
33
28
83
39
16
87
28
83
87
 2
36
10
69
54
45
78
99
 7
20
98
77
20
15
36
74
47
47
83
44
66
21
61
78
95
18
33
82
82
94
24
69
73
70
25
73
91
64
64
82
15
86
42
66
62
10
88
39
23
32
63
 2
99
78
50
 6
14
25
45
98
43
20
22
81
43
52
71
50
24
73
55
25
21
15
22
74
41
84
16
19
23
21
96
 5
97
59
29
75
73
 5
50
97
43
57
87
74
33
90
 4
 8
92
25
69
44
56
96
42
69
42
64
25
71
56
63
10
42
59
34
64
56
39
38
79
75
76
98
24
 9
36
76
22
19
59
 6
25
64
18
 5
54
72
70
 5
20
60
 4
92
77
66
10
 6
24
31
46
91
 6
81
62
68
32
52
21
86
76
13
11
35
34
20
79
98
55
66
53
98
99
60
16
28
23
85
94
12
67
85
 4
18
49
29
37
24
13
85
24
77
60
81
52
67
 8
54
83
23
89
92
41
72
61
54
19
68
14
68
81
25
55
19
90
53
78
89
62
60
61
96
57
95
18
69
13
92
55
21
46
 5
49
52
 6
84
99
36
 9
 4
65
45
59
50
42
41
58
16
 9
94
21
 4
69
81
 2
70
36
87
43
34
76
82
56
55
70
 6
40
30
 7
 8
53
 2
40
 4
39
30
81
65
31
12
99
34
17
17
27
49
12
14
51
 4
15
51
76
10
71
73
41
73
59
40
67
81
91
20
48
89
56
37
23
23
 4
28
62
56
75
93
19
14
14
24
47
43
22
34
52
85
25
39
90
34
 2
75
68
77
37
98
44
11
65
83
12
46
43
40
50
71
46
68
30
 5
 5
81
51
93
81
12
96
99
18
18
98
27
25
36
90
27
72
59
33
33
42
12
91
81
89
 4
66
47
98
 4
40
53
53
53
43
99
32
43
 3
51
26
59
91
50
10
51
13
67
53
11
63
81
85
 1
 2
83
54
61
59
13
25
99
24
 7
 4
89
43
67
30
24
59
51
96
96
41
60
61
91
10
52
 7
48
32
40
18
64
82
17
18
41
26
53
37
89
58
17
66
26
22
60
62
85
52
17
49
50
66
74
 2
56
54
36
31
45
83
53
80
47
63
54
37
51
 8
17
73
42
12
48
28
81
98
 2
29
91
62
77
73
22
33
69
78
78
15
89
 1
66
 6
27
38
32
79
78
38
88
95
 8
89
59
51
73
46
60
34
77
55
39
70
69
33
99
57
80
60
31
56
88
56
54
39
21
78
33
54
81
19
30
26
92
66
79
43
74
48
49
43
28
90
63
50
41
60
55
96
 1
37
17
44
20
13
43
67
58
 7
 4
15
65
52
43
82
94
 3
71
47
42
37
22
78
55
 3
32
77
47
63
43
58
86
22
73
36
79
57
45
20
22
56
25
81
41
76
72
93
98
24
42
22
76
84
34
49
20
83
44
20
53
20
 5
96
51
47
75
88
73
48
59
76
51
78
18
72
29
 9
53
39
48
74
33
22
89
35
28
 4
44
46
37
45
36
80
65
12
66
70
28
55
16
18
70
61
47
45
35
 4
57
33
 2
42
45
21
16
99
99
 4
29
42
 9
23
82
17
78
65
33
50
67
68
74
86
32
66
44
46
69
53
65
86
68
10
19
73
52
51
99
 3
37
81
46
 9
50
74
83
94
73
70
 2
 9
43
41
90
30
56
68
34
49
37
22
29
30
 7
65
90
50
91
77
31
78
38
27
74
96
70
76
79
36
27
60
50
27
46
10
85
30
28
71
77
36
29
90
83
39
33
 5
86
39
42
32
83
67
51
72
92
43
25
30
46
95
48
72
39
94
86
19
 5
25
 3
92
92
20
83
18
19
19
12
99
62
49
46
68
70
11
33
23
63
35
34
59
88
24
61
18
17
45
34
33
27
55
40
21
86
59
96
88
61
64
22
95
56
42
 2
62
38
43
51
52
34
 5
71
 5
52
69
95
75
14
60
19
39
66
55
14
21
50
60
25
 9
70
76
48
10
90
20
67
14
67
98
80
10
38
32
75
37
11
76
94
99
44
71
28
47
70
54
 1
23
54
77
85
 4
39
47
86
32
73
37
63
42
72
 7
 5
15
89
44
42
41
76
87
 6
16
10
50
11
86
21
83
93
35
58
 8
52
25
95
64
41
23
97
91
66
88
 4
93
22
59
89
12
26
27
96
41
88
21
93
23
75
12
36
67
90
34
 8
 1
62
40
 4
18
27
15
40
30
14
17
45
84
33
 6
24
59
41
26
48
70
12
83
64
56
85
95
64
26
 1
67
26
49
 7
44
59
89
66
14
59
