800
62
39
30
42
53
31
59
40
90
48
40
46
18
65
89
12
 6
38
68
42
64
33
68
28
16
11
45
42
22
11
67
73
54
69
30
64
66
33
18
40
88
13
26
85
 5
 8
69
54
 3
77
69
61
73
72
31
62
72
 5
25
59
89
77
92
34
36
43
51
45
25
18
54
13
37
10
67
98
40
 3
20
13
68
59
94
72
23
50
96
28
97
13
97
79
 4
30
68
 7
80
19
 5
33
68
47
65
46
57
45
18
 4
47
47
19
29
52
15
15
37
 1
78
 2
99
38
74
28
86
89
75
59
77
 8
10
21
 4
33
87
21
 4
20
88
54
49
48
51
16
30
46
40
22
51
91
82
50
40
84
85
98
98
68
23
97
18
83
89
54
75
49
19
62
43
42
62
69
22
63
32
30
27
91
87
31
47
73
93
17
92
77
 1
20
68
55
98
92
79
25
91
79
93
49
28
99
97
84
54
83
41
 8
17
57
18
74
72
78
91
26
55
53
87
 5
37
19
82
65
33
24
99
90
 7
94
44
55
11
20
91
59
10
38
61
93
41
60
80
31
64
23
82
24
17
77
38
97
67
49
61
11
67
40
 2
89
90
19
43
93
74
78
30
24
30
92
70
31
53
77
81
41
96
43
57
38
43
82
43
38
27
82
62
99
52
66
94
75
51
92
41
81
34
 3
 4
78
82
34
92
27
 8
17
68
33
60
42
82
36
 1
33
85
53
10
13
75
35
48
95
66
49
59
79
25
37
16
93
87
77
88
66
82
85
68
58
75
82
 4
44
61
83
70
64
30
16
65
60
24
21
25
94
93
59
47
64
16
73
53
23
40
17
31
18
34
 5
12
56
19
10
38
93
33
43
41
83
31
48
 9
60
66
54
60
 2
37
 2
 3
52
68
 2
88
35
 5
41
50
38
73
83
19
33
 3
83
33
60
69
72
13
71
24
19
11
74
96
33
44
28
39
19
74
74
70
28
78
44
10
42
48
99
58
15
84
84
14
21
16
32
76
28
90
80
27
40
 2
86
42
47
72
54
31
97
72
80
48
57
81
39
68
56
86
94
84
90
10
79
22
83
76
20
94
62
94
33
45
75
72
99
64
87
54
36
25
76
61
42
58
89
72
78
75
70
82
38
82
98
 7
59
81
79
59
59
99
24
48
25
67
33
72
40
59
39
 4
96
17
36
71
53
91
25
30
94
13
16
19
68
15
22
97
34
33
65
72
 4
 1
61
89
23
68
68
10
57
60
86
48
36
89
 7
86
30
76
56
48
90
46
71
31
45
79
44
11
87
99
46
81
31
42
17
64
65
 3
82
53
19
28
 9
23
24
10
64
53
13
74
75
24
40
25
63
20
47
 9
41
88
75
92
70
12
38
 2
29
25
65
16
26
32
19
64
82
70
 1
28
34
76
59
80
71
67
92
83
63
40
79
67
90
77
26
 1
34
50
49
92
37
37
 5
32
93
31
70
 5
81
46
80
79
83
19
49
25
31
97
64
41
90
10
64
59
64
37
37
 4
80
37
 4
61
72
73
39
61
29
97
 7
13
77
14
48
81
32
 8
90
69
34
42
47
99
13
 6
50
19
30
36
80
63
 2
78
67
88
68
17
93
 2
21
37
90
95
36
44
60
39
42
25
 6
16
60
39
 4
46
41
63
 6
15
54
51
99
24
35
36
28
93
52
60
66
29
 7
16
95
86
23
22
46
40
25
12
43
95
86
36
67
52
37
75
19
51
 1
69
 9
15
63
34
90
22
46
 5
30
10
70
57
27
60
98
36
 7
58
38
70
71
76
85
87
47
75
 7
98
 5
67
27
86
95
54
18
52
88
61
73
61
25
90
42
46
 7
19
22
88
16
48
