2000
10
87
80
12
54
68
25
53
31
84
78
48
97
99
 6
91
40
58
 3
58
26
81
 7
99
53
41
41
44
65
56
48
63
48
51
60
51
45
34
88
45
26
35
67
86
51
54
30
66
44
61
62
72
48
94
 8
35
43
27
69
44
12
 4
72
 2
58
35
60
79
25
83
52
67
28
76
66
65
76
 6
13
14
72
67
77
 7
49
59
95
84
77
25
25
64
78
46
44
87
56
73
56
43
21
 6
31
57
98
91
93
 5
93
80
51
30
11
91
85
26
 5
19
17
76
43
50
39
92
78
18
44
59
 1
59
45
26
60
96
 8
36
49
26
87
58
11
16
 7
94
95
 6
42
33
89
25
94
26
73
77
61
48
24
59
21
39
 2
43
48
45
66
63
39
12
35
84
14
14
41
57
16
72
 6
43
31
59
76
37
19
29
48
40
66
90
22
21
97
32
12
36
 4
52
58
21
53
71
61
31
53
94
89
60
89
11
71
92
52
75
33
27
54
71
95
32
49
 7
77
63
70
33
32
10
76
35
51
93
51
91
78
87
13
58
60
90
 8
46
65
 6
30
84
24
73
37
17
88
 5
25
22
93
55
 3
15
12
94
51
11
61
17
 3
33
83
37
22
95
53
21
22
95
12
90
10
24
12
65
75
20
48
73
34
94
68
76
35
36
47
79
34
38
97
34
53
37
21
22
28
33
64
36
57
59
77
17
58
65
54
 2
48
14
43
 6
37
18
96
15
78
45
79
13
54
 4
67
98
18
32
83
43
 3
31
88
28
10
26
78
16
68
17
 9
90
 8
19
87
36
14
21
71
68
13
68
95
 4
61
31
75
71
84
31
 7
59
41
84
18
99
47
64
77
72
48
18
28
48
77
42
43
51
73
63
82
43
94
19
35
19
29
79
23
27
13
30
78
92
58
22
39
64
 9
31
82
34
32
43
58
 2
53
68
19
 4
38
42
16
56
47
93
77
84
50
41
 6
43
34
10
27
23
89
 7
35
39
 8
66
51
 8
75
 4
49
86
 2
74
68
 1
57
88
54
34
69
75
54
89
41
43
22
14
50
37
36
85
95
37
91
57
27
92
86
59
55
42
43
49
62
16
96
11
 2
67
77
11
31
30
40
77
40
44
61
38
39
59
27
80
57
45
82
59
23
19
37
16
69
38
81
42
45
35
50
61
62
77
62
31
72
 8
60
53
 7
43
12
23
44
14
74
66
76
96
86
92
21
38
 1
59
41
 2
98
31
34
58
26
41
53
52
83
48
 9
44
83
82
24
66
60
90
85
15
96
57
78
94
73
17
22
28
20
35
11
82
29
89
83
96
67
94
10
62
11
26
25
57
29
88
93
80
87
67
55
70
60
31
11
72
14
98
96
48
86
48
43
61
 6
 1
20
45
64
30
90
 7
11
38
76
53
57
54
42
83
75
90
16
63
79
24
40
 1
72
17
89
47
37
58
25
54
52
54
43
82
53
10
72
25
50
64
93
18
82
22
16
 9
95
 8
99
67
14
30
58
83
14
56
13
53
56
91
65
10
97
54
21
74
16
61
59
87
88
98
76
25
59
94
85
24
26
74
14
39
69
 2
75
58
95
16
55
81
73
26
92
14
60
11
97
66
83
65
73
99
83
40
98
30
94
33
42
29
33
57
38
18
99
56
27
98
74
98
74
30
70
 5
61
86
60
43
87
93
34
67
59
 2
91
98
 4
75
39
57
97
62
83
29
21
28
 8
63
69
12
 5
20
 3
83
69
27
44
78
11
83
74
72
91
69
83
67
63
95
11
85
92
49
85
91
43
76
84
80
39
57
80
39
36
 4
40
10
42
53
35
79
24
68
20
 3
26
34
36
 7
47
57
 5
71
95
46
65
25
70
92
24
66
88
30
59
56
17
84
61
60
 8
 2
54
10
11
46
50
70
56
82
27
62
90
24
47
27
45
48
15
98
23
79
 3
66
97
31
27
75
89
 6
15
72
32
52
40
27
74
77
68
48
47
95
88
12
35
43
70
32
79
13
34
88
55
51
59
41
53
72
27
39
95
18
16
65
27
42
54
22
19
26
48
87
 9
13
75
66
20
70
78
46
81
58
46
 2
19
29
 5
37
92
23
25
27
72
83
55
45
51
68
80
20
45
71
35
29
 2
36
64
72
79
72
47
20
86
59
92
80
61
43
19
84
95
12
 9
54
56
74
95
 3
12
87
23
79
46
97
45
94
30
22
51
12
50
27
24
85
72
56
43
 1
27
35
54
 2
92
29
87
65
77
68
70
11
62
15
 8
95
18
98
68
93
46
89
58
97
59
17
29
56
67
41
84
74
57
55
36
86
59
23
89
45
63
59
84
27
 2
27
87
96
49
82
66
16
49
16
27
81
35
38
53
36
44
71
25
48
91
62
63
22
16
98
71
 9
40
42
16
95
76
59
29
43
27
62
70
39
84
39
21
45
99
92
60
 8
21
59
97
 1
66
26
 3
79
34
25
 6
 8
30
29
13
44
80
 5
27
35
35
59
86
24
46
55
25
 8
76
96
84
41
68
80
56
45
11
23
96
10
31
27
88
29
52
36
97
81
54
17
96
 2
55
 9
90
16
72
20
48
22
80
70
34
88
96
67
75
32
57
41
55
50
66
90
40
89
24
90
64
 6
85
 8
72
10
64
51
33
42
52
50
18
73
27
47
88
90
69
13
53
44
29
76
66
24
52
59
97
43
54
30
74
97
 8
51
14
60
37
39
32
20
16
18
87
84
26
66
96
68
94
68
 9
96
51
38
82
36
47
40
28
82
56
 1
67
20
 4
78
99
86
45
33
80
46
46
57
29
12
88
81
82
28
24
45
83
45
42
38
35
76
51
94
11
26
35
56
51
22
98
78
34
57
55
 3
42
 1
69
63
37
43
17
51
41
62
61
15
40
71
20
 4
23
21
18
46
54
33
94
63
 8
38
70
 5
39
77
35
30
54
54
60
88
29
 5
13
45
38
47
53
 6
61
98
96
69
17
28
43
78
86
94
35
95
86
85
39
65
61
82
43
 1
24
57
39
43
44
53
76
42
12
39
96
 9
57
80
83
77
62
40
73
31
55
36
52
35
15
66
73
30
69
45
42
16
31
44
73
 1
41
84
 3
31
73
85
33
73
54
 8
88
81
74
87
98
 7
34
19
42
77
86
67
89
27
50
73
84
82
26
36
78
91
 6
25
84
 9
 4
15
50
 6
 4
 3
14
45
41
81
56
66
15
37
93
24
71
58
50
43
17
 6
25
16
35
36
17
 6
39
34
11
81
58
39
85
74
78
24
62
39
21
18
31
28
14
20
96
85
 7
95
61
27
 3
20
13
46
50
36
94
91
68
12
67
68
61
56
22
 7
71
62
32
45
45
79
57
73
68
31
34
83
 7
20
84
85
63
22
93
 7
42
 7
69
60
44
86
38
92
12
48
86
88
99
47
16
53
20
29
13
38
37
67
88
49
56
52
18
83
75
59
11
42
47
 5
42
78
33
25
 3
89
78
80
58
64
 1
38
 8
62
16
20
23
22
 1
63
38
21
 8
 3
15
46
37
 9
 4
10
77
75
62
74
28
25
36
 5
 3
 5
58
42
34
30
94
84
82
82
58
83
62
82
57
49
89
64
69
60
69
82
12
72
16
43
27
34
44
21
16
92
98
54
60
83
81
54
62
37
38
38
41
37
46
28
20
91
 3
15
26
66
15
28
66
 4
18
18
76
 7
14
80
10
14
52
50
77
14
48
73
93
47
74
87
38
60
99
34
93
18
16
14
76
71
38
28
99
84
10
95
 2
95
98
 7
85
44
18
95
75
16
57
87
67
54
52
20
59
88
90
71
44
 4
74
 8
57
37
27
95
39
10
89
56
41
68
75
36
 9
63
27
78
65
31
57
30
58
 4
 8
 7
66
16
11
42
36
36
91
29
52
85
86
83
 8
79
27
62
75
47
46
40
39
64
80
70
 5
63
17
65
42
52
45
 2
67
97
69
87
27
11
53
88
92
97
51
74
29
 5
65
64
37
17
34
25
36
46
49
30
97
73
29
97
86
65
44
48
15
47
 2
77
73
33
21
87
56
15
69
88
20
 6
19
93
 2
20
82
31
53
19
78
96
95
80
 5
63
59
19
54
69
 9
37
65
23
30
20
24
10
70
39
17
79
95
13
73
65
94
61
61
30
43
 6
86
96
97
66
78
31
23
95
98
74
97
 1
37
61
47
92
63
22
 3
28
88
33
69
64
86
83
85
 1
57
34
54
31
58
40
48
69
 9
 7
39
89
69
58
77
29
16
70
70
86
16
76
74
 2
 3
71
48
 9
88
33
93
60
80
83
33
35
57
21
39
88
72
30
63
 6
34
97
86
73
24
61
46
44
26
11
51
38
98
54
38
 5
80
82
82
23
65
57
21
65
15
18
11
83
71
74
52
54
28
53
14
43
 6
78
13
18
12
43
45
75
37
68
44
18
36
89
63
27
65
67
58
78
33
95
47
69
28
47
54
58
61
74
95
11
24
99
 9
68
63
82
15
12
 3
41
61
26
 1
89
96
70
55
59
78
42
89
98
82
25
84
90
19
48
17
92
13
 3
67
38
71
69
42
16
66
 2
99
31
90
15
90
 8
85
15
36
15
19
30
32
61
95
86
10
82
90
65
47
20
94
10
45
45
27
97
84
18
