200
76
70
61
42
80
72
79
37
 2
26
52
66
15
21
13
82
73
43
31
43
41
99
26
10
28
67
19
36
66
80
35
93
59
48
59
42
36
 5
69
62
48
66
44
89
51
33
50
52
77
86
43
58
78
19
57
15
28
59
17
57
48
22
81
49
75
49
 8
28
26
64
71
78
57
14
29
84
95
19
55
61
42
 6
39
99
 7
38
67
44
82
24
99
19
26
17
41
42
45
92
25
19
62
 1
13
71
48
89
19
98
97
16
88
 4
63
98
94
11
83
60
22
74
31
12
87
33
43
 9
61
10
33
57
51
72
49
69
95
10
83
74
47
 5
97
71
80
57
79
24
12
62
62
99
58
66
62
35
24
44
42
49
58
71
53
79
47
80
89
40
93
50
75
 8
66
20
36
44
37
85
72
99
14
62
94
76
86
69
11
61
76
29
59
 1
23
34
62
58
95
65
82
86
53
30
