1000
34
94
37
67
54
74
88
 4
75
 5
45
96
 8
62
13
65
42
 4
80
92
 8
30
36
28
78
 7
56
47
74
 4
11
72
72
82
63
10
99
81
 7
93
86
70
 6
77
73
71
97
78
63
49
21
27
79
72
21
94
35
25
96
81
94
89
42
29
 6
68
63
22
78
81
87
69
30
86
80
22
30
62
73
 6
78
30
13
34
57
16
34
86
85
43
88
 7
15
69
11
 9
91
42
46
43
39
93
53
33
65
42
73
90
66
41
98
55
20
15
28
70
44
33
34
 2
15
81
46
51
21
57
53
62
42
50
46
51
32
41
 1
74
 4
89
11
82
69
26
94
29
73
30
59
31
38
 3
52
19
56
19
 8
78
97
74
85
32
13
99
20
52
 5
62
97
67
97
35
42
25
22
40
63
 7
68
61
24
41
32
17
92
 8
86
95
32
85
28
51
87
41
 6
57
43
92
 1
 3
80
69
52
46
36
85
 6
21
70
55
80
55
60
62
19
76
29
14
32
 7
98
 7
88
27
17
97
72
45
14
50
58
14
64
22
14
54
84
64
93
10
59
25
32
17
28
89
87
90
10
74
66
13
14
 6
55
51
99
94
 9
51
55
36
16
64
27
49
80
43
 2
91
63
64
42
50
94
11
 9
53
24
75
52
 5
 8
29
98
85
 2
82
36
10
58
20
 8
98
 7
24
28
65
94
61
23
39
83
45
 6
51
85
59
 6
17
10
61
49
12
23
31
 2
81
93
86
97
 4
12
51
37
20
62
77
92
65
46
14
 6
 7
22
25
 7
30
67
47
45
80
23
86
60
79
25
56
90
63
99
45
26
22
 7
12
28
15
 9
17
17
26
70
65
30
33
42
88
73
77
51
16
72
76
40
95
23
80
74
98
55
33
82
41
37
95
27
21
90
34
72
42
74
13
51
41
95
89
 7
24
 7
64
96
68
59
70
35
47
42
71
76
11
10
32
99
73
18
40
 4
62
55
60
72
65
 6
74
20
26
26
79
73
34
80
46
 7
65
95
66
77
 5
95
93
87
 8
85
30
11
45
26
53
16
77
73
16
29
 8
24
42
53
61
68
45
96
28
39
66
33
28
93
99
34
44
34
68
 5
64
41
38
65
71
93
19
86
64
18
51
57
97
19
35
75
51
86
60
29
25
97
50
72
35
90
40
66
50
78
 9
80
10
52
94
17
77
22
 3
88
83
84
55
67
73
45
52
56
57
72
33
18
54
45
 6
72
28
40
93
38
16
24
 6
 4
37
19
75
12
96
85
61
40
55
93
50
69
85
33
79
16
 1
34
 8
10
55
42
30
25
 4
23
98
 5
44
36
38
20
98
64
93
92
71
31
26
 9
56
81
90
69
90
83
88
17
63
 5
61
47
73
21
99
66
22
39
29
19
48
51
68
16
 3
30
91
 3
55
75
22
 3
26
12
68
70
55
72
32
72
83
38
 5
70
68
85
78
85
98
10
93
35
49
80
42
27
21
82
49
77
 9
 9
52
85
61
67
11
69
57
44
51
40
63
12
85
13
 4
11
13
14
13
80
34
99
79
 4
91
33
82
 8
79
54
 2
94
 6
60
18
52
74
65
81
14
66
25
60
23
84
10
57
44
37
31
98
17
27
56
78
75
32
65
74
17
31
61
18
64
58
81
13
93
54
50
25
74
87
79
92
92
16
91
14
 8
64
62
52
 9
82
48
96
20
62
98
47
39
85
29
44
25
68
49
22
41
78
15
88
83
 6
 4
37
61
28
82
66
90
97
83
29
61
47
13
93
34
67
56
 6
27
59
82
81
53
77
10
77
65
10
46
90
76
95
41
33
94
 8
10
21
57
20
14
45
11
 2
87
37
87
17
 6
19
56
 5
43
37
97
13
57
76
59
47
27
52
56
21
88
75
76
70
91
89
42
 3
18
71
10
59
 2
 7
20
60
64
12
23
 5
31
30
81
86
30
70
37
19
39
 8
99
26
81
21
14
70
45
94
54
97
13
42
32
67
86
88
43
39
96
69
46
81
60
87
96
94
18
73
35
91
58
96
57
39
10
83
37
92
85
69
70
44
58
51
76
12
68
80
44
72
10
38
65
86
46
46
 7
16
53
56
12
67
63
73
47
74
 5
40
98
60
25
53
42
64
62
48
61
 8
67
87
78
66
63
21
43
10
97
50
51
17
20
53
47
79
21
96
62
32
48
23
70
27
70
99
91
64
78
47
28
 8
 7
26
72
12
59
82
62
75
19
57
37
46
44
52
42
94
 2
39
66
90
66
24
47
84
27
66
15
36
10
17
41
98
 2
21
27
83
49
44
31
39
17
32
45
35
99
 6
23
20
70
77
95
21
