Block的数量为: 18
所有job的处理时间为：4080
每个Block里面放置的jobs的索引为:
[0, 36, 51, 57, 87, 147]
[45, 46, 61, 69, 124, 145, 146]
[2, 18, 43, 53, 70, 72, 82, 93, 101, 118]
[3, 27, 28, 86, 97, 114, 141, 143]
[4, 19, 25, 76, 104, 122]
[64, 89, 109, 116, 123, 132]
[6, 62, 66, 79, 106, 119, 137, 140, 144]
[52, 55, 78, 100, 108, 111, 130]
[14, 49, 71, 81, 90, 91, 103, 115]
[10, 11, 12, 13, 21, 33, 92, 121, 142]
[9, 20, 47, 84, 98, 102, 110, 138, 148]
[23, 31, 41, 68, 77, 88, 99, 128]
[1, 7, 8, 38, 39, 63, 95, 139]
[15, 17, 30, 32, 67, 83, 85, 107, 133]
[24, 58, 60, 74, 80, 105, 126]
[5, 48, 94, 96, 113, 125, 127, 135]
[26, 40, 56, 75, 112, 117, 120, 131]
[16, 29, 34, 44, 50, 59, 73]
剩下的jobs为:[22, 35, 37, 42, 54, 65, 129, 134, 136, 149]
