Block的数量为: 18
所有job的处理时间为：4119
每个Block里面放置的jobs的索引为:
[0, 39, 42, 50, 58, 113, 137, 148]
[19, 27, 51, 55, 68, 101, 107]
[2, 38, 86, 91, 114, 123, 142]
[1, 10, 28, 41, 75, 96, 112, 141]
[24, 45, 53, 63, 103, 104, 121, 125, 149]
[3, 32, 57, 94, 102, 115, 117]
[16, 30, 47, 49, 59, 73, 84, 87, 120, 124, 126, 132, 139]
[18, 26, 46, 138, 144, 145]
[43, 72, 79, 90, 129, 146]
[15, 25, 34, 65, 78, 109, 135]
[4, 8, 89, 98, 100, 130, 134]
[23, 37, 54, 61, 62, 70, 74, 85, 97, 105, 106]
[31, 48, 67, 69, 82, 110, 119, 122, 127, 133]
[7, 9, 14, 20, 33, 76, 118]
[5, 17, 21, 64, 77, 83, 92, 95, 99, 116, 143]
[36, 44, 66, 71, 88, 147]
[12, 22, 35, 60, 80, 128, 140]
[6, 13, 52, 108, 131, 136]
剩下的jobs为:[11, 29, 40, 56, 81, 93, 111]
