Block的数量为: 18
所有job的处理时间为：4050
每个Block里面放置的jobs的索引为:
[0, 5, 15, 54, 98, 101, 109, 129, 137]
[22, 28, 79, 83, 91, 106, 118, 125, 145, 148]
[4, 25, 34, 53, 66, 68, 90, 97, 104, 143, 149]
[18, 31, 35, 60, 61, 71, 87, 111, 135]
[29, 41, 47, 63, 69, 82, 113, 142, 147]
[9, 36, 37, 42, 45, 75, 93, 110]
[19, 40, 76, 103, 105, 115, 130]
[12, 20, 27, 33, 55, 77, 80]
[26, 48, 58, 65, 70, 86, 133, 140]
[2, 32, 43, 56, 64, 73, 95, 122]
[11, 67, 85, 120, 132, 139]
[7, 13, 52, 81, 88, 108, 127]
[8, 50, 78, 94, 100, 131, 138, 146]
[6, 14, 44, 62, 116, 123, 126, 136]
[16, 39, 72, 92, 96, 102, 114, 141]
[17, 59, 74, 107, 112, 124, 144]
[24, 30, 38, 46, 84, 121, 128]
[1, 10, 21, 23, 57, 99, 117, 119, 134]
剩下的jobs为:[3, 49, 51, 89]
