Block的数量为: 18
所有job的处理时间为：4073
每个Block里面放置的jobs的索引为:
[0, 56, 80, 93, 99, 113]
[11, 48, 66, 69, 91, 112, 129]
[8, 9, 51, 64, 77, 102, 118]
[12, 27, 28, 36, 47, 57, 116, 127]
[17, 21, 49, 54, 101, 135, 140]
[2, 15, 46, 88, 89, 95, 97, 98, 126]
[26, 53, 61, 84, 92, 106, 109, 115, 119, 143]
[6, 22, 39, 71, 81, 133, 142]
[16, 50, 60, 62, 76, 85, 136]
[33, 35, 41, 72, 75, 86, 100, 117, 139]
[5, 19, 30, 55, 105, 124, 132, 144]
[13, 63, 70, 96, 103, 107, 114, 120, 121, 149]
[4, 10, 20, 45, 74, 78, 82, 108, 130, 147]
[25, 40, 58, 73, 125, 134, 138]
[23, 31, 37, 43, 52, 83, 110, 141]
[3, 7, 87, 94, 111, 128, 148]
[14, 42, 65, 67, 68, 79, 104, 122, 123, 137]
[1, 18, 24, 29, 32, 34, 38, 59]
剩下的jobs为:[44, 90, 131, 145, 146]
