Block的数量为: 18
所有job的处理时间为：4038
每个Block里面放置的jobs的索引为:
[12, 20, 83, 88, 91, 123, 124, 128, 129, 130]
[3, 33, 36, 41, 64, 77, 102, 118, 126, 135]
[10, 11, 26, 34, 52, 53, 72, 78, 109, 127]
[30, 62, 71, 99, 132, 140, 146]
[6, 14, 56, 79, 81, 90, 107, 121, 144, 145]
[9, 17, 32, 37, 70, 89, 111, 136, 139, 142]
[18, 22, 35, 45, 86, 114, 120, 131]
[16, 39, 65, 68, 69, 80, 93, 94, 134]
[43, 49, 58, 76, 100, 105, 137]
[5, 27, 48, 51, 74, 96, 122, 138]
[42, 47, 54, 82, 87, 103, 133, 148]
[2, 40, 75, 97, 110, 119, 149]
[29, 59, 60, 84, 113, 117, 143, 147]
[1, 38, 67, 101, 106, 115, 125]
[8, 13, 28, 61, 85]
[4, 15, 21, 31, 44, 55, 63, 95]
[0, 19, 25, 73, 104, 108, 141]
[23, 24, 46, 50, 57, 98, 116]
剩下的jobs为:[7, 66, 92, 112]
