250
18
14
50
 6
 3
19
29
21
10
34
18
13
11
36
21
46
30
31
21
 5
36
21
14
19
38
24
28
 2
13
36
11
 4
24
29
49
39
 2
29
47
23
28
 2
47
34
11
18
 4
46
44
36
34
 3
11
43
 8
23
32
23
17
 5
34
35
43
17
 9
27
18
24
 5
46
20
 7
21
25
 2
28
33
28
19
48
27
 3
 3
46
26
 2
44
33
40
34
35
40
13
10
 5
14
29
21
39
31
 6
47
 8
49
47
33
 3
 5
 4
 5
13
 3
34
 3
46
32
30
22
27
 1
49
10
21
 2
38
46
27
39
13
34
21
 5
17
17
17
46
19
10
32
44
32
24
27
13
16
27
48
46
34
34
45
45
13
 7
50
32
41
32
10
16
 8
46
33
46
40
49
32
18
37
 1
20
17
14
41
46
29
37
 8
14
48
10
24
10
46
 8
20
 3
24
18
15
25
21
 2
 8
25
13
27
23
46
 8
20
24
18
 3
50
45
 2
47
37
35
 2
33
44
19
17
38
14
22
24
37
 4
50
15
10
49
48
 5
22
32
46
31
 6
24
 2
12
 9
26
37
37
 1
34
25
43
32
12
22
 1
34
31
42

154