300
50
41
24
45
15
21
44
10
18
11
11
 2
35
42
13
38
 3
48
 4
19
43
 7
33
38
19
 9
46
23
16
30
46
17
30
41
26
46
11
33
24
19
 9
18
23
24
 1
 7
22
 1
35
 5
 7
41
17
24
33
41
40
29
 4
47
27
47
32
17
45
35
46
 5
23
 6
50
11
13
 6
19
 7
25
45
32
13
 5
23
24
26
48
 1
 4
46
29
23
22
46
16
 1
38
19
 3
42
32
49
28
35
 6
22
31
40
30
38
 4
27
40
34
21
42
16
 1
15
25
33
34
36
50
12
44
 4
46
31
13
40
44
23
 7
23
22
15
44
44
23
32
28
44
 5
50
18
48
39
30
17
 6
37
41
26
37
38
37
 4
 4
50
31
30
21
29
26
50
 5
 8
16
27
26
23
13
13
32
14
48
26
48
25
 1
13
 8
 9
42
33
40
10
 1
17
 6
32
11
 9
19
11
49
 6
30
47
41
28
30
21
 2
18
15
36
45
24
44
38
12
 6
13
28
14
10
10
 5
38
12
49
22
32
48
22
38
42
28
34
12
36
12
39
33
29
 9
17
20
33
 5
35
18
40
19
16
14
39
48
28
49
23
42
28
 4
23
31
29
24
34
25
45
 1
18
 3
43
36
44
29
43
50
11
34
35
 4
10
31
32
19
 3
32
15
45
49
 2
19
40
32
21
47
17
31
30
23
 2
43
26
14
30
35
24

167