150
24
 6
28
41
16
48
10
22
28
29
35
22
31
23
 8
23
 3
 4
38
 7
49
34
 7
15
28
37
 4
30
35
25
34
20
 6
21
12
20
23
39
12
14
35
 3
27
23
18
18
 4
19
26
42
27
39
50
12
46
34
29
50
29
15
12
43
16
11
36
18
25
41
50
28
40
32
32
11
 6
24
26
 2
 6
28
 1
46
36
 1
18
 8
31
48
29
38
29
41
43
 1
20
47
 8
38
42
 3
24
41
22
17
13
 1
35
24
12
36
12
41
29
24
41
 6
48
39
50
34
25
50
 6
 8
15
50
20
34
29
 8
 8
31
 1
 6
 6
49
49
22
15
34
 9
28
36
30
21
37
24
 2
20
41

185