200
35
18
23
30
32
14
42
27
40
16
 4
15
24
39
26
33
37
12
13
 5
 5
35
18
26
19
44
34
25
10
39
20
11
 9
 9
20
 9
 5
13
39
20
21
20
34
43
 1
32
32
 9
41
46
17
 6
25
19
32
39
15
31
 2
50
26
 9
18
26
32
35
39
 3
24
 3
21
21
 8
38
17
44
40
26
39
19
14
 1
29
20
23
46
 3
37
 9
24
46
 5
43
29
17
29
36
36
39
41
28
44
43
 4
 8
48
24
 6
19
 5
23
43
42
15
15
 6
 1
27
41
25
18
41
40
 8
36
 6
23
39
 1
47
18
43
49
27
40
17
41
 3
 1
 7
24
33
46
35
49
27
 1
28
 7
29
43
39
15
33
28
32
38
29
24
27
20
 6
24
35
34
 6
 3
43
21
 2
26
36
35
 8
42
34
11
19
42
23
36
34
43
34
 4
44
10
12
43
 3
15
24
10
48
44
15
38
37
 9
15

177