150
 4
 9
42
15
21
47
41
39
25
40
22
30
33
45
26
 8
39
44
29
12
29
11
26
10
19
19
49
 6
50
17
28
 1
 8
50
 4
 3
40
47
32
47
31
13
49
37
40
23
47
29
47
18
47
34
 6
37
24
43
 6
49
 6
21
41
48
33
 3
38
12
35
34
 6
26
28
39
47
 8
19
15
46
49
 3
46
38
20
45
45
37
29
38
15
43
 7
44
40
 5
23
31
 1
21
23
25
50
24
 4
50
39
 6
47
33
33
12
35
11
44
12
42
48
16
43
18
33
 5
37
 1
19
40
14
14
10
15
11
29
18
12
10
38
39
28
18
38
16
46
24
45
21
42
13
48
16
37
38
34

162