300
13
13
42
 5
 5
13
46
38
33
49
 9
23
27
49
11
27
41
 7
30
38
16
24
24
41
40
18
41
22
11
12
49
47
45
48
 5
 8
27
43
43
49
36
39
41
24
35
37
23
22
47
22
35
24
12
10
31
 6
43
 6
26
35
48
 1
14
47
35
50
40
20
43
26
26
34
16
44
45
41
24
22
23
49
13
47
30
15
30
50
18
28
38
 4
40
 9
23
30
20
35
29
 6
32
28
32
42
31
18
 6
28
16
 6
22
46
 4
37
40
50
36
43
26
48
47
16
 1
42
19
 4
11
44
37
11
 4
32
37
46
13
20
41
47
 7
 5
21
 6
36
10
32
 8
42
19
38
48
 3
24
27
 7
 3
50
13
23
16
43
37
15
43
30
43
25
20
 6
34
28
12
21
15
40
35
18
35
 5
28
32
31
13
40
32
30
41
25
40
12
42
21
50
29
11
10
31
28
10
12
26
32
38
23
36
 6
30
13
 3
50
30
17
 6
27
12
45
24
22
19
11
42
23
42
 2
27
 9
22
50
34
23
18
46
41
16
32
 8
14
 2
49
14
21
 1
 9
23
 7
 6
 6
19
32
10
29
50
29
 9
48
18
16
42
45
32
37
43
42
18
25
 4
 3
44
11
 1
 3
 7
19
 9
 7
23
47
38
49
28
 9
37
37
41
29
18
21
32
25
30
16
38
 3
10
48
42
 3
29
 1
36
38
18
15

170