200
10
28
45
45
38
32
14
42
17
 4
 6
 1
29
26
40
43
17
29
32
35
22
46
43
41
11
15
46
45
12
22
 5
42
49
 5
44
41
10
42
16
41
28
 3
30
 1
44
43
10
48
21
44
36
33
 9
 2
 3
40
45
28
35
37
 9
36
32
 3
17
34
49
39
40
 1
14
10
19
30
 7
14
 7
50
 2
50
17
14
25
16
 3
30
 9
41
47
20
 6
17
25
20
46
23
 4
21
50
34
 3
39
39
40
16
29
21
13
29
39
35
 9
50
17
 3
39
44
24
50
 3
49
34
13
35
39
18
46
49
 7
15
19
11
 3
37
23
 6
12
41
10
 8
50
50
 4
10
 7
49
31
16
19
37
19
24
14
42
42
14
19
30
32
37
36
43
35
13
36
42
50
47
37
36
47
36
20
36
 1
12
20
34
37
 2
 5
 7
29
 9
47
16
 4
35
16
50
28
16
13
29
12
 5
49
50
 9
 4

180