150
45
49
23
12
49
24
40
43
 1
23
38
12
43
16
24
 5
44
14
48
22
14
20
36
33
49
 3
 6
18
16
23
47
34
39
26
22
17
46
41
 9
 3
46
 3
39
42
33
13
 3
46
40
 6
32
45
31
21
 5
28
45
19
37
41
 7
27
46
43
31
20
 8
19
49
42
36
31
36
41
41
45
 5
12
44
23
33
48
18
41
30
24
24
30
45
25
14
40
29
 7
44
25
35
 8
37
 4
22
42
 3
14
49
44
 2
15
49
49
14
11
40
28
14
 8
 1
16
14
 9
14
24
45
36
20
24
28
22
22
43
29
24
17
30
27
39
16
38
45
47
42
19
40
49
31
43
18
38
22
37

160