150
12
11
29
44
 1
43
24
48
39
32
38
13
10
28
39
46
 8
13
 2
21
 7
31
45
38
 6
38
38
36
31
13
 3
23
12
26
31
30
28
23
35
 3
25
37
13
15
26
20
46
33
33
32
20
47
31
49
46
22
 5
17
20
34
44
17
50
 7
22
 1
50
46
 6
11
 2
17
 9
43
41
42
50
17
 6
47
24
34
31
48
37
31
41
50
27
48
18
16
11
47
28
26
22
15
24
42
42
13
42
18
15
39
10
 3
48
17
37
 1
 1
30
16
30
25
38
11
15
34
15
16
16
 8
 4
32
11
16
22
 1
 3
11
45
 7
47
10
22
22
20
19
35
 6
11
12
18
22
18
29
38

171