250
27
10
42
43
39
25
19
33
35
 3
14
34
 2
50
50
43
12
30
21
31
12
 3
46
36
 9
24
50
24
11
34
 6
33
 6
31
32
50
12
 1
19
26
47
20
20
26
18
12
43
11
49
 9
32
42
31
 8
48
41
20
47
33
45
 1
 3
45
45
46
19
24
14
37
30
48
34
19
31
 4
37
29
11
48
40
48
 9
40
 1
12
18
 1
42
23
48
15
22
37
49
 3
22
16
39
34
23
45
20
 2
41
23
39
25
35
12
24
44
45
35
32
30
23
15
33
25
12
45
49
38
20
13
24
42
29
38
13
17
 4
32
13
47
39
12
15
10
 4
 6
40
37
15
38
13
26
31
18
18
49
13
44
21
29
48
27
25
36
45
42
 6
49
 7
37
31
22
40
30
15
18
25
43
35
 9
13
44
16
 6
20
 7
 8
34
46
19
35
 4
20
31
34
32
20
 3
34
 6
23
43
34
12
37
20
24
36
13
38
30
37
26
14
41
47
11
12
48
32
 4
36
 9
47
23
16
31
50
43
42
27
 4
 1
30
41
15
 8
31
28
15
29
46
31
12
47
26
34
15
48
27
17
11
 4
 2
29

164