200
11
31
21
42
39
 3
41
41
22
27
21
 1
 5
 3
40
19
31
 6
44
29
11
24
 1
47
23
25
17
36
10
 7
17
47
27
39
15
25
49
16
49
10
15
39
35
16
42
44
50
20
17
27
44
47
48
 5
39
15
22
24
41
32
20
49
 7
 7
44
 2
38
 4
16
42
35
 3
 1
 3
43
24
10
36
 9
40
22
31
14
28
19
25
43
33
34
13
 6
15
14
14
40
43
 9
43
 9
24
36
 7
24
12
31
38
12
 2
 9
46
22
27
29
26
45
45
40
32
36
45
 5
13
45
21
39
47
10
 2
28
20
 3
41
 5
21
50
20
33
30
30
45
40
11
14
32
 2
35
44
 1
17
44
42
37
18
41
15
43
 7
41
 2
13
 1
38
13
19
12
25
45
49
33
11
 2
28
 8
45
27
19
14
28
 7
36
18
28
 5
50
 6
13
 8
 1
41
34
 2
21
41
17
50
23
41
 9
46
28

159