150
32
34
35
29
38
 5
41
15
37
38
 8
50
33
24
35
25
34
 8
46
21
48
34
37
22
13
37
33
 9
37
33
19
 4
40
 7
34
43
45
18
50
11
 5
12
18
34
21
37
27
39
27
46
40
15
35
 2
30
38
13
35
 6
 3
13
20
 9
47
17
10
15
45
37
22
33
25
 5
 1
15
 7
38
50
22
34
49
37
35
 2
12
47
29
36
42
15
19
 3
45
22
32
 4
11
21
48
28
12
45
18
47
 6
43
13
26
22
50
 6
41
35
38
 1
43
40
16
37
47
44
28
24
46
35
50
37
 6
44
11
39
14
15
46
 2
26
37
41
 2
 6
18
19
34
15
30
 3
48
35
13
26

198