250
42
26
14
17
40
18
43
11
48
41
49
 5
 2
49
29
26
20
14
38
34
31
43
40
35
15
 9
14
 4
50
50
14
22
29
 7
40
40
 4
17
42
34
41
45
36
33
18
24
14
16
28
 1
19
42
45
 3
41
25
50
18
30
38
33
21
49
 6
17
23
50
 9
50
18
48
 9
29
39
39
36
15
49
34
26
 6
43
36
13
50
 5
14
39
 3
20
17
20
19
 3
36
40
43
39
 2
19
 2
 2
 8
12
13
32
17
45
38
 9
28
30
20
41
40
44
22
40
33
41
29
42
11
17
42
41
26
11
45
11
34
43
38
12
41
 2
 4
18
25
26
24
29
29
22
34
 6
 5
 7
 5
28
36
15
38
49
35
41
18
 7
18
15
35
 4
33
11
25
 9
32
21
40
16
27
42
23
24
31
40
50
 6
 7
45
18
46
36
29
24
30
11
 5
20
10
50
 3
22
40
 7
46
29
16
24
43
 7
 5
17
35
43
17
 6
11
 7
16
28
 1
28
26
26
45
19
20
38
37
37
 3
14
38
42
31
28
 4
 6
11
43
 6
14
 2
48
19
10
40
 9
 3
31
34
28
11
45
41
42
27
 7
21

153