150
46
16
19
 4
18
 6
18
42
49
32
11
 4
39
10
30
33
 8
11
41
35
42
21
15
 9
 3
38
13
26
49
24
15
41
47
 7
19
 4
39
32
32
27
45
 7
26
 8
42
20
40
25
21
20
11
10
25
43
44
 6
33
47
12
22
11
18
29
47
12
47
29
 4
26
35
47
 4
18
 8
50
33
 9
45
40
34
30
11
38
49
28
 9
49
10
20
33
 4
24
23
33
14
48
 1
26
50
40
48
40
29
28
18
35
32
49
28
28
12
11
38
26
16
 6
20
 7
15
32
13
12
46
 6
27
24
29
35
47
41
11
47
41
26
45
45
36
 7
16
48
11
 3
31
37
39
49
12
46
10
12

196