200
 2
42
36
11
43
 2
42
45
17
25
 2
40
35
17
14
41
 5
22
 7
36
30
29
43
22
22
35
 9
48
29
42
18
42
 8
42
 5
41
25
38
37
35
 5
25
 3
13
38
25
49
42
10
13
49
31
24
40
50
50
11
40
14
46
33
31
 9
14
48
 8
31
20
 3
38
 3
27
11
 4
13
 9
35
50
17
19
45
28
21
24
11
49
36
16
 1
40
31
39
15
50
37
45
50
18
50
34
22
24
46
44
28
42
24
17
50
17
 8
12
26
26
 7
31
35
38
49
17
40
46
 2
43
26
50
 4
13
36
43
15
27
38
38
20
22
44
33
 9
17
16
13
46
40
32
48
31
41
33
 6
24
 7
 6
16
37
18
50
41
24
 2
41
 5
36
 4
35
17
 6
21
10
35
16
30
27
42
28
38
20
46
 2
19
18
11
15
33
 5
30
16
13
46
 2
38
23
10
44
37
 7
44
47
49
23

183