250
13
50
47
16
36
29
41
25
23
47
46
31
15
23
35
27
19
22
27
 2
39
12
49
49
23
50
 6
47
46
22
50
 3
28
28
46
43
 6
28
50
10
31
21
20
34
22
10
27
47
 7
10
 5
47
19
 1
31
 5
11
19
 1
33
 6
14
35
16
17
49
 6
19
17
12
35
15
40
21
38
24
27
34
19
44
34
49
19
42
37
18
14
35
22
40
28
21
14
 6
11
47
 4
29
36
20
14
39
38
36
45
49
32
18
23
35
45
28
 9
31
31
46
 9
15
 9
26
17
40
11
32
35
20
30
18
27
42
42
29
 6
27
40
20
21
28
17
 4
48
21
 3
 3
16
 2
27
50
18
30
34
41
50
45
43
25
30
32
25
42
 4
18
35
 2
43
12
43
25
19
40
49
30
21
50
 2
11
 3
36
12
29
 3
48
21
16
39
14
 7
33
 5
15
39
26
43
13
49
40
23
48
31
 3
19
19
50
17
 2
26
31
34
11
12
10
22
16
37
 9
10
28
 8
33
49
46
38
15
31
 2
39
48
33
22
18
46
22
15
47
47
43
50
22
22
15
11
15
15
35
22
46
 8
25
 5
15

184