150
18
37
20
 8
12
 5
27
 9
13
47
40
36
16
 6
29
10
49
 2
31
29
26
27
34
41
44
35
39
 1
22
16
 4
 6
25
27
 7
45
 7
 1
 5
29
48
40
46
41
46
36
 3
43
24
35
17
39
38
 1
 7
19
10
28
50
48
16
33
40
10
28
43
10
17
13
 4
41
24
41
47
 9
42
21
30
28
21
 1
48
 5
15
35
15
39
18
21
17
39
36
41
31
21
40
35
29
43
20
22
29
20
17
 4
28
32
20
36
44
17
12
31
41
 4
38
28
48
47
40
 5
35
48
26
15
50
47
27
26
 9
39
39
31
22
12
25
36
 6
14
22
13
 5
22
 9
44
12
27
49
19
46

167