200
46
21
18
49
20
28
17
50
17
26
47
 7
 8
17
 1
30
40
 7
17
 9
 6
27
 6
 3
32
20
28
 5
39
34
24
 8
48
29
30
21
 1
41
39
29
 2
42
38
 7
34
 6
14
29
31
20
23
42
17
49
34
 5
39
49
30
42
 9
47
13
43
33
19
25
33
19
18
43
32
45
30
34
36
 9
43
35
29
11
14
 6
43
17
25
23
47
 4
32
40
21
23
50
24
29
45
47
49
17
45
41
38
 8
36
23
20
 1
48
43
 6
 9
45
15
30
43
43
11
 6
48
39
19
 8
42
44
19
42
18
 8
22
33
32
12
12
38
48
49
17
20
 9
42
38
38
22
43
12
45
13
 4
33
22
20
23
21
40
42
11
43
25
33
38
21
32
12
43
 9
 5
49
31
 5
22
15
29
25
33
49
14
47
23
32
24
29
14
46
 8
46
16
19
 6
42
29
25
29
14
18
31
 9
48
24
 1

163