250
31
23
 5
18
19
31
39
16
35
 8
16
 3
19
40
20
30
42
43
25
17
 3
11
42
22
27
10
34
37
 5
24
31
27
23
19
10
 7
43
17
 2
11
40
42
38
32
 5
14
31
47
20
 6
 9
20
42
 7
28
20
26
 5
20
19
 1
10
38
10
19
17
 5
 9
36
 5
30
38
42
18
32
48
40
28
37
47
 2
34
 3
 5
11
48
39
44
36
22
 1
46
 5
47
13
48
14
36
34
16
14
47
22
 7
 9
15
39
32
14
21
42
 3
 9
34
43
26
13
45
14
10
 6
42
41
31
10
38
27
 4
26
41
21
 2
32
42
31
22
50
50
14
28
35
21
33
 4
 3
40
 6
27
22
43
43
14
 4
39
 2
30
26
41
12
11
21
32
35
23
30
40
44
 4
11
32
 7
13
32
35
 5
38
 8
24
33
26
44
37
23
36
50
22
24
 7
 3
 5
11
29
38
 1
19
17
20
18
 5
41
 4
26
12
43
22
 7
14
41
25
33
24
13
11
34
48
36
 2
27
21
50
23
36
29
20
 3
35
48
36
31
43
40
18
14
 7
18
47
 8
22
13
15
37
38
42
 7
37
46
41
 9
19
50

194