150
 2
18
18
36
 2
20
38
 9
10
 6
10
18
16
16
44
 1
11
30
12
38
22
36
 2
15
40
 2
39
49
 8
 2
15
26
13
47
18
44
35
20
 3
18
29
15
 8
45
20
35
48
10
38
25
10
36
50
46
15
43
46
 2
 6
36
 9
34
 6
40
40
42
 1
 7
 5
36
50
35
50
12
27
10
30
26
 8
25
43
25
 7
42
34
37
 9
13
33
 2
16
 7
15
19
40
42
29
 8
41
 7
20
23
38
35
 8
46
16
17
22
33
33
41
24
22
17
40
27
17
 9
10
14
43
46
33
 9
47
12
35
30
49
35
33
40
22
39
15
17
25
47
47
 2
14
39
22
41
50
49
 6
 6
 4

183