150
43
12
 3
25
45
49
 2
30
42
48
 1
35
13
48
17
36
19
12
23
12
11
20
 2
27
10
 8
32
 1
 9
25
30
38
 7
37
25
 3
13
11
33
41
10
50
40
34
43
21
27
50
39
 7
47
 3
36
 9
35
31
47
46
47
19
 8
39
32
37
18
22
16
44
20
31
18
36
25
18
13
16
30
17
30
 2
39
35
22
39
 2
19
25
13
25
10
12
28
12
11
44
19
45
 2
 5
32
41
16
21
38
26
15
11
45
16
35
45
27
37
 8
42
10
40
21
20
13
 4
43
17
22
21
14
38
 3
14
30
 1
17
34
26
15
 1
 9
20
37
23
27
20
19
39
26
 7
30
26
40
32

186