150
 2
18
48
50
45
40
40
45
 3
37
33
39
 6
29
31
46
 1
30
 6
27
 6
47
44
20
 9
37
34
42
35
 9
39
25
44
30
39
 4
 9
38
 7
39
 2
 5
32
13
 5
36
30
21
25
 9
34
43
44
31
17
26
21
23
24
13
39
47
15
29
15
19
45
 8
16
38
 2
 9
11
 1
41
12
 5
46
34
16
14
40
31
15
38
37
33
21
19
 6
48
 7
13
45
30
48
44
19
23
 1
16
10
20
38
19
23
32
39
10
41
32
38
 1
39
 3
26
36
11
34
40
12
37
26
 5
26
21
33
43
41
28
32
 2
 6
40
11
20
39
 1
43
 2
20
48
18
 4
18
40
45
39
 1
47

174