300
39
 8
27
12
26
 7
 6
13
36
29
44
44
47
27
44
28
15
22
18
12
24
13
37
40
 6
 8
 9
16
48
48
 3
 1
43
35
43
12
29
12
31
47
26
 2
26
23
28
14
 2
32
46
31
10
33
26
49
44
19
 3
 8
50
46
37
24
10
16
17
 8
21
42
20
35
44
49
15
 6
27
40
26
46
 2
 5
10
36
25
42
12
39
12
14
14
11
48
14
37
14
 4
47
43
41
28
29
48
23
31
22
30
11
 7
29
22
23
34
39
23
27
 9
42
23
29
 7
10
 9
15
 5
11
33
33
25
47
 7
46
 8
49
22
 3
28
17
 2
 4
17
 5
 6
31
24
47
34
38
28
 7
38
29
20
17
 2
49
32
34
37
46
17
27
34
33
49
12
14
21
24
18
13
 3
41
36
16
16
33
 5
31
23
35
 4
 3
35
27
17
39
37
41
 8
45
21
27
20
14
46
34
22
 4
 4
15
 4
20
42
37
11
49
10
43
40
20
48
20
 5
 4
25
36
33
41
 5
13
11
 8
37
22
21
30
 9
11
22
39
28
46
25
27
39
11
 1
48
 9
21
23
47
45
43
 9
26
38
16
46
41
45
 2
28
10
 6
22
25
 9
48
34
28
40
 2
 1
10
31
42
24
43
 2
28
41
15
21
49
48
36
47
18
31
42
20
29
42
 3
41
 7
33
 8
26
34
40
19
41
50
14
 7
41
15
 9
 2

173