250
 2
49
31
25
11
11
 7
28
39
41
30
20
29
 6
33
20
 7
18
29
10
10
46
38
48
22
48
47
46
27
37
43
45
 6
17
35
39
 3
 5
24
45
32
14
31
46
 4
34
12
28
35
45
 3
32
43
44
29
25
30
23
14
 4
49
34
 5
45
27
 2
 7
26
11
17
 2
18
11
32
10
31
41
 9
16
25
26
14
34
42
43
17
15
23
20
14
 1
 8
14
38
41
12
40
13
41
42
11
23
24
 2
24
24
44
35
21
36
33
29
13
 3
40
45
20
23
 5
39
50
26
 7
36
 8
41
37
40
17
 1
47
39
50
22
27
47
38
 1
 5
32
46
 4
16
10
29
36
49
10
23
23
19
50
47
34
 9
27
48
24
45
39
35
42
26
38
46
39
31
22
24
23
28
29
22
38
44
37
16
23
19
23
40
 4
27
46
43
23
15
21
44
41
 7
36
12
15
 7
21
 3
21
35
30
23
29
40
30
41
39
43
41
10
16
35
35
23
25
39
22
36
34
42
21
20
37
47
20
14
27
33
 9
25
 9
46
33
25
13
17
24
31
13
49
22
42
40
14
30
31
22
 9
35
46
50

157