150
47
36
36
39
41
 9
11
45
24
48
16
33
33
 1
 3
14
18
36
23
41
36
20
37
41
 2
50
24
21
 3
23
50
45
 4
50
17
 2
29
24
 9
15
45
42
43
11
10
 6
40
43
40
 4
48
14
 8
45
47
30
 4
15
 1
45
31
35
32
 4
20
 3
28
14
50
18
33
34
40
28
28
30
50
 8
40
 4
22
 3
30
 5
49
38
49
34
26
21
27
11
33
44
 1
15
11
34
 5
41
33
40
27
21
18
37
10
 8
40
 5
10
17
10
41
43
14
 7
25
48
50
 1
49
24
37
28
45
45
42
33
28
15
45
14
43
15
15
11
 7
34
13
38
39
 1
 4
15
 4
 7
19
34
 5

191