300
34
22
32
12
36
 2
40
17
 2
29
46
18
 2
47
25
14
15
 1
26
38
18
42
 2
48
49
 8
 2
43
10
41
25
18
 8
16
17
19
31
 9
45
34
 6
10
13
12
23
20
11
37
46
42
18
31
39
 7
37
40
18
12
21
20
35
29
25
40
49
20
36
20
13
42
50
22
15
17
19
29
13
 7
17
 3
37
 5
29
26
17
20
32
46
36
40
23
30
10
31
48
23
 4
45
24
15
46
 9
41
47
18
 6
13
48
34
10
18
17
 8
37
44
34
27
16
17
23
30
 2
12
30
33
19
14
47
20
 3
37
41
50
17
37
18
31
36
33
35
48
25
15
12
28
17
22
42
24
39
 5
30
23
 5
23
31
41
17
16
 9
14
20
 2
46
28
36
 2
49
 1
48
17
11
24
50
42
42
 4
35
44
41
38
21
35
40
48
 3
34
34
 4
29
12
20
38
 8
17
35
 9
 6
26
32
49
44
 6
 9
11
31
35
36
10
21
 1
30
14
38
43
43
19
18
 1
35
17
25
20
11
20
25
26
36
33
11
26
12
45
48
15
35
38
13
 4
46
29
47
16
49
 5
22
21
 8
40
 5
23
31
37
42
37
23
47
11
 2
 1
19
23
37
44
18
45
 8
32
 5
22
24
15
22
39
40
47
11
13
31
23
50
16
 2
49
 1
30
37
 4
38
 6
49
22
30
40
13
21
 7
20
 3
 4

193