300
36
22
 5
14
34
42
 2
37
16
10
 4
37
12
23
37
35
28
21
34
38
41
 6
 2
41
48
28
14
35
 2
22
25
35
50
50
23
45
32
 6
46
21
25
44
12
 8
42
11
50
 1
14
21
48
 5
30
14
31
22
17
 9
44
47
10
48
 2
42
11
 9
17
10
16
40
34
 9
 9
38
21
20
 9
18
37
12
34
41
16
15
29
17
43
37
15
12
45
48
41
49
14
23
38
 5
22
18
 4
19
34
19
24
 4
27
 6
27
21
20
39
12
48
 3
43
44
39
39
14
32
27
 8
41
32
34
37
24
 1
45
36
17
 9
18
 3
20
27
25
31
18
 8
48
28
21
44
50
46
28
44
36
31
22
18
24
11
49
33
15
32
32
45
16
33
30
18
37
33
47
15
11
39
 3
10
 9
25
27
24
47
15
29
 8
46
 9
37
20
 7
 2
23
38
34
34
42
26
22
46
 4
35
 2
20
 4
33
23
22
15
11
43
29
45
 6
47
 4
29
25
39
 6
11
47
47
30
 2
 4
13
 9
 7
15
47
27
10
 5
32
45
35
33
41
28
11
 9
 7
25
40
24
46
 5
 4
48
35
 4
15
15
42
35
32
48
 9
13
 2
41
28
29
25
19
42
46
45
17
22
17
12
11
43
 4
49
20
35
33
33
39
18
25
18
41
46
37
 2
46
28
 6
10
12
28
27
18
45
22
 7
26
13
 8
26
23

158