250
12
 8
35
40
 6
12
23
23
15
 8
32
15
 3
10
43
26
 9
33
 4
37
43
 2
 9
42
 4
 5
 2
40
33
19
11
 9
 5
33
20
37
13
19
19
24
 7
 1
26
10
42
10
35
 3
43
 5
31
46
10
42
35
26
44
22
46
15
14
18
 4
 5
14
47
44
 7
41
20
34
34
44
49
18
41
11
 3
25
44
33
 2
14
16
 5
17
 4
48
 6
17
29
11
36
11
21
23
 8
41
 4
12
 6
26
38
22
44
40
15
20
41
10
14
23
44
 4
10
28
11
17
33
16
40
48
33
 7
47
14
50
33
15
48
28
 1
24
10
11
 4
 1
 5
34
38
12
14
23
48
14
30
47
48
32
 8
15
22
47
33
45
39
44
38
18
49
11
43
34
 2
18
13
30
12
45
17
33
37
26
17
45
11
43
 9
 3
 3
40
31
41
39
 1
49
33
36
49
29
22
19
46
 7
39
11
45
 6
48
45
 8
 1
22
23
21
15
20
48
26
40
50
35
29
32
27
21
42
44
24
19
34
49
12
 7
36
28
38
 2
33
46
29
47
41
46
16
 2
38
11
16
34
 5
50
37
40
10
30
 3
24
33
 5

180