150
28
14
 5
38
49
11
26
44
10
49
24
48
16
31
26
30
45
 2
33
11
48
18
46
25
 2
 1
42
42
37
21
36
19
10
30
49
24
43
 2
35
34
49
43
28
41
 9
17
30
48
29
26
 4
48
11
26
26
50
50
 9
42
40
45
15
41
39
48
13
 1
19
37
48
 8
 6
26
22
 8
38
44
15
16
10
 2
21
36
36
28
 5
10
13
47
15
32
14
 6
18
45
46
44
16
 3
34
17
40
26
42
18
11
 4
17
43
 2
 9
49
48
27
26
16
 2
46
44
20
15
43
 6
45
42
 3
 2
46
19
13
19
23
33
46
14
 9
 6
 9
15
24
46
13
27
43
45
38
 9
14
 2
 9

183