250
38
13
33
18
47
43
26
37
27
44
 2
26
48
24
19
 4
46
48
28
36
36
20
 4
23
34
10
32
14
20
35
16
25
35
26
 1
14
34
47
16
47
 9
13
17
46
43
49
15
 5
14
 2
24
24
43
29
22
43
 7
23
 4
43
41
13
13
19
 5
39
12
12
31
16
26
 5
11
41
40
17
31
 6
19
48
11
39
47
35
 5
16
27
45
11
29
45
 6
20
41
 2
39
15
 1
30
 4
28
39
12
 9
16
 7
28
31
18
 4
34
 5
28
 8
37
47
48
13
20
36
36
12
15
29
47
42
 5
50
15
50
35
36
22
23
38
 6
43
46
48
26
 9
14
47
14
43
 4
43
 2
 1
 3
28
18
13
41
22
30
15
15
37
12
43
31
31
32
41
19
13
 6
30
36
12
26
20
12
 3
11
 4
 6
10
10
31
35
43
13
 6
17
33
17
33
13
24
36
39
12
50
34
21
15
25
 7
35
 8
26
15
 9
47
26
35
10
39
10
27
 4
26
18
23
49
 7
29
 8
 3
 1
21
 3
30
 7
40
17
47
26
 8
16
36
38
27
31
45
44
50
 2
50
16
42
45
12
19
14
48
31
42

189