250
 3
22
21
20
25
25
28
46
10
 9
22
34
40
37
42
22
 2
32
14
26
12
44
10
46
34
 4
20
45
50
37
39
 6
35
19
 6
30
17
 3
43
45
26
42
 2
30
45
35
 8
43
50
46
24
16
35
42
28
41
35
13
 9
39
18
10
20
18
18
34
35
20
19
19
17
44
10
 8
 4
36
10
 4
 1
38
36
24
 6
22
13
 7
13
40
 3
41
34
14
17
11
 6
16
13
11
18
11
50
46
15
15
15
35
38
37
 8
16
 2
36
20
 2
43
32
 2
47
16
44
 7
 2
48
25
23
28
12
10
 6
47
12
30
21
43
 9
 7
 9
17
16
 7
26
39
29
14
38
33
 5
44
 3
35
24
30
42
34
 6
15
28
28
24
 7
15
48
32
42
20
32
21
40
 3
47
15
45
10
41
48
 3
 2
47
32
11
44
41
48
16
18
 2
47
 5
 1
28
28
47
 2
 8
30
40
15
36
12
28
34
30
 6
24
50
 8
21
42
 6
30
19
29
16
 6
49
 7
20
23
32
18
25
30
35
33
 5
33
24
23
37
 7
28
36
22
44
26
 5
35
23
20
10
 2
12
12
 1
38
48
24
19
30
11

195