300
 4
29
33
22
26
38
 9
12
48
11
11
19
42
49
24
31
14
49
49
43
19
17
16
 8
27
50
20
39
23
17
 1
12
20
13
 3
19
 2
44
 2
46
46
35
48
24
47
32
47
27
21
23
22
 9
48
38
24
13
 7
33
49
48
 4
30
45
25
 4
18
38
 1
 3
32
46
30
20
39
 8
 4
17
 9
16
41
33
32
36
 5
16
16
 7
28
48
 2
36
15
 7
24
47
45
40
48
31
34
39
24
33
 5
38
 5
28
29
46
36
24
 2
18
20
39
16
40
39
 6
36
18
27
23
49
50
23
21
30
40
 9
13
41
36
10
 5
20
19
27
46
12
24
 9
 3
40
 1
19
 6
38
14
27
50
49
28
31
 8
33
 9
 5
49
21
14
19
27
19
12
 8
40
10
36
33
33
21
33
17
 2
29
37
37
27
34
12
36
35
18
 5
46
 8
 6
 9
26
48
 7
26
16
46
21
27
26
20
22
45
36
37
 2
17
35
27
18
24
 2
29
12
 3
19
29
49
16
 9
45
49
49
28
42
27
26
50
23
42
25
29
30
44
13
26
36
36
33
 1
48
11
25
40
30
 7
34
 8
50
39
25
 5
 7
17
23
13
23
18
40
 5
31
 1
23
37
25
 1
50
45
13
50
34
40
28
35
11
43
10
39
48
38
24
47
24
14
23
 4
42
 6
32
50
34
46
15
41
20
48
31
44
31
 1
 6
42

184