250
 6
 9
36
32
 2
 5
22
36
48
32
19
32
24
19
39
19
15
39
31
40
 4
20
44
48
14
37
40
41
44
49
42
47
11
14
40
46
22
44
35
27
17
 3
49
 2
34
31
28
48
32
33
25
 3
 4
50
 5
49
19
40
43
25
39
25
 3
32
40
22
42
36
22
31
32
 8
25
 9
 1
50
21
50
41
18
13
45
 4
29
28
 2
41
14
11
33
 2
48
41
28
40
48
14
21
39
 1
 7
37
16
47
 9
43
14
29
20
 6
44
32
 7
47
31
33
32
 2
46
20
49
40
 9
41
16
15
13
35
35
31
49
16
15
42
41
44
 5
27
26
14
10
39
26
21
19
22
26
49
32
47
 2
19
23
18
34
 8
 9
27
37
40
50
19
 8
46
41
36
45
36
39
50
10
 7
49
30
27
18
21
21
45
38
 6
 7
39
34
36
 3
 4
12
23
10
46
38
 1
 3
 5
46
46
13
 7
35
 4
50
46
29
42
45
25
16
 8
12
43
50
26
 8
14
16
15
34
49
38
44
33
44
 6
 7
32
36
29
30
41
38
10
35
16
32
30
34
47
35
33
21
10
18
28
28
 7
30
 1
18
13

167