150
11
46
39
24
44
45
39
49
 5
38
18
45
21
43
 8
22
45
30
19
 3
22
 5
 2
30
44
43
 4
31
19
23
12
30
29
 8
38
 8
48
 5
13
20
18
 1
12
29
13
34
35
16
 8
12
46
48
35
 8
21
20
50
36
 4
22
45
 8
25
 2
49
 8
19
30
20
34
31
 2
21
13
27
35
22
30
36
13
26
48
 1
35
13
 5
49
 9
31
 3
46
50
12
21
33
43
33
24
21
28
37
10
45
26
50
27
26
26
39
47
17
28
46
 6
17
 8
19
26
21
38
 6
21
38
46
34
14
27
16
30
32
 5
15
36
11
14
45
 2
13
13
22
19
33
27
 3
 8
 6
49
48
15
16

173