200
 1
42
43
35
27
42
34
 5
24
44
13
 2
36
34
27
29
17
42
43
17
35
14
38
44
 2
46
17
37
 4
47
 3
48
42
44
 9
33
49
31
50
46
 9
45
18
21
 8
35
24
 7
42
28
19
13
17
18
35
21
31
48
42
49
 1
20
 2
47
49
13
18
 1
23
11
45
 4
46
16
31
30
17
41
18
50
32
11
17
21
35
21
 9
38
32
16
50
10
50
32
40
 6
50
 8
14
38
26
14
29
14
 5
 9
41
 2
40
24
26
 1
 7
29
48
38
12
 3
28
46
28
19
47
 9
42
 1
 4
36
36
31
40
19
43
42
28
 3
19
41
 8
39
33
44
34
 6
45
 1
 8
47
32
49
47
14
37
 8
42
 7
47
21
47
40
26
19
28
42
38
42
41
 5
27
12
24
19
30
23
34
21
37
49
47
43
 7
19
22
41
26
45
32
 9
14
28
16
44
48
 9
46
28
 4
10
50
43

182