150
 7
27
30
34
 7
42
25
27
 3
21
40
18
 1
23
 9
10
11
12
21
33
30
31
19
50
18
20
30
37
22
45
19
38
40
 4
44
 2
38
24
47
38
35
40
19
 4
50
39
12
33
18
14
49
29
26
27
16
13
16
25
10
30
44
23
27
26
20
35
47
33
45
10
49
43
22
25
41
32
30
48
41
22
 1
32
43
33
 5
22
 2
 1
 8
37
43
30
46
38
 5
18
42
27
 8
 3
26
21
42
31
40
18
27
40
17
11
13
23
14
44
27
 7
47
 1
40
 8
48
32
38
41
23
50
46
34
19
15
34
 6
11
 4
34
 4
20
28
11
34
23
37
 3
16
12
35
 2
41
36
 3

155