200
46
17
 6
19
14
26
 2
27
30
18
43
21
20
33
16
 5
22
20
 4
 7
25
 3
44
 7
33
46
36
12
37
22
 8
 2
41
38
 8
35
48
38
42
33
28
30
41
32
 4
43
13
50
 2
50
45
26
 3
17
 6
 3
 6
21
 4
34
32
14
32
25
 1
 5
11
24
13
11
35
 7
35
37
11
47
 2
28
16
40
29
36
36
 3
19
39
27
18
27
31
45
38
17
27
16
44
37
22
43
37
25
37
 4
45
 1
 7
14
10
20
18
21
10
 8
48
37
 4
15
34
 2
 4
23
22
19
13
12
 1
48
47
23
 8
22
37
47
39
 5
50
10
37
29
42
18
13
44
 5
14
24
19
50
 6
18
49
30
31
26
25
10
45
42
39
13
13
15
16
 5
17
 3
14
17
20
25
22
35
42
 8
38
40
25
12
 2
19
43
20
 5
15
34
25
15
16
38
 4
18
32
 2
27
46
34
 6
17
12
48

165