200
 4
49
46
23
18
43
15
 3
21
34
21
29
34
28
 6
50
18
29
44
23
16
41
19
43
43
11
39
41
 6
31
 5
39
48
33
35
48
40
33
46
 7
19
37
30
42
28
11
38
 7
49
22
42
35
28
 6
29
 5
18
27
27
 9
 2
29
40
 2
22
 2
37
28
18
10
 9
24
41
22
37
47
 6
47
44
20
12
 3
45
 2
 3
27
39
15
45
36
27
29
45
16
49
35
25
42
 3
29
24
43
17
47
11
35
 9
 2
 9
15
43
23
50
22
 7
19
47
50
16
50
 5
18
 3
40
 8
31
25
44
23
21
40
39
45
 4
49
11
20
 8
48
28
43
25
 8
22
12
47
36
39
41
 5
 4
18
25
35
13
21
44
25
37
40
23
21
23
11
26
45
 4
25
29
33
 9
13
 6
 6
31
33
32
43
39
41
46
 2
27
47
 9
49
11
28
31
36
19
41
45
10
14
49
41
 2
 3
23

168