200
22
 7
38
 6
47
41
50
 7
41
31
40
36
24
 5
46
 2
13
43
44
 7
27
17
30
15
12
37
47
 6
46
42
10
 3
12
48
47
 8
38
19
39
14
10
30
 5
42
10
31
39
21
49
25
43
50
43
26
14
48
42
31
19
30
29
26
47
43
21
21
33
 8
 2
20
23
37
28
30
50
 5
38
22
 9
22
25
22
44
 3
28
33
48
12
 5
25
10
 6
13
 6
10
22
19
12
35
26
38
 5
 7
34
49
43
43
36
10
29
39
16
17
 2
26
31
45
22
13
49
47
19
40
26
15
26
 5
 1
 4
17
31
 8
39
34
20
48
16
13
 9
 8
21
38
31
39
27
15
49
 6
 1
29
48
26
35
 6
18
37
45
46
48
 5
16
 4
17
38
28
34
23
50
42
20
26
30
32
15
25
16
38
39
13
25
32
38
25
15
34
29
 5
48
42
24
35
12
29
 2
10
 5
 4
13
32
50

182