200
47
22
 8
19
26
 4
49
13
39
30
43
10
28
36
37
35
50
44
24
31
23
12
38
 8
29
20
12
34
31
34
43
 4
13
15
44
28
15
33
38
20
30
 7
49
32
 3
 9
 5
29
30
11
46
32
30
13
14
 4
 8
 6
25
16
48
26
47
 6
48
44
40
 2
11
15
38
43
 9
46
 7
37
47
50
17
42
19
25
39
44
26
12
 7
48
17
 7
15
19
19
45
15
17
 2
41
10
41
47
30
34
28
 6
50
36
32
 2
21
 7
31
20
34
 1
16
27
50
12
35
 8
 5
19
44
16
28
39
48
31
 2
36
 7
31
28
 9
41
28
 4
40
11
25
36
29
27
14
36
15
 5
20
47
 4
35
46
 4
45
14
44
29
16
16
23
41
20
19
36
50
 4
 6
28
 9
27
45
26
21
38
35
27
43
 2
40
 8
 8
 2
11
38
36
15
28
44
50
11
49
28
 4
 2
19
43
 8
30
 3

155