200
18
40
 4
26
 6
37
39
43
38
40
31
36
 3
 5
45
27
46
 2
30
36
 9
37
20
26
13
11
12
25
47
12
22
24
14
36
 6
14
30
34
34
49
13
42
28
44
 5
45
37
15
42
 6
34
36
17
26
 5
20
 6
10
30
34
38
 4
50
 3
 1
15
 5
 7
20
50
49
35
15
38
44
20
10
31
 8
45
32
10
34
15
22
26
20
 2
26
25
30
19
24
11
28
 7
31
15
21
16
26
21
19
28
34
29
46
 2
18
 6
40
34
24
 6
 7
28
 1
35
12
 4
24
 6
30
27
 4
32
33
 7
16
10
46
25
 5
46
20
48
 9
49
 7
15
 7
44
49
23
34
15
43
 2
25
42
 1
15
21
38
40
31
35
36
37
29
47
 3
25
 5
44
 8
12
18
49
31
35
27
48
 3
 5
45
27
41
 8
 8
30
20
23
48
 5
20
16
44
35
19
 6
12
24
48
24
 6
24
 5
10
24

172