150
15
24
48
18
44
15
17
50
41
20
25
10
33
10
36
16
14
38
18
21
26
28
40
 5
28
13
34
48
35
15
 3
34
 9
 5
31
35
44
37
19
29
 5
16
36
48
23
 7
25
15
24
 7
 1
17
23
31
14
23
 7
49
18
16
19
36
20
 6
34
31
40
12
23
31
35
10
 6
33
 6
39
27
 6
47
 1
12
 9
47
 1
17
34
45
18
18
 2
21
43
28
34
41
41
42
22
49
41
 3
26
28
23
34
12
43
39
48
16
 2
17
46
13
16
 3
21
 4
47
 3
 1
43
11
39
30
20
41
27
 2
38
37
26
26
21
17
31
32
35
30
 1
48
 3
32
31
33
24
47
 5
 3
29

166