250
15
39
 9
30
13
35
16
29
 4
34
10
 7
38
42
48
25
44
 8
49
50
42
12
15
11
 4
35
11
47
 7
23
42
 5
13
11
 6
 9
42
41
 9
23
13
27
 5
 3
38
13
 5
 7
20
30
27
 6
 9
49
45
47
35
33
46
 1
34
46
10
 7
36
40
20
42
15
14
16
19
44
49
41
16
44
16
11
47
39
14
39
 7
37
27
 6
46
 2
46
33
13
25
16
32
48
25
10
27
 2
33
25
 8
21
 5
18
37
42
14
41
39
50
33
42
12
 6
41
44
14
50
21
41
38
20
25
29
42
17
34
 1
25
38
 8
11
29
46
31
38
30
29
24
44
16
42
30
10
16
33
47
46
19
44
31
36
16
 3
19
16
43
45
11
43
15
39
13
46
 7
46
 2
41
39
 1
 7
29
24
24
46
32
17
 1
46
46
31
 1
35
17
 7
29
39
21
43
 5
49
34
50
 2
 1
31
43
16
28
45
25
 7
12
30
11
38
17
 4
21
 6
15
20
40
18
31
30
22
45
14
 4
16
44
19
50
40
47
50
20
21
38
11
32
16
 5
27
33
48
35
 2
37
37
30
18
28
40
 2
44
25

152