200
46
18
34
14
16
31
21
45
40
49
23
 9
11
32
47
18
12
42
34
22
 6
33
22
20
19
14
46
16
49
22
16
12
 4
21
16
34
37
46
14
18
34
 7
 9
13
46
42
 5
22
28
23
17
42
 4
47
32
38
39
39
34
40
 3
50
17
20
 3
42
 8
21
26
47
 5
40
46
 3
42
24
32
11
14
14
47
 7
30
 5
14
 3
24
35
35
15
26
29
42
13
37
34
35
41
37
 4
35
48
16
 4
50
31
 2
 9
28
37
44
38
32
48
47
 7
15
22
44
24
49
18
20
48
 6
31
43
17
34
 2
14
 6
24
12
34
48
11
13
40
25
23
30
19
11
 6
50
17
47
15
20
25
14
 4
 6
18
30
31
 8
34
38
30
31
25
23
12
11
23
47
26
43
10
37
31
34
 3
 7
20
49
 6
33
14
18
22
35
19
 1
42
20
32
10
36
44
47
45
34
 5
33
 8
45
37

172