300
37
36
27
33
12
19
 6
37
44
20
 8
19
30
13
35
21
10
 6
21
23
25
36
46
32
 2
38
44
10
17
22
47
41
29
33
14
29
41
 9
 5
 2
 2
23
 9
37
19
46
13
34
15
27
24
36
 5
29
 2
10
28
 8
 8
 4
21
21
16
32
36
34
 7
33
22
17
24
22
20
 4
10
 9
19
41
30
44
47
13
16
38
26
18
24
37
13
41
 5
 2
11
 8
49
23
50
17
50
46
 1
17
11
 2
23
31
29
18
49
24
 1
36
 4
23
43
24
17
 1
 2
38
37
 1
17
 3
18
14
 4
 4
41
25
19
23
49
 3
29
20
32
33
30
41
11
 6
24
 6
13
49
32
11
42
14
28
12
28
17
30
41
10
41
23
25
45
16
47
13
35
31
32
17
45
40
16
41
50
25
34
34
46
50
17
43
 2
37
27
50
 6
19
47
12
44
 2
17
21
21
16
 2
19
50
 9
40
33
 4
46
11
11
36
38
 7
49
19
35
18
19
 6
 2
18
17
 1
50
45
17
 7
30
38
41
28
47
20
 2
36
43
28
37
50
13
 6
45
22
18
31
33
47
42
 8
14
 6
 7
49
34
27
 7
32
 1
29
 3
18
33
13
49
26
49
27
37
40
22
48
17
49
32
37
19
 3
39
33
27
45
 7
19
30
10
46
22
12
24
42
41
 1
30
 9
 8
44
15
38
 4
11
40
19
41
16
38
33

175