300
14
24
37
 3
10
37
21
18
44
31
33
 5
21
17
20
45
 3
44
20
31
20
17
36
39
20
13
14
33
33
10
16
49
 5
22
31
20
 3
25
41
 6
49
 8
32
46
13
30
 2
 7
24
17
37
21
35
30
 9
 5
32
 3
25
28
38
38
 4
30
 5
14
45
47
38
39
50
 4
42
38
41
 5
41
36
20
44
33
 5
 8
29
45
42
21
27
 6
 8
18
 3
24
36
13
44
40
28
50
 3
32
39
30
36
46
 1
50
33
47
19
39
43
 7
26
32
12
41
 9
38
22
10
26
27
14
37
44
10
 2
 1
 9
26
31
30
49
34
13
41
39
 5
 6
50
49
41
10
31
31
31
16
19
23
34
33
26
11
41
21
17
13
47
10
19
47
 1
16
 4
 7
21
 7
40
14
 3
21
11
29
48
28
19
23
11
30
45
 5
 1
29
11
12
50
26
35
26
44
25
22
20
44
31
 7
20
18
16
14
15
27
17
41
 9
49
34
28
50
15
48
26
 9
48
15
20
44
32
22
 4
19
28
47
49
32
 7
 9
15
 6
34
39
49
16
 1
39
24
20
 4
42
12
44
41
23
11
38
 9
41
48
41
34
41
33
 7
25
 6
 1
25
30
39
 7
37
 6
23
38
38
29
42
24
15
41
39
 3
18
20
47
30
31
50
26
 5
32
39
 8
40
20
50
11
40
35
22
34
14
31
 3
16
 3
39
 7
37

193