250
20
17
48
50
19
 3
25
14
47
 3
47
22
24
17
21
20
27
22
28
40
 4
32
41
 5
41
25
12
42
 1
29
23
41
31
28
 8
 7
50
10
12
38
49
25
25
 3
44
15
 6
13
25
33
14
20
48
14
15
16
 2
24
29
 7
16
 3
25
18
 1
 6
18
14
19
 9
 4
 6
12
40
31
43
39
43
13
13
31
40
24
 6
46
 1
 1
16
33
44
10
39
10
 7
47
45
42
34
41
35
48
27
43
44
20
47
25
36
47
13
38
10
45
 3
36
50
48
24
10
17
32
42
13
22
14
 8
 5
25
48
31
 6
14
28
 2
41
10
39
36
14
10
24
24
39
40
 9
23
42
 6
 1
42
31
23
18
41
22
46
14
 7
32
25
 2
10
31
30
19
25
30
44
20
 6
44
 9
 2
 4
19
39
26
40
28
27
46
49
12
10
13
46
17
10
29
33
48
 1
22
43
 2
39
33
33
16
37
25
10
11
43
26
30
 5
43
47
20
 6
43
22
18
35
 1
43
28
 7
29
50
21
26
 2
12
 3
31
 3
23
47
47
27
26
 9
22
35
15
10
41
35
48
17
20
22
21
 9
23
30
33
41

157