300
 2
20
30
31
15
29
36
 3
21
 8
41
19
 2
43
41
25
 9
33
13
41
26
14
50
 5
 8
25
24
18
10
 4
27
 6
30
 1
42
16
10
28
23
16
43
19
16
13
16
10
21
 2
19
24
16
 8
11
26
34
13
42
14
 1
11
15
49
 6
33
21
 6
50
26
 8
15
24
33
47
32
15
34
20
32
41
16
 2
22
 1
31
 6
30
28
22
14
50
10
24
30
23
28
31
31
 9
31
12
23
37
 7
35
21
 5
50
49
42
17
37
28
21
49
24
38
43
15
50
31
17
27
31
 3
31
10
42
30
30
30
28
11
 1
36
46
24
48
14
25
47
21
47
37
37
17
 9
 2
26
11
47
29
31
 8
35
15
31
48
14
47
49
44
39
27
36
45
23
20
41
 7
49
41
44
21
13
17
35
23
20
 1
22
46
11
 7
 2
35
15
20
 3
33
38
19
35
 1
39
42
 5
 6
43
 8
23
 4
18
21
43
38
40
 8
 3
21
18
 9
 7
45
44
20
49
44
37
36
19
41
29
28
 6
 2
30
48
13
10
18
44
 9
39
22
44
22
11
22
46
14
 1
 4
14
 2
17
42
31
14
44
24
24
34
43
21
21
37
44
11
19
26
48
 8
14
16
43
 3
20
 3
24
48
33
47
34
26
25
 4
32
39
36
 2
36
45
34
46
 4
29
10
12
20
34
15
 4
37
17
42
32
39
27
35
27

184