150
13
33
30
35
32
43
10
 9
35
13
46
 4
33
20
22
 2
 9
 9
37
25
31
12
 5
42
46
28
15
38
31
39
 8
18
37
26
46
18
 1
25
35
44
46
30
44
17
48
24
32
 1
44
 8
21
31
25
 9
 4
17
36
42
 2
17
 2
14
15
41
31
35
15
27
 5
28
33
12
 5
18
36
12
17
11
32
37
12
44
36
17
50
17
17
 5
43
48
 6
38
26
13
30
44
18
12
28
 8
42
47
16
42
 4
28
41
22
35
40
13
18
38
47
 6
39
14
33
17
18
45
40
44
 6
31
50
32
33
20
10
38
41
47
36
30
24
35
 6
25
39
41
48
 8
 2
29
18
33
19
12
36

200