150
45
38
24
26
35
50
10
41
45
 2
32
23
15
35
42
17
21
47
 5
 5
49
28
20
23
33
27
39
43
38
34
44
43
30
34
 4
41
10
12
 6
33
28
11
36
35
45
43
28
 5
11
17
12
21
41
45
47
30
43
34
33
 4
38
48
36
34
37
 4
32
13
39
31
44
15
10
11
 9
30
40
 7
35
36
12
26
29
14
17
29
48
10
 2
25
12
 1
 9
32
 5
21
12
 4
37
26
28
17
10
36
38
 4
47
27
 2
17
36
43
24
25
46
50
15
32
19
48
14
 1
37
50
50
34
14
20
14
29
11
22
29
24
 9
 1
18
10
50
 3
25
10
 5
43
31
44
28
16
45
14

179