250
11
15
33
29
 6
50
43
 9
34
 9
11
45
39
13
39
16
23
36
 3
12
49
 7
18
17
33
33
 7
40
34
 5
 8
28
16
13
 4
35
34
 3
32
 5
50
31
41
44
41
 4
12
44
33
10
 4
28
50
 8
15
11
11
21
14
44
46
 8
14
27
 6
23
50
31
 6
 5
35
35
50
 8
24
46
22
13
18
29
19
 1
31
41
15
27
 5
37
22
11
44
32
31
10
 1
31
40
 1
24
28
38
20
11
22
39
42
28
36
20
 9
11
16
13
47
41
26
41
11
48
40
10
 4
18
42
 7
23
19
38
 8
 7
18
49
 4
20
42
31
28
36
25
50
48
24
29
42
13
22
39
34
18
48
12
22
42
19
 5
13
16
 3
48
 7
13
 8
24
39
28
15
30
18
10
22
 1
42
31
28
 1
 5
40
47
41
38
50
35
46
42
17
24
17
18
33
26
 9
35
32
12
 5
50
46
28
10
31
19
17
35
 8
 5
49
38
38
47
22
 9
20
20
 4
28
50
 8
16
12
44
41
30
 9
48
41
19
44
28
34
49
 8
21
37
20
22
17
35
 3
42
34
14
 5
26
35
 2
34
42
19
37
11

164