300
22
23
 9
38
28
30
 3
28
50
32
42
 4
13
48
40
 8
30
27
 7
50
31
22
22
20
45
33
34
42
29
28
 9
 8
41
33
15
 2
30
11
17
26
 5
 1
44
41
12
18
17
15
 5
12
22
 9
46
 9
 8
36
39
38
 8
 6
17
12
 7
36
46
18
39
42
43
47
31
10
14
25
13
 7
32
15
15
41
18
12
 1
35
41
18
 1
32
 7
35
 6
16
31
30
 9
45
41
46
43
 8
16
 9
25
12
 7
 6
11
34
35
41
28
47
38
33
33
49
 6
23
49
47
43
45
36
45
 1
10
46
20
 6
12
44
11
29
15
18
37
11
37
22
11
24
 8
 4
31
41
47
12
50
43
 5
39
36
37
 8
 8
36
 5
20
34
41
35
45
46
50
25
19
46
29
11
50
 2
 5
12
14
26
14
 4
10
48
 8
17
18
11
37
26
 9
 1
 6
12
20
 7
 7
15
25
37
16
39
35
 3
44
43
39
37
 3
43
39
33
29
25
 5
42
14
17
26
23
33
37
36
35
33
 4
24
39
11
13
13
42
42
 1
13
29
 7
46
32
41
34
24
 9
31
28
21
 4
14
41
50
48
36
28
12
 8
42
48
44
25
21
50
40
19
41
32
 4
36
39
37
47
 5
 8
19
50
 4
48
22
13
 5
50
28
10
28
49
37
22
 7
31
24
33
34
14
 1
32
19
15
14
19
15
50
26
 8
33
19
49

158