150
41
39
41
32
 4
28
17
32
41
 5
11
21
23
 6
45
28
 6
32
18
 7
24
17
37
35
 5
33
17
21
 1
48
18
24
24
40
47
49
38
32
 6
25
15
29
22
49
13
12
25
18
49
40
44
26
34
18
40
13
 6
45
 1
47
24
31
12
41
47
 8
31
25
49
 5
 5
41
43
29
22
 7
22
41
46
20
31
49
49
29
42
 2
 9
21
34
16
38
47
 8
36
29
39
16
 6
25
13
50
26
 6
29
 2
18
12
13
32
37
24
14
42
22
15
 7
24
50
44
44
31
 5
38
33
32
26
38
46
 5
37
30
47
13
30
45
 3
 4
 2
47
37
48
29
 3
44
21
22
35
 6
 8
17

184