250
 5
19
21
 1
14
26
25
24
 7
36
49
21
33
 4
45
 2
10
43
25
41
49
46
18
48
46
27
 7
39
15
13
33
22
 2
35
25
 4
29
41
22
15
 8
33
24
20
49
49
 3
 2
 1
 6
18
12
12
33
22
36
 4
41
 8
12
34
26
28
38
26
20
41
22
45
22
24
15
11
12
32
10
46
18
49
 1
27
 6
14
10
 7
41
30
42
46
32
34
29
19
34
39
10
 7
27
50
26
12
11
38
37
35
 5
48
37
42
28
44
50
26
32
26
31
15
 4
20
48
33
16
29
31
39
47
 5
28
38
44
35
41
 8
29
 4
50
45
43
35
22
 5
10
 8
10
28
34
23
50
10
 1
12
32
33
41
22
 3
20
 2
 6
23
36
38
32
18
26
48
32
15
15
11
 9
 8
10
 7
41
30
 5
16
27
11
31
46
24
 3
28
37
17
48
39
 2
16
15
13
45
13
16
50
21
 1
35
18
33
22
14
45
35
17
19
13
24
10
35
10
15
11
37
44
34
14
49
13
19
22
13
48
48
 3
16
40
36
13
33
 1
 9
30
32
24
19
26
 6
14
12
33
15
 7
36
36
44
 2
44

194