300
22
20
15
 3
24
31
28
18
20
10
21
38
30
19
42
20
14
50
 1
 4
 9
18
50
14
 3
30
30
10
12
29
15
43
 9
 5
32
15
24
12
41
15
10
36
35
20
 2
30
30
19
32
15
38
16
35
24
34
18
47
37
36
28
41
28
32
22
47
38
49
43
 6
39
31
17
22
48
 2
 6
14
41
20
24
43
12
30
50
39
50
17
43
44
16
 1
 2
27
22
21
10
15
50
 9
 8
12
33
16
13
50
 4
10
 5
41
45
 4
40
39
48
 3
14
 2
34
16
24
 3
49
26
33
50
40
 9
26
46
21
32
 5
15
38
18
47
35
42
16
 3
 7
 4
26
47
37
11
31
 5
36
36
40
32
45
30
45
 7
38
26
22
29
24
32
32
 3
 2
22
26
40
44
 3
50
24
 9
26
13
18
16
 4
 7
47
16
 8
29
32
34
24
44
 3
47
 6
26
18
 8
12
50
45
15
11
35
48
23
19
40
36
26
37
14
31
16
50
33
20
 8
 6
31
47
48
41
15
41
25
20
37
19
19
21
10
48
12
 5
43
25
29
45
37
 9
46
13
16
19
 6
49
 9
29
26
50
43
40
 8
42
 1
15
36
44
24
 9
39
21
41
 4
14
26
16
26
16
33
15
26
 6
 8
23
27
17
 3
 4
17
11
42
50
28
47
 4
17
40
35
15
30
44
15
19
23
44
48
25
24
36
45
34
42
23

161