200
30
29
14
36
 3
30
 7
 7
14
18
 6
44
21
34
25
 5
44
11
45
10
 7
11
47
45
13
20
42
44
28
26
50
32
23
32
31
49
39
10
30
 7
 5
49
31
 3
46
50
18
20
26
 3
22
26
34
18
42
47
15
13
18
50
45
20
47
12
11
37
18
34
11
25
24
 9
50
35
 1
 6
30
25
24
49
16
49
36
50
12
48
 1
22
 9
 8
 8
13
27
49
 2
25
 2
33
27
13
25
15
21
12
29
28
47
50
36
44
38
11
45
 6
28
 1
17
21
29
 4
31
24
17
42
 2
19
15
44
10
24
 3
13
41
 8
19
22
34
30
15
26
39
40
34
 4
 3
26
28
49
 3
34
21
34
29
27
21
23
45
 6
42
16
19
13
26
37
 8
27
 7
16
34
40
43
11
25
27
10
11
24
48
48
12
35
19
 9
12
46
33
46
11
 3
30
19
17
50
 6
12
46
 5
26
43
17

166