300
36
15
32
 7
 1
11
 6
45
36
 2
26
25
13
 9
21
25
 1
24
 3
19
11
22
 6
44
36
46
38
44
11
11
10
21
15
15
40
17
38
21
23
46
39
26
38
26
50
15
28
37
 8
16
38
30
49
40
43
 4
29
15
 9
13
34
49
32
22
49
44
21
36
35
12
30
11
41
32
38
40
 7
 1
14
47
38
39
31
23
42
33
32
 1
37
22
15
19
35
 2
37
 5
 5
40
13
 7
21
49
16
46
46
21
10
37
33
28
25
39
16
50
38
20
17
42
 6
32
43
17
 5
12
28
38
13
 8
27
28
 7
46
 4
49
39
 7
43
45
41
44
 6
16
26
 7
 9
37
 4
30
13
24
48
22
36
17
25
44
23
 5
39
 8
40
44
33
28
 7
30
41
 1
27
 1
43
11
33
45
23
13
12
39
41
42
30
37
46
48
 4
38
13
29
38
39
27
41
29
41
 3
49
 7
 5
23
45
24
43
24
47
47
49
38
15
33
 6
15
31
14
20
 8
33
26
47
50
38
21
48
26
17
24
40
 4
16
32
 4
15
49
 5
50
32
33
42
 4
12
 8
42
42
13
48
22
29
26
34
30
40
 2
46
34
50
40
 3
14
41
22
 9
20
41
 6
22
 1
34
18
26
45
13
26
48
18
15
39
34
37
32
16
22
35
31
21
41
28
22
 7
22
38
44
33
45
 2
10
36
 8
39
11
 3
 5

197