300
 8
32
31
 9
30
45
36
42
21
45
42
39
 5
48
11
31
20
17
33
18
27
 3
40
19
10
37
13
26
34
32
43
 1
47
31
37
34
 1
 6
12
 2
28
17
24
 3
21
 6
43
 6
37
31
22
35
47
28
40
44
 8
 5
49
49
17
 5
25
29
47
 1
31
27
25
14
49
 1
 1
17
15
14
 7
38
17
43
25
10
15
35
36
 9
32
45
44
13
16
20
31
39
16
13
49
48
17
20
13
 6
11
26
37
49
 6
33
 2
24
 9
35
 8
34
44
35
30
19
16
 2
29
27
13
37
33
29
44
42
 2
30
 1
33
39
36
30
18
35
37
35
17
 1
16
49
 5
49
35
20
30
43
27
 6
36
25
43
22
43
25
45
22
 3
34
17
 8
31
39
23
41
30
16
 2
14
 7
30
40
20
13
41
26
35
35
13
49
 9
12
18
41
30
20
 7
32
38
47
38
49
 4
36
12
33
18
 2
48
48
 6
22
28
48
39
42
38
50
 7
43
12
37
31
49
41
31
11
 3
 6
19
 8
23
15
43
17
23
31
50
35
33
45
46
43
38
26
30
48
19
23
 5
31
49
 4
39
31
 6
21
25
41
41
41
50
41
 2
27
37
 2
44
33
41
23
43
32
13
13
20
18
 2
 4
25
41
48
17
12
13
39
43
18
47
33
33
35
31
36
49
27
15
13
47
11
14
 2
44
49
10
 1
37
43

164