300
20
21
18
45
 9
23
21
27
37
28
 3
15
13
31
49
10
32
45
50
34
20
21
11
44
31
 7
 3
36
41
25
24
17
48
 1
42
35
28
35
42
42
20
36
41
35
37
47
17
16
39
 8
 6
12
42
14
 9
14
28
32
44
18
 8
15
 3
 7
35
23
22
25
26
14
47
32
12
38
36
 6
20
 5
28
13
47
13
35
39
38
20
47
27
46
11
38
50
28
21
44
35
35
17
 2
34
 5
 4
50
50
46
18
17
 8
25
35
49
35
48
30
15
38
25
44
13
21
 9
45
21
27
13
34
21
32
29
48
26
28
32
23
48
 5
 4
46
19
32
46
19
12
37
47
 4
10
27
13
25
33
 9
33
36
42
49
 4
10
28
15
 8
17
27
35
32
16
15
12
 9
24
30
24
35
19
 4
33
23
17
37
43
27
17
 2
45
50
36
43
24
37
18
10
32
11
 1
41
40
41
26
19
32
48
18
42
17
44
13
17
15
 4
47
33
17
18
41
37
24
19
43
48
17
38
44
 3
41
35
45
39
19
27
 1
 5
10
17
12
28
42
14
45
41
42
27
41
 6
 3
34
31
42
30
26
42
20
34
 1
 9
41
 9
10
29
17
21
 1
16
 1
19
43
 4
40
48
33
25
25
19
42
 7
50
46
15
37
19
40
20
11
39
 4
27
43
31
28
 4
44
31
35
19
13
22
39
13
 7
 8
10

160