200
23
11
24
45
25
49
35
30
24
 9
27
23
26
18
 9
 4
27
50
48
13
49
 2
22
16
 5
12
23
36
 3
 9
29
19
15
44
25
16
40
42
44
38
 6
26
 2
20
 7
21
35
39
26
24
44
15
15
44
42
21
24
36
47
38
48
47
 6
27
28
30
48
40
 8
27
10
44
33
13
12
12
34
15
23
37
31
22
37
13
 2
31
31
14
40
15
 5
46
38
36
34
27
47
 8
41
31
 8
36
16
16
10
49
 1
43
40
42
16
37
18
11
25
14
25
34
44
11
50
16
46
29
41
42
44
 8
34
10
38
46
35
49
46
 9
27
18
16
 8
23
 7
41
 2
39
27
10
 5
39
41
26
24
28
49
18
49
32
25
37
23
32
 8
44
29
10
12
35
25
46
32
43
50
38
45
41
20
 9
38
47
 9
46
24
 6
 6
15
32
23
39
49
33
22
 9
44
34
30
 1
30
37
41
47

159