200
31
11
48
 8
21
14
32
50
35
32
27
38
44
 6
40
17
10
10
50
27
45
36
41
24
26
36
49
24
35
27
45
31
30
29
30
45
48
41
50
39
23
16
14
15
41
 1
36
23
20
31
17
17
40
18
48
34
46
35
29
 4
15
 3
47
 9
 7
14
38
20
37
15
38
44
43
39
19
 4
17
21
44
38
26
42
17
22
34
47
22
30
37
 2
38
49
16
49
20
26
 3
20
46
30
45
23
29
24
18
41
29
20
27
17
13
31
43
31
33
41
 2
48
 9
23
10
42
27
35
 2
 6
28
 6
18
 1
25
 2
 8
50
46
41
13
44
16
26
48
42
 1
17
42
33
33
10
23
 2
39
13
21
46
40
37
34
38
33
48
50
25
26
49
 9
44
28
32
10
38
38
 3
40
46
46
27
29
47
 3
20
 9
45
43
 8
 7
18
35
48
35
50
 3
 7
25
42
25
46
 3
41
35
43

181