300
37
24
26
23
33
17
 7
50
21
14
50
39
48
20
30
46
32
17
13
38
14
12
18
44
 5
19
22
38
46
14
 6
29
42
 4
 4
 1
42
42
42
18
27
48
11
 8
39
 1
37
12
32
47
18
29
44
 9
45
37
27
15
13
20
29
48
39
17
38
44
29
50
14
45
48
41
 4
19
 5
34
28
36
42
13
 2
15
28
24
 1
 3
 1
11
 4
44
32
 5
44
45
44
 4
 8
44
 1
14
48
24
15
27
35
22
45
13
47
27
43
12
37
47
41
36
 8
 9
 8
20
48
24
33
31
27
21
48
14
24
24
 7
22
20
38
18
28
46
15
23
 2
37
36
16
40
 8
 3
49
34
12
17
10
11
35
40
 4
39
13
24
34
28
23
 2
35
35
37
15
34
15
46
26
22
13
35
47
31
 8
15
 9
 2
11
10
20
 5
18
34
40
 2
44
25
35
20
14
18
26
47
30
30
46
29
21
48
27
12
49
23
37
 4
14
19
22
 4
 3
 4
46
 8
16
44
42
 7
 3
35
14
10
17
 1
14
 3
12
11
 7
37
30
48
10
29
38
28
 2
11
47
10
48
44
49
30
34
 5
37
40
26
15
33
10
24
30
40
11
11
18
28
36
21
14
 6
 3
29
32
15
 4
 2
44
21
39
 8
13
33
33
 6
36
25
41
39
13
36
41
24
 6
41
44
15
11
31
24
26
33
 2
31
22
49
21

154