250
26
14
20
 4
14
41
39
46
41
40
27
11
40
35
25
 2
48
45
29
46
 2
 5
 1
 8
19
23
22
23
18
22
 7
47
11
35
10
41
42
30
10
49
20
24
18
45
46
16
20
11
20
 7
13
 1
 9
 9
27
32
11
25
34
32
21
44
26
 2
48
33
24
27
22
27
28
45
 7
39
 6
 8
46
15
 9
41
17
40
17
36
22
19
35
 4
13
45
47
40
48
12
14
10
39
27
30
 3
 1
 2
 8
12
35
46
 5
27
49
 5
25
26
 3
20
34
11
12
 4
10
46
43
36
31
12
19
49
25
34
14
48
 1
12
36
26
36
 4
24
 4
41
35
47
 9
27
33
43
 8
30
41
24
50
22
39
46
28
44
19
12
27
35
24
33
50
11
 7
29
12
48
32
50
21
17
 7
 6
49
 8
44
37
10
37
30
49
 7
26
40
32
 6
45
21
18
37
 5
17
46
32
36
30
26
16
37
12
 4
39
19
42
40
30
14
 9
 8
33
10
25
41
 8
 1
29
21
 3
47
39
38
45
49
47
 3
 6
 7
47
22
33
31
19
16
12
21
13
22
36
45
41
15
35
41
15
30
 1
 8
41
43
48

170