150
27
13
31
15
23
30
27
25
11
36
 8
23
25
 2
 4
37
11
14
21
11
35
17
45
48
 6
 4
49
28
23
44
35
16
29
49
 8
19
20
 7
39
 4
30
47
21
23
35
25
36
33
13
 5
31
27
38
41
45
45
 9
 4
14
13
 9
 1
39
 1
12
48
 8
37
14
 6
28
20
21
45
22
18
25
 8
19
45
47
10
46
47
14
46
 4
48
 9
45
20
50
 1
17
23
 7
21
12
11
11
41
24
32
33
48
23
21
23
25
 2
15
15
10
25
29
 4
16
13
28
13
 2
44
 2
40
 2
42
34
 6
49
25
24
42
25
18
28
29
 7
41
48
45
46
36
17
13
21
27
40
47
11
34

181