150
29
14
17
 2
17
29
38
27
27
42
18
38
 5
46
16
19
 8
34
30
28
14
36
14
33
22
47
17
17
45
39
29
44
48
44
15
31
 3
11
 4
21
11
13
22
45
25
41
15
38
30
48
44
 3
17
43
47
48
 3
40
24
11
20
35
38
35
27
17
21
32
 4
21
43
44
30
49
44
 6
21
14
10
30
44
37
19
32
 6
 2
41
 9
26
31
 2
17
13
 8
 7
31
30
46
19
33
 5
37
31
40
12
36
38
39
 2
14
27
28
17
22
23
16
37
13
11
44
42
15
 1
41
11
43
38
30
42
27
 4
 6
 5
 7
43
18
 6
17
37
10
14
14
36
40
20
14
13
19
 7
43
