250
41
49
29
18
14
10
29
13
 2
23
36
44
16
 4
15
 4
22
 8
17
23
12
21
 3
48
40
24
16
46
 8
13
24
21
31
41
22
33
29
18
 3
19
24
24
18
 3
47
15
36
24
21
 4
27
50
 2
34
42
 7
41
43
14
25
50
 4
 4
30
22
45
 4
30
44
50
30
17
48
 2
25
46
46
30
18
 1
13
 6
38
15
49
29
23
48
 8
38
45
45
 6
 3
22
34
40
27
 7
17
31
47
31
 7
42
45
48
33
24
20
25
29
46
35
 6
44
44
25
10
 9
37
22
22
12
40
47
26
25
13
13
36
12
 1
40
39
 2
44
16
 9
24
45
 4
50
22
27
18
24
25
31
16
 2
26
40
24
26
22
16
31
40
 3
24
28
 9
41
13
32
30
10
44
16
11
43
26
 6
16
 6
14
20
49
 8
40
 3
37
37
 2
19
26
13
 5
22
14
 6
38
47
38
36
37
38
 9
26
 1
24
13
14
 5
 5
21
 9
 2
35
 1
32
22
42
 3
43
26
 3
 8
10
27
31
12
34
29
30
34
19
21
10
25
11
47
20
 5
44
20
 5
10
39
 5
42
 8
31
13
16
13
44
39
47
