150
43
26
28
26
14
33
 6
13
44
39
41
35
20
34
20
 1
19
10
 1
 3
12
 3
 6
26
23
27
33
38
32
14
44
36
24
 3
14
41
26
27
 4
10
39
 9
13
50
12
34
29
27
36
28
31
12
21
 8
 1
43
31
41
 5
42
43
41
 8
49
36
50
 1
38
21
20
38
38
17
38
22
45
32
18
 5
50
29
 3
39
25
20
49
30
30
31
14
 1
 8
16
29
17
42
22
22
47
25
46
48
 6
28
 6
36
43
36
34
14
32
34
48
33
42
13
 3
16
16
26
34
 5
10
12
15
28
42
12
17
25
35
12
35
36
 5
18
 2
 3
27
 9
27
49
 3
12
45
 3
23
20
26
 8
