200
15
 8
 2
15
31
41
26
25
38
45
 2
14
45
49
42
24
37
43
34
50
15
 6
37
 2
 4
12
48
49
49
46
17
25
33
13
41
20
46
 9
 6
20
18
43
10
43
49
45
45
41
32
37
23
42
16
 9
49
21
48
13
41
21
15
45
43
10
23
30
41
 7
24
13
45
21
31
37
24
36
46
22
 9
41
40
35
38
15
35
19
50
21
 4
36
 9
28
48
31
29
30
 9
28
20
35
45
23
36
49
22
46
38
28
17
44
20
50
 7
 7
14
21
47
17
26
21
10
 8
48
21
12
 7
50
16
 9
 9
28
 3
50
47
 4
49
35
49
 3
29
22
23
12
33
 8
19
39
 7
39
47
13
22
30
11
43
37
45
28
 3
 4
40
 7
 4
23
 6
19
47
 4
41
45
23
24
32
 6
25
15
26
 9
 5
42
28
23
35
45
41
23
31
25
50
14
23
 7
25
38
 7
22
10
11
15
 7
