200
46
 3
39
43
15
18
26
22
11
38
38
 2
45
48
49
17
15
23
 1
27
36
18
43
25
39
47
19
 4
11
48
46
12
42
 1
44
33
 6
20
34
47
23
40
17
 9
 5
13
44
 4
19
34
45
41
 7
21
 3
24
37
 2
19
24
25
34
42
25
50
50
 8
12
21
13
 3
30
14
24
44
27
19
 9
 5
50
11
10
 4
40
13
29
31
22
40
18
34
15
35
 7
38
25
50
12
26
 4
24
19
45
30
22
10
42
35
22
30
36
48
11
44
26
23
49
36
17
44
43
35
39
 6
 5
17
47
29
20
27
17
34
 5
40
41
41
16
 4
26
38
39
39
46
37
 6
45
44
48
18
38
17
44
 5
 7
15
44
41
 1
37
11
19
21
13
39
30
48
 8
36
25
40
43
49
24
14
45
 8
39
36
30
28
20
43
11
43
 9
20
46
 5
15
30
28
33
44
17
 4
42
33
41
22
 8
