150
20
21
31
40
28
16
42
23
45
40
16
11
25
36
48
29
11
 3
46
33
21
25
41
33
12
31
50
46
23
21
31
14
11
14
32
 8
30
32
39
49
49
25
 9
38
30
24
46
19
46
 9
49
28
46
29
14
 1
 2
37
49
14
34
16
 2
15
 7
18
29
16
40
 2
30
30
46
22
11
50
46
 9
10
47
 7
22
26
40
10
10
40
14
45
33
42
22
 4
42
 5
 9
39
 8
 9
36
37
19
23
28
 4
14
30
33
28
48
 2
12
 6
20
36
41
 6
43
 8
24
20
28
26
22
 7
34
10
20
47
15
46
 5
31
24
 2
32
43
 2
17
 2
38
20
10
45
39
 2
12
36
 2
26
