300
39
10
 3
16
20
47
29
 6
15
38
21
49
18
36
26
48
27
 5
24
15
 3
25
 1
47
12
 9
12
15
 8
24
39
35
28
42
 4
47
21
34
37
32
49
23
14
46
24
38
20
17
37
48
12
36
23
42
 3
28
17
11
38
27
10
 1
37
28
39
17
40
14
46
 4
 9
29
47
16
48
20
24
47
28
20
30
43
20
 6
22
13
26
 8
29
36
33
20
19
36
28
28
37
46
47
39
 6
 5
12
26
47
 4
 6
30
26
13
40
36
 4
24
15
 3
29
48
 4
11
32
48
26
42
36
11
 6
14
16
 8
21
33
 4
13
24
43
26
 7
22
45
14
36
21
 5
50
27
18
 8
40
43
32
23
21
 6
11
30
50
26
32
20
48
 9
24
35
 7
23
19
 9
45
40
36
 8
 7
30
17
42
35
36
 1
43
42
23
 4
13
17
18
37
48
17
42
 9
 2
48
28
37
19
23
27
11
42
 5
39
40
18
12
42
13
49
10
 1
 6
40
36
32
18
48
39
26
22
33
17
25
21
13
47
37
31
37
44
 2
17
35
 4
 2
27
16
49
34
33
37
47
39
30
20
50
41
42
14
28
20
22
29
44
18
42
39
47
10
46
14
 4
 3
38
 4
50
25
30
49
19
49
15
25
36
26
39
46
39
28
32
 5
26
38
44
19
36
49
32
47
37
20
20
32
11
 4
33
 6
48
24
33
38
