300
26
 3
13
48
32
33
17
14
11
 9
13
19
39
31
32
11
11
46
45
50
48
28
37
18
18
13
17
21
35
10
23
33
 5
12
 9
14
47
25
10
43
26
18
10
42
14
25
18
 9
 3
48
36
13
32
17
11
20
48
36
18
14
15
35
20
 1
 4
35
22
17
10
17
25
21
14
30
 6
 7
15
29
30
47
35
26
11
41
42
27
17
 9
 1
34
41
23
11
31
 4
15
37
33
14
18
 9
23
18
25
 7
 7
17
25
11
30
 6
13
50
39
34
23
 1
20
17
29
17
20
37
21
20
 7
25
36
17
34
14
 5
50
13
28
20
13
30
27
19
15
24
22
23
29
11
 1
24
26
17
32
35
 9
42
10
42
40
37
19
14
49
13
22
17
46
33
21
45
22
27
41
30
19
44
24
46
48
19
15
49
28
42
15
38
22
45
32
27
 7
12
43
 6
15
42
 6
 5
 8
17
43
17
30
11
34
29
11
 6
 9
15
50
35
45
25
29
36
10
19
11
 7
47
 4
26
36
 2
46
28
28
41
10
18
43
27
 6
49
 9
16
41
23
21
14
44
33
50
17
 5
15
17
 9
41
40
 2
48
10
 6
14
45
42
29
28
19
45
30
 9
29
 7
19
28
 1
49
14
35
45
29
44
16
25
33
15
 8
10
33
21
40
 2
26
21
17
18
19
50
11
50
49
 2
 8
38
 6
 4
11
25
 8
