250
32
45
37
50
20
13
45
19
29
45
 5
36
10
19
13
 3
18
 2
30
32
43
41
44
19
11
42
50
26
 2
19
26
35
37
 3
16
11
13
27
25
33
34
39
48
17
40
34
 5
43
 2
18
26
50
27
 8
33
22
38
23
13
13
 8
16
20
22
45
20
13
 9
43
33
49
47
29
11
45
26
23
34
34
22
32
21
44
39
42
11
33
11
16
41
32
 8
31
26
26
32
 8
44
 9
29
11
15
16
44
46
40
44
29
19
15
28
18
43
 5
 8
 5
15
 1
 7
45
25
 1
31
46
34
32
24
38
43
 7
 4
34
14
28
10
12
28
42
45
 1
33
45
32
42
31
22
11
29
43
30
11
23
24
25
18
 4
43
46
47
50
25
 4
50
21
 8
 5
19
48
12
46
36
24
12
20
34
21
 3
12
33
29
12
32
15
39
44
 1
25
19
29
16
31
 1
26
14
19
15
15
13
49
 3
29
30
 6
 1
48
36
36
33
42
10
20
18
 9
41
46
 6
18
15
17
31
41
37
29
17
11
31
21
47
48
19
28
22
25
38
48
13
14
21
11
14
14
36
45
48
 6
37
16
30
19
 1
