150
36
21
48
15
22
22
 9
14
18
10
46
33
45
34
35
12
28
42
24
 1
 9
37
38
19
39
32
30
38
36
29
47
15
44
17
 7
44
 6
 1
42
37
33
 8
48
 5
 2
34
13
 7
37
43
48
46
21
 9
25
 6
48
16
50
14
10
14
10
 9
37
46
29
30
22
37
24
40
 6
47
50
 8
49
33
16
13
22
39
11
15
 9
16
16
29
14
 7
34
38
25
39
10
42
 7
 3
 8
11
21
21
 3
13
11
 5
44
39
27
 3
42
29
 4
17
49
49
14
 2
48
 3
42
41
17
18
11
42
44
45
29
34
 1
28
14
29
34
19
12
 8
42
40
19
48
25
31
19
30
14
 9
19
39
