300
48
35
 2
21
 6
35
30
36
 5
31
30
 3
12
 1
48
12
11
46
21
31
21
38
34
28
49
 8
37
19
50
12
46
14
10
47
 7
12
19
 7
49
27
19
42
34
44
31
23
44
48
 1
 8
 8
23
30
28
21
14
36
41
12
45
39
43
14
41
 6
41
 3
22
21
29
40
 9
49
18
28
29
35
22
48
48
16
27
20
43
 3
10
15
10
27
36
 5
22
15
 2
39
24
27
 1
24
29
49
27
41
14
 9
41
32
31
13
20
23
30
34
 5
10
30
39
36
50
35
29
 5
20
21
18
50
39
 2
10
11
30
23
20
33
41
45
44
39
30
31
34
 2
 4
39
50
40
 5
31
35
10
 8
47
 5
10
13
50
13
49
 9
43
 1
20
13
 9
26
23
 1
 1
 9
 8
31
15
28
 6
23
45
47
48
17
 6
50
16
 8
11
17
28
26
40
27
42
45
32
27
41
36
 8
 5
39
16
15
 1
 9
11
28
 4
46
22
 7
25
27
12
30
18
 4
 6
34
35
18
37
16
48
 3
26
49
25
 8
50
28
42
 8
 1
16
48
50
49
22
28
42
40
22
43
25
42
44
37
44
46
15
10
42
10
 7
28
26
 8
33
 9
16
 9
35
48
20
29
 4
22
 6
31
38
35
 8
 7
33
 5
19
 8
39
34
15
 6
23
 3
 5
48
18
44
49
41
44
 5
43
17
34
45
30
 3
 4
 9
 2
39
12
