150
40
 2
31
48
17
 3
12
30
16
35
 6
25
45
25
19
45
41
34
33
 5
 1
 3
35
 5
16
50
21
45
38
 3
 7
28
 2
39
20
44
 7
44
50
 7
31
18
34
30
31
40
17
15
10
13
33
10
 2
46
48
28
43
35
30
10
16
49
50
 9
 6
25
38
22
25
 6
 9
30
31
38
32
44
22
 3
34
50
39
29
30
17
38
24
38
 7
41
38
 8
 4
48
 5
17
39
26
 4
29
36
19
16
 8
33
15
 4
49
50
40
46
45
22
48
44
50
29
39
40
 5
34
45
43
39
12
 8
 2
44
32
10
45
42
39
33
 1
28
11
11
48
44
30
15
28
15
 5
 9
 1
36
32
21
37
