200
17
19
43
10
14
15
24
22
41
14
10
 1
10
50
44
44
21
29
41
30
13
40
33
47
49
46
39
21
25
35
17
15
35
28
34
25
46
11
14
50
47
28
 3
19
48
38
24
16
16
 2
26
 5
13
 2
 6
42
41
35
 7
40
32
41
45
21
50
15
19
11
36
24
18
29
30
38
44
44
32
41
26
14
33
36
32
 2
15
 8
39
11
25
 8
16
20
14
 3
39
22
34
 6
44
25
 3
45
 2
 7
48
39
34
16
 8
 1
32
17
35
42
38
23
22
24
26
20
11
14
50
16
33
38
 7
13
 3
10
 5
32
32
50
33
17
15
13
 9
 1
 8
43
12
10
27
28
44
43
12
32
26
41
 3
29
28
19
34
 8
26
35
18
 1
 5
19
33
 9
 1
 5
 5
 1
27
22
 4
 7
37
16
41
33
36
31
13
48
 6
23
18
 2
29
50
34
48
32
31
 4
21
13
14
17
48
12
22
