200
43
43
35
12
48
27
48
35
46
 7
43
50
32
 6
22
41
42
45
32
19
 8
12
 6
 2
35
 9
50
 5
47
40
27
45
30
36
17
35
19
43
39
12
48
15
25
50
45
26
40
17
19
 7
27
23
22
 9
30
48
17
16
27
50
 5
40
40
17
26
24
 7
37
 5
13
29
12
31
 6
 1
29
10
18
38
20
26
 4
34
34
22
 6
27
13
32
47
27
 1
31
47
12
 1
13
46
23
50
49
49
35
46
45
43
47
22
30
12
31
33
38
42
 7
16
33
25
20
32
21
11
44
40
23
15
15
13
 1
42
 4
18
20
34
25
38
34
18
39
 4
38
 9
 6
 5
 4
13
23
22
37
 4
 5
14
30
18
21
36
29
17
12
28
48
 2
28
32
34
10
19
31
20
23
41
44
42
33
19
31
18
19
 5
28
49
30
30
 6
39
10
12
 2
23
24
17
42
40
12
 5
21
35
42
25
47
