250
22
20
14
 5
10
37
28
46
42
42
27
36
 8
24
 6
50
49
 9
43
42
49
33
43
14
 8
32
48
 4
 1
14
25
21
31
29
40
26
11
 4
50
33
39
 1
 4
38
27
16
 8
40
 9
18
 9
45
12
42
49
33
25
 6
20
29
41
 6
12
38
 9
26
41
14
 8
36
 9
47
10
20
48
46
45
47
17
16
40
27
31
10
35
 2
 2
20
50
12
46
20
44
 3
17
 3
41
49
32
35
11
48
 9
45
34
12
10
20
48
20
34
 7
44
18
50
10
40
14
23
17
35
23
37
29
42
32
28
31
33
41
21
38
50
43
41
19
15
48
34
32
 6
30
16
 7
45
14
 9
35
46
35
46
15
14
23
 2
20
11
 5
28
33
 9
21
30
38
38
34
14
44
39
26
11
38
44
10
20
10
17
45
40
40
30
33
50
37
28
 4
30
37
22
26
42
17
46
48
 7
31
28
 8
11
24
31
45
 8
11
24
 3
12
42
41
49
 7
14
38
11
 6
 3
 3
45
35
13
47
 8
44
27
42
21
27
28
42
 4
10
49
50
15
21
19
42
40
34
47
32
19
50
41
50
18
 2
 5
33
19
