200
25
13
35
16
30
36
44
37
40
22
33
30
 3
15
36
15
33
30
49
48
37
21
21
21
40
24
26
23
39
12
30
34
17
 1
42
34
26
14
 8
 2
22
12
33
46
33
45
12
19
22
50
43
18
46
41
50
 9
49
43
 2
24
27
41
47
15
42
16
38
23
41
43
33
50
16
 2
 1
48
49
11
34
 3
22
20
38
19
46
10
14
41
18
35
36
18
 2
10
24
26
36
 4
35
48
44
 9
44
15
21
46
26
 9
 2
 9
34
 5
45
18
48
 9
 1
 4
29
38
48
38
36
44
15
25
39
30
34
 7
44
46
12
36
22
 2
24
16
18
46
26
34
18
22
31
18
37
21
40
37
 2
23
50
 8
46
10
28
36
22
38
13
17
46
29
19
42
28
40
43
34
41
26
47
16
44
40
44
30
37
28
50
35
41
33
17
15
31
33
17
50
40
43
45
 8
29
17
36
47
17
18
