200
44
22
30
26
45
21
48
43
 6
22
39
43
23
 6
 9
47
18
22
 8
41
 6
31
42
 8
 6
20
30
 5
 5
11
19
 1
24
26
 6
15
 4
 1
17
49
21
20
41
40
17
 9
 7
19
41
10
40
16
12
48
 4
41
18
23
20
41
10
18
14
19
43
12
27
13
26
27
 8
38
 7
38
26
20
 3
 4
12
 1
45
 9
31
19
40
14
 6
31
26
47
22
17
15
35
47
31
34
44
45
44
10
28
45
39
12
12
 6
30
 6
37
47
36
15
45
19
19
35
17
32
10
18
43
33
41
44
30
39
 2
39
33
19
25
17
48
40
 9
26
21
42
35
16
34
12
13
17
48
32
11
22
40
40
39
 9
23
17
 8
35
37
41
22
49
36
47
46
33
44
43
12
 5
30
 1
12
48
19
37
41
48
 8
16
13
38
 1
35
17
 6
34
27
39
 2
 6
16
 6
29
17
41
39
44
26
37
15
