150
11
41
27
34
21
12
10
22
15
21
32
30
39
32
39
16
 7
14
21
34
39
13
39
50
35
50
50
26
31
 2
 3
49
44
25
43
40
20
38
23
14
12
31
46
17
39
48
 1
19
48
43
28
38
 7
41
13
28
10
 7
 2
41
26
 6
 4
37
11
28
29
40
 7
41
15
38
25
41
44
19
 5
25
25
10
 4
10
48
45
12
 6
26
48
27
32
13
37
13
 6
 9
23
 8
48
14
14
30
37
11
39
14
26
25
40
42
18
 3
26
24
39
44
45
47
14
27
 7
33
46
14
14
40
29
15
 8
20
 8
42
26
 7
31
13
35
31
 1
35
22
28
42
39
 1
28
48
23
 9
 5
 7
