250
16
25
42
31
28
21
14
21
10
20
50
21
27
25
18
22
41
16
 7
 1
23
47
 6
30
 9
30
41
17
37
 2
30
39
45
14
39
 7
23
38
21
50
50
38
39
42
38
30
48
34
 3
43
11
50
22
49
23
50
31
 2
49
50
22
27
25
11
35
42
48
44
23
25
19
34
46
45
12
30
50
39
10
48
46
28
30
 4
20
 3
13
31
21
46
37
 8
 7
42
 3
27
13
 7
37
25
33
 1
41
50
38
41
30
16
 8
36
17
42
 3
36
38
42
34
20
34
 3
13
30
19
34
25
 7
 6
 2
33
36
13
 2
49
18
 7
35
46
 8
21
40
 4
 7
26
49
16
24
 8
11
25
26
48
21
31
33
 5
47
27
16
31
 3
43
 7
36
18
43
27
39
46
 3
28
17
47
23
 5
23
 9
 7
 6
19
20
29
32
39
49
30
21
13
38
15
11
44
25
22
29
20
27
19
28
28
18
34
29
36
 8
29
10
 4
 1
43
39
 3
46
32
44
40
 6
26
 5
29
 7
48
33
30
20
41
10
14
 4
24
37
20
 6
10
44
31
16
15
21
12
14
20
31
28
46
45
 2
40
36
41
49
