250
34
17
24
41
28
21
 5
11
47
41
 6
23
 7
21
16
34
40
36
16
22
 4
 6
 7
16
48
21
 2
30
24
 6
13
13
11
23
41
11
28
50
 7
 1
23
18
14
13
27
32
43
28
45
46
23
37
21
15
29
16
38
23
34
30
 8
43
46
 4
 6
31
43
37
46
35
 3
49
24
48
25
38
35
14
35
24
10
 9
39
47
40
24
29
33
26
29
 4
 2
12
39
22
12
49
27
31
24
23
24
23
47
17
29
19
29
10
43
36
21
23
11
33
17
34
35
49
24
22
25
12
25
13
37
27
 4
33
47
25
 2
48
44
 7
40
19
27
47
11
11
 4
24
21
13
20
13
 6
37
38
36
10
13
21
42
15
31
32
17
21
43
 5
15
41
36
28
42
19
21
36
12
27
37
48
14
19
 5
18
37
46
29
17
42
33
14
31
34
33
50
38
50
11
41
19
47
35
13
15
23
45
45
18
 6
18
 2
31
44
15
20
38
48
41
19
26
17
24
35
16
14
26
29
46
20
29
 6
 4
49
50
 1
18
46
39
25
17
39
26
49
36
50
 5
21
10
32
39
42
13
 2
23
30
33
