300
46
43
39
25
12
39
 4
50
12
43
23
 6
 4
 5
37
12
18
47
 5
43
41
34
 4
31
48
35
 6
32
 5
45
20
28
17
50
45
 1
35
26
 6
 3
15
19
29
18
 1
 1
 8
12
 1
27
26
30
 6
 3
13
42
20
33
 4
35
 3
 3
 3
38
50
19
 7
31
36
25
20
46
 5
 5
31
14
12
12
49
41
 9
 5
39
41
38
 7
25
50
44
25
48
19
22
 1
 6
21
 4
 7
 3
 6
 5
31
44
10
20
29
23
28
19
48
 5
10
32
31
32
34
38
 8
38
 4
43
44
 8
40
48
34
11
48
35
26
30
20
49
 7
44
 6
13
49
23
39
17
19
37
21
25
39
30
42
44
37
 3
40
26
40
28
11
 1
26
14
20
 9
15
26
10
32
19
 7
50
 9
21
15
32
29
32
49
31
19
43
12
40
14
40
10
35
39
10
 3
 5
 6
50
31
21
21
17
27
36
46
44
23
45
16
22
38
30
38
45
23
40
21
 9
45
 6
47
13
13
42
17
21
 1
15
38
50
20
15
28
34
24
17
31
10
49
41
35
 2
36
17
36
48
34
42
36
 1
 9
46
 2
30
27
19
10
17
20
44
14
31
 4
37
49
 5
13
11
50
41
17
41
43
20
19
48
17
45
24
14
30
13
10
 7
 1
 1
30
15
43
29
35
20
28
45
10
13
28
 2
 6
34
 2
15
41
 7
50
43
 2
20
