300
47
 2
29
11
32
16
 8
39
11
12
 8
 1
17
 4
 5
29
37
25
39
41
24
23
39
44
 7
45
24
14
21
50
37
34
30
 9
17
32
35
17
32
 8
23
40
33
20
34
38
34
35
 7
 5
24
44
 5
30
 5
35
20
10
19
27
32
14
15
39
18
29
12
49
25
16
42
44
44
40
47
48
19
 9
50
39
 6
17
10
 7
12
49
31
45
25
40
 2
 7
23
13
 3
45
 9
12
 1
36
 4
35
49
43
 8
22
38
 4
 9
 1
23
14
 8
 8
36
15
10
24
40
29
15
16
41
16
10
34
20
29
28
26
45
 8
 2
26
40
36
 1
18
 8
30
21
39
46
43
24
29
48
29
11
33
27
16
43
12
43
 6
42
13
29
 9
42
 3
 4
19
10
 7
50
 3
15
20
 2
 9
30
15
31
47
15
30
24
33
37
34
20
41
44
41
 4
 8
 8
34
41
13
 3
39
46
 2
13
12
17
35
 2
 6
13
46
44
23
10
22
34
 4
50
 1
 3
 5
 3
49
27
29
 2
40
30
29
11
22
36
16
 2
 9
44
41
 1
43
34
 1
23
22
45
37
34
39
29
34
26
18
22
50
44
41
32
35
36
43
19
32
50
27
43
13
14
 1
25
29
48
 2
34
13
18
 8
12
29
 8
25
43
30
26
 6
32
12
16
43
25
15
43
 1
38
39
 9
40
25
 6
38
47
28
 2
 6
39
29
32
34
34
