300
23
 6
47
13
16
37
42
15
25
17
44
21
42
11
43
14
33
 6
 6
 8
30
36
33
34
13
41
13
10
20
41
35
36
 1
22
35
33
 5
36
19
36
 4
18
16
38
40
16
21
43
22
39
15
18
47
44
23
30
49
42
 3
28
 6
50
29
43
46
27
16
 5
43
24
 7
49
16
25
19
12
34
34
10
22
46
15
42
 3
19
 2
27
48
41
20
14
37
31
41
 7
32
 3
11
 5
33
26
35
24
 1
24
 5
41
14
37
 4
 5
49
45
 4
10
29
32
14
36
13
35
 3
47
28
27
20
11
16
25
 2
33
16
14
22
27
47
35
 6
43
38
 3
44
15
13
24
21
14
 5
14
31
22
25
17
13
22
34
42
40
36
30
12
 5
39
21
41
49
25
18
 3
46
37
 6
20
11
21
14
14
48
18
31
 9
33
15
27
23
24
28
44
15
19
33
17
28
42
31
49
39
16
35
49
11
20
40
39
50
40
42
23
 7
29
 6
16
 2
36
45
35
33
 8
27
21
17
29
 6
28
30
37
19
29
18
19
17
20
18
25
38
26
15
31
32
20
23
14
32
 8
10
20
45
21
35
35
11
 3
43
34
 9
22
 1
 8
14
29
30
22
 9
30
26
23
37
36
39
20
31
40
29
29
 1
 8
41
47
 4
29
31
42
49
49
37
20
17
12
22
43
35
41
43
 3
 1
 4
20
25
12
38
