300
35
31
43
 3
34
35
 4
32
 3
46
45
47
42
16
18
21
10
 1
 6
 9
 4
15
32
43
50
17
44
49
29
41
49
16
12
18
 4
25
33
 3
 6
21
45
23
16
28
23
34
29
49
22
17
33
 5
17
19
11
37
29
 3
 4
11
42
35
21
 8
38
32
45
33
41
 2
12
30
 8
15
50
17
21
13
16
42
 2
12
19
 3
 5
 5
13
19
24
17
29
11
26
42
22
37
29
37
 8
17
10
39
37
 1
44
38
37
10
35
 9
50
11
18
19
 6
48
27
 6
23
 9
16
38
15
 2
35
19
23
43
48
 6
 8
12
19
28
 2
13
 2
42
33
48
28
47
22
39
 9
37
30
23
33
24
14
14
33
36
46
25
19
22
19
 6
16
14
46
38
28
22
32
39
21
11
31
 7
22
 9
30
49
48
 2
41
25
40
24
44
38
32
23
25
27
26
36
22
25
33
19
10
40
 6
20
16
11
 5
27
11
24
37
20
36
 9
12
 9
47
50
20
24
39
21
46
19
23
16
13
 1
16
47
46
10
 8
 9
18
36
 3
11
19
20
 4
24
 3
15
41
20
29
24
18
41
30
39
32
44
19
14
20
21
15
31
20
19
41
25
32
 3
38
37
41
36
40
36
50
 6
42
26
17
31
38
25
42
11
47
31
23
50
28
11
26
44
13
48
 5
36
 9
18
29
23
39
50
50
38
 6
38
19
47
