250
22
48
26
16
31
44
32
 9
23
11
24
11
21
38
23
22
36
44
18
27
25
17
27
35
 1
38
13
48
29
14
18
42
32
 8
 6
40
 5
 1
32
33
 2
35
27
45
48
 2
47
 8
47
 2
20
48
45
26
40
 8
35
17
 7
34
33
10
43
21
38
25
46
 1
46
31
33
14
37
11
27
46
12
 8
10
28
45
18
29
34
47
36
15
26
17
 3
 5
38
 5
 3
 6
42
17
 5
10
22
43
 6
 4
 2
32
 7
20
 4
26
 2
18
 1
30
20
13
27
21
45
28
 2
40
16
 8
 9
36
28
10
13
 9
40
 1
42
49
28
42
14
32
27
19
30
 6
11
33
19
14
47
25
40
33
45
38
30
35
26
48
40
28
 3
41
44
13
36
39
18
45
33
39
13
46
 8
43
29
40
43
 1
 2
18
20
 6
13
25
48
13
24
18
18
29
28
12
31
23
26
 9
50
34
37
39
 2
35
 1
 6
33
 1
10
20
 8
 6
 5
13
31
32
 5
39
25
 1
 5
13
42
40
28
13
24
49
21
 4
36
13
19
15
36
40
19
46
 2
13
23
36
46
 1
29
44
15
33
 5
 6
50
23
22
 7
29
