150
 5
17
41
14
38
43
33
16
50
 7
49
 5
40
19
33
44
 5
37
 8
 3
31
27
50
 4
27
28
16
25
21
46
 9
 6
 1
47
30
 1
43
28
50
19
20
10
41
 9
50
43
31
 7
27
 1
38
10
 7
31
12
47
23
26
 2
46
 4
15
23
36
48
22
38
27
31
 4
35
31
46
 5
22
39
50
22
45
37
 5
20
37
48
35
41
20
40
18
18
 1
35
12
 5
35
12
44
27
42
36
 7
28
16
 6
24
34
 5
 2
35
37
49
10
41
 5
31
 1
17
20
26
35
42
41
38
23
39
32
28
43
36
33
45
42
13
35
15
34
32
16
29
14
41
11
34
48
33
43
21
41
35
 5
