250
 4
 4
16
10
15
19
38
14
34
12
 3
17
20
50
13
26
 1
44
31
14
12
29
10
45
48
 3
35
 4
40
30
18
47
 9
22
42
40
18
22
 8
25
50
27
20
22
21
23
23
46
 9
21
48
 1
36
31
48
34
27
22
45
27
11
11
11
 8
36
19
 1
50
43
38
16
 2
18
19
41
21
49
32
44
 9
20
 1
 2
37
38
47
31
20
43
47
44
42
40
21
37
14
25
36
33
15
 3
49
35
24
23
44
46
20
13
40
38
46
16
20
14
24
23
22
34
17
45
48
14
32
37
 7
29
 8
27
50
 7
11
 2
40
45
38
35
34
16
46
 6
45
11
27
10
39
49
10
 5
 1
28
 4
 7
36
48
43
31
40
47
14
10
36
13
46
10
24
40
40
10
14
 4
21
29
 6
47
29
26
 6
30
25
14
28
43
25
 3
12
15
 8
37
15
50
 7
27
 5
13
 6
 2
48
 8
23
40
46
14
32
25
24
 4
25
34
28
14
50
35
25
11
42
10
 4
13
40
 8
19
34
41
38
 8
23
46
22
41
32
31
38
 1
39
36
41
 2
10
35
43
20
29
13
40
 5
34
45
 8
41
