250
 5
 9
27
45
 7
38
30
48
31
23
34
19
11
41
 4
44
44
27
30
32
49
33
25
14
13
16
45
41
35
17
32
22
19
40
48
29
36
16
42
14
 1
18
22
41
27
22
25
38
32
41
33
47
37
 2
15
14
48
19
27
18
44
29
13
 2
46
32
42
31
27
 2
34
29
 1
39
 9
 5
15
28
28
10
43
10
11
 8
15
11
47
10
18
36
44
12
 9
 2
15
15
 6
22
 8
35
32
44
34
 1
32
22
17
19
25
 4
44
 6
17
23
 4
39
 1
41
45
35
50
40
22
47
19
41
19
35
 3
21
23
18
41
49
50
35
36
 8
32
 8
25
14
16
10
40
11
41
39
 7
23
29
 3
 9
 6
19
47
43
 6
14
32
10
14
42
40
50
13
49
38
 3
13
46
11
22
17
13
50
10
12
18
35
23
36
17
12
46
23
 1
18
39
34
19
13
41
24
47
29
33
26
41
48
28
42
17
32
26
 8
33
 7
15
21
39
33
14
10
31
 4
 3
33
47
48
 1
33
10
46
26
 2
32
41
44
29
36
 1
11
10
13
11
15
44
38
25
47
42
38
43
15
37
29
27
 2
21
