300
34
18
25
49
18
43
30
16
16
21
15
46
28
23
15
 6
15
49
21
16
31
29
 6
44
31
45
30
50
19
48
 5
22
 4
30
36
31
30
39
 6
47
47
33
 7
32
33
22
 2
33
33
42
 5
14
15
29
30
37
17
30
35
21
44
34
33
45
48
22
32
35
26
41
36
14
10
15
 4
25
 3
29
 8
47
23
 4
50
15
49
12
24
14
39
50
23
 7
40
38
16
18
38
 3
14
38
44
50
47
22
35
40
40
48
33
36
37
26
11
12
46
28
41
 2
 9
16
15
12
13
27
32
26
14
22
41
22
43
11
 8
44
 6
50
11
32
35
28
44
48
16
37
36
28
 1
13
 4
 2
28
27
 8
24
30
18
 7
44
14
45
48
 3
11
25
32
38
32
 1
 4
29
49
36
 5
19
37
39
47
11
44
11
38
 3
43
34
41
40
48
29
31
 4
 4
32
17
24
18
17
24
45
29
17
29
37
23
30
46
36
48
47
21
21
25
31
13
23
36
20
32
46
13
49
30
 3
 5
20
29
23
14
43
24
23
 6
15
 7
26
22
27
 7
19
34
18
31
33
12
 8
36
32
23
 2
26
32
24
39
 9
15
33
34
47
10
16
32
48
18
40
 3
26
48
46
 2
40
37
49
34
45
33
43
21
31
13
44
11
32
49
32
36
35
 1
30
26
11
24
 2
 7
38
39
31
48
47
24
17
 2
