300
39
50
47
48
33
50
43
20
33
21
34
30
 5
14
25
40
11
 6
50
12
40
36
 1
38
12
 8
21
47
 5
 7
23
42
 3
13
 3
21
17
33
 6
21
27
33
15
36
 3
35
 6
18
22
50
35
23
20
44
 3
12
27
49
28
49
 4
30
21
 8
27
50
30
44
15
33
31
48
29
19
 5
 6
13
24
18
11
39
40
23
28
33
37
43
34
28
35
31
25
11
43
29
16
41
15
50
35
13
26
24
16
22
 3
34
24
35
 5
50
 4
35
43
39
26
15
15
33
25
15
37
49
 7
38
13
29
 2
 6
 5
43
49
47
32
39
14
10
20
18
33
13
36
24
12
21
 8
14
21
49
 8
22
45
36
 5
47
14
34
 4
 5
21
39
50
38
 3
28
 9
35
23
29
38
 8
 2
 5
 4
36
50
25
49
46
21
26
48
32
25
30
25
13
44
30
11
25
25
 7
16
39
36
33
28
43
13
27
25
12
 5
12
47
47
50
16
12
 5
13
34
44
33
42
36
47
37
49
12
46
12
47
37
15
14
45
43
23
45
11
11
31
20
39
15
17
 8
22
27
25
29
21
39
40
36
 8
48
39
15
40
 5
19
29
38
47
41
20
17
40
29
11
36
19
39
47
26
 2
16
22
49
18
 2
 9
46
18
31
17
46
45
48
25
36
32
42
36
29
39
39
35
47
49
18
45
31
48
11
39
49
