250
 5
43
 9
27
28
 2
45
31
27
50
17
42
38
12
 7
41
45
47
33
 9
24
49
 3
26
30
43
37
28
40
 6
19
17
24
 7
40
18
45
22
 4
29
35
 7
 6
 5
38
22
28
11
19
 5
 4
 8
 9
34
 2
20
 1
31
22
33
21
31
26
24
20
17
33
 5
 6
 6
34
 3
10
40
24
 1
25
30
18
44
 5
36
11
40
 4
27
13
43
 2
50
31
 7
33
21
31
35
33
49
13
36
44
30
23
50
42
13
31
31
28
17
49
17
15
24
16
49
 8
50
34
32
45
47
13
26
32
12
34
14
17
 3
43
 1
 4
41
45
38
13
14
31
36
16
42
29
13
 9
11
49
19
 9
37
32
41
19
 8
 6
46
39
24
 1
49
32
19
 7
27
20
49
26
10
17
35
23
12
37
48
20
 8
20
46
11
39
27
 7
29
16
41
 8
30
 7
15
43
21
50
36
48
21
16
12
30
34
 1
11
15
 3
46
40
29
36
31
45
15
 5
28
43
10
13
30
 5
21
27
25
36
49
20
19
32
24
40
13
 8
40
31
 2
30
26
27
36
41
10
29
39
27
 3
37
37
32
30
13
45
 4
49
