150
37
14
19
 7
45
 7
25
35
46
14
45
48
45
22
 6
44
31
38
47
12
47
29
21
47
13
 7
10
 3
30
42
 7
21
20
19
16
42
49
15
 7
27
20
39
23
27
 9
32
10
 5
17
38
 5
25
46
34
17
34
50
23
48
49
36
28
35
15
23
23
36
32
43
12
30
17
37
14
 2
10
 1
11
 5
28
34
18
49
39
36
34
41
 1
 8
50
41
15
37
12
48
47
12
 2
19
 4
40
50
48
49
35
 6
33
19
22
19
 3
50
38
33
 1
11
14
18
24
31
14
42
27
32
48
45
 3
20
33
42
23
21
46
48
35
23
19
 1
23
45
48
32
21
10
31
 3
 4
34
49
45
