250
27
38
 3
30
39
13
22
 1
26
48
39
23
41
41
29
45
10
 4
 1
24
34
47
17
27
48
48
39
45
45
19
20
27
38
18
25
25
11
17
 6
18
43
43
36
 2
23
30
21
 7
14
48
 1
47
33
32
20
30
16
 3
33
43
24
50
 2
21
37
 6
40
44
22
34
44
 4
11
41
38
45
13
26
27
46
 5
19
37
50
48
19
 9
39
10
30
16
21
29
50
27
 7
 6
 3
 6
45
19
35
38
39
26
 1
48
36
 1
21
30
45
33
47
26
17
 1
31
43
47
46
19
46
19
23
15
11
35
27
18
38
38
36
47
49
32
16
45
 6
25
42
35
 5
48
48
17
18
48
34
33
18
12
50
34
37
47
42
16
41
16
39
50
31
31
41
 3
16
 7
30
28
 9
28
18
38
23
 2
39
44
20
28
27
28
15
41
44
43
 4
27
42
30
 6
12
30
38
41
13
21
46
37
38
 5
 3
48
27
 9
11
32
36
29
25
37
33
43
29
21
44
30
11
 2
15
30
 8
48
17
41
30
 3
40
21
 8
 9
31
32
 9
11
16
32
26
10
26
30
 5
50
13
 3
37
 4
24
 1
40
