200
 6
20
44
37
22
17
24
12
 1
50
 3
24
26
20
42
41
34
10
12
37
21
25
 6
22
22
15
49
43
43
 5
 8
28
26
13
31
48
43
28
40
 3
39
 3
32
35
17
46
28
37
 6
10
14
49
40
11
43
48
42
26
20
10
20
17
42
45
31
 4
 9
25
 3
42
20
31
19
49
30
28
43
21
25
28
50
 3
44
23
40
 5
21
29
13
15
27
42
 6
30
43
34
18
39
45
 1
33
37
 5
31
18
45
 3
18
26
 8
23
15
38
23
25
20
13
30
38
38
49
24
33
37
24
33
27
 2
29
 7
17
13
26
33
 3
33
44
45
14
46
39
26
17
41
 1
35
33
23
 2
26
14
 8
16
 6
18
44
42
18
33
12
33
20
31
25
32
26
12
 8
31
34
10
30
44
 5
21
38
11
 7
26
41
 4
35
41
28
 3
29
30
42
36
39
33
 1
13
31
19
 6
20
32
48
12
