150
15
12
14
25
21
35
38
 8
26
29
37
19
35
46
19
10
12
48
15
46
 8
30
45
18
33
26
 9
50
43
43
 9
25
45
40
14
 8
 9
30
 8
 6
13
35
30
37
26
17
40
48
 3
30
15
47
 7
34
 4
 8
 4
13
49
22
42
18
24
23
23
17
15
14
 1
13
20
39
22
 3
41
 8
35
 6
14
35
17
 1
40
 2
28
13
 3
50
42
 3
35
 8
49
40
21
40
22
 1
17
47
20
14
15
32
44
50
28
42
21
33
20
28
24
45
19
 3
18
17
18
14
38
34
35
25
27
43
33
31
 8
17
22
 4
34
20
16
29
31
24
23
42
17
35
39
43
37
41
18
48
 1
10
