300
41
43
 9
35
44
 4
34
50
37
37
39
 1
48
31
12
 7
25
18
47
47
45
23
38
41
21
27
44
41
27
24
18
50
43
48
20
24
32
10
 4
17
50
35
29
42
27
37
20
46
45
50
27
16
48
 5
25
33
 1
 6
49
41
38
11
19
48
14
 1
 4
49
30
43
12
48
13
16
29
43
38
 3
16
20
44
25
39
43
43
46
46
44
 1
26
41
12
34
25
40
16
20
28
12
49
23
17
50
11
34
34
 3
33
20
30
47
18
28
38
17
11
28
18
22
25
18
 4
35
35
22
 6
20
16
39
20
48
 8
11
22
30
31
16
25
50
 7
 9
 4
 5
20
15
41
33
15
37
37
 8
41
23
10
17
28
31
31
10
45
44
14
34
25
41
 4
33
21
36
 7
39
28
 2
41
26
47
 1
43
15
37
44
21
25
41
22
47
41
18
 9
43
26
14
22
18
31
50
31
36
 8
35
39
17
14
 3
26
23
 5
13
 7
30
 6
36
35
37
20
20
26
29
50
39
43
48
 4
37
48
 1
 3
19
18
 7
28
 9
25
49
15
25
15
34
 6
35
 3
25
35
 6
 6
15
23
26
45
24
36
 1
18
36
50
20
32
33
14
23
47
25
32
 6
42
23
21
35
18
 2
26
21
35
26
 5
24
36
 1
34
50
16
27
48
33
12
46
 7
42
24
16
35
29
 6
11
31
25
 2
33
50
25
