250
37
 1
32
10
34
 6
35
 5
 4
22
 2
16
23
 4
20
 8
 5
17
 7
20
49
15
50
37
21
12
34
38
46
28
49
49
22
37
34
 7
19
38
49
47
32
34
25
14
19
37
 2
36
13
47
41
36
47
18
19
24
29
 4
31
33
25
46
20
25
 4
38
 7
16
11
 6
14
 7
25
 3
29
32
38
32
43
26
44
43
30
 8
14
11
36
35
18
17
25
41
44
22
42
 7
 8
32
35
 2
37
12
32
 2
48
27
36
 9
44
30
32
45
 4
 2
 2
22
38
32
22
29
14
41
33
37
22
28
11
 6
25
28
50
23
23
 7
45
35
24
 6
41
37
 8
 3
33
36
31
44
47
37
27
12
19
41
44
18
27
 2
20
37
23
27
 3
48
 7
40
22
24
26
21
41
38
39
 5
32
20
24
11
24
16
32
 5
45
33
37
28
39
38
45
41
30
15
10
43
22
48
12
24
15
43
 8
11
30
 5
30
36
12
33
 8
27
 8
32
38
13
43
45
26
40
27
 3
30
37
 3
32
26
25
23
49
45
35
28
48
 5
19
 2
20
34
49
25
12
23
44
20
36
37
11
 4
26
17
49
 1
21
