200
12
31
 5
 1
26
22
33
26
35
13
 1
18
47
 7
11
16
15
38
35
27
28
 1
45
44
 8
19
25
 5
45
44
27
 5
15
14
41
48
 8
43
13
29
43
22
35
19
44
31
15
38
45
 2
29
 9
39
 3
39
 2
37
16
30
37
49
43
34
32
35
34
44
15
39
 4
16
42
36
 8
 3
21
31
37
44
28
22
18
40
24
16
 7
 9
24
 4
27
50
42
45
27
31
27
21
29
 5
35
 2
30
35
42
13
49
 1
14
 3
30
25
43
 5
 8
10
39
24
39
43
39
31
30
31
36
 9
10
24
32
 3
 5
17
20
27
37
35
 8
37
19
43
 7
34
10
 8
15
12
26
35
39
39
28
13
33
35
49
41
39
13
18
 3
48
 5
14
31
 3
 4
46
50
33
13
42
32
 3
 9
 1
27
12
38
26
29
21
 2
 2
14
49
25
44
33
36
23
29
14
15
46
44
 8
26
 3
26
34
13
