250
26
10
46
48
 5
16
13
25
27
43
32
19
22
 6
34
27
23
39
43
44
43
23
10
19
 2
 2
20
18
50
50
22
43
 3
 2
44
35
18
29
 3
23
48
17
 5
45
46
 8
33
16
26
33
47
22
16
18
20
17
39
 5
 4
25
29
37
 2
12
34
46
37
40
32
50
 7
42
48
11
 5
37
 2
10
47
15
 4
 9
 1
 1
36
19
 1
45
29
 1
28
30
34
20
 6
21
43
34
23
44
32
34
28
22
48
10
 2
17
34
 5
41
49
16
38
34
39
28
49
13
 5
30
37
37
15
19
12
22
42
11
31
47
41
40
 6
29
35
29
24
41
38
 6
24
26
27
13
49
50
34
44
20
40
39
 4
36
10
25
 7
47
36
 5
39
27
44
27
16
33
15
49
 3
38
47
 2
33
26
41
23
31
25
22
44
34
37
26
13
34
43
 1
18
12
20
 7
47
49
37
32
10
36
25
23
36
 4
42
39
12
 6
23
20
10
24
43
27
49
36
11
31
15
37
11
10
21
10
32
45
23
13
17
 4
36
31
27
31
15
 2
17
11
 1
46
 2
41
10
50
38
 7
35
 7
28
 6
12
38
 1
