300
29
49
11
47
14
29
17
 6
25
16
 5
 4
43
41
34
37
44
42
39
18
15
45
50
32
32
25
12
49
28
 5
31
 6
29
17
17
 9
32
27
25
 2
31
49
 4
 6
22
41
44
12
44
32
36
38
41
39
44
34
18
48
41
 8
20
11
41
42
25
38
21
28
17
14
34
34
49
48
39
43
 9
24
46
15
11
22
49
28
26
 5
20
 3
30
 7
12
 1
37
26
28
50
 7
 9
27
47
14
40
26
29
32
34
18
 5
23
34
33
 4
17
20
23
48
41
 7
31
16
 2
44
41
37
37
27
19
48
47
34
27
15
 3
16
36
25
26
37
 1
21
15
46
23
11
12
18
12
21
34
42
11
18
11
36
32
18
12
 6
34
45
24
25
32
 5
18
 4
38
18
24
24
14
48
45
20
16
 4
25
38
36
23
16
36
 2
 2
13
19
 4
17
10
36
 7
40
15
32
25
32
10
 2
 2
23
13
41
24
13
 4
45
48
30
29
 4
38
37
 7
19
46
30
11
34
35
35
43
 8
11
 8
 4
35
40
18
40
32
41
35
42
19
34
 3
24
43
12
41
 9
20
44
24
 8
31
20
41
16
 2
 1
43
 3
10
40
28
11
31
31
42
28
24
 3
36
35
20
48
44
 4
18
36
30
25
 7
36
15
12
34
 8
28
18
25
37
21
 6
30
38
41
28
44
40
20
43
50
 4
16
16
40
40
19
