300
23
29
 7
17
21
39
10
 3
31
17
15
12
28
16
 2
34
 8
42
 9
10
26
10
28
 7
26
47
15
19
34
35
25
21
37
49
40
17
34
43
29
35
13
 5
26
19
36
13
31
33
17
25
 6
15
21
18
 9
33
50
14
20
37
19
24
26
44
 4
12
10
13
 3
 5
41
38
25
20
22
26
45
42
28
 1
45
12
31
21
36
37
46
48
30
24
 7
31
28
27
14
29
 4
42
 5
34
36
31
10
28
 7
40
25
 7
 5
45
23
32
39
21
50
44
34
 9
 6
29
40
31
22
44
29
16
16
 1
31
 4
31
16
32
49
36
11
31
45
43
49
22
 4
46
27
 4
41
44
 6
20
 8
41
29
12
19
 3
 1
21
27
34
 3
 8
24
 1
20
36
47
 4
36
48
41
38
24
13
40
12
28
29
38
35
 6
44
26
39
23
28
42
18
43
27
46
 2
41
34
13
26
45
 2
17
24
 7
35
 8
 7
15
26
 5
42
14
 6
30
47
14
36
33
10
12
32
49
26
25
47
24
 7
22
19
 9
25
32
19
44
38
 1
31
35
17
11
35
33
10
26
31
15
23
43
 3
18
14
20
22
38
 4
19
48
27
25
15
20
 6
50
32
46
18
41
 7
36
14
 7
25
45
 9
 8
42
 8
43
25
26
44
17
32
11
50
40
34
29
20
21
50
11
38
42
40
48
41
25
34
50
29
31
49
26
