300
31
10
30
30
 5
49
47
 1
25
18
30
10
 4
 7
42
 9
32
21
20
24
24
21
24
17
28
36
31
22
16
20
 8
 2
 9
20
15
49
17
49
33
44
48
 5
 5
14
37
15
38
33
 5
18
22
49
 1
21
16
47
 7
37
 9
10
14
35
11
26
 1
32
42
 3
 6
40
48
49
 9
35
26
 7
41
14
49
11
45
23
16
39
35
 2
50
 4
30
40
12
23
15
47
39
31
47
47
19
28
32
22
37
44
17
13
39
28
19
24
36
20
14
35
 9
14
35
38
12
16
28
 3
22
34
35
27
26
10
18
33
 4
40
47
11
46
17
 5
41
40
43
 4
24
47
44
22
 4
29
47
32
33
 8
10
 7
41
39
48
37
49
29
 2
13
37
45
40
35
36
40
23
20
39
32
23
36
28
14
 6
 6
44
 7
24
22
47
13
12
19
42
13
 4
28
49
 9
35
 4
39
22
23
37
10
25
17
18
41
17
33
37
48
43
 2
13
19
13
46
47
13
25
44
28
40
 1
 6
26
15
14
26
16
 5
39
42
25
47
37
 2
21
49
37
38
40
48
 5
42
21
25
13
30
24
 2
26
 2
43
 1
12
21
 9
 1
 8
33
44
44
 2
19
29
38
 3
13
42
43
19
19
 4
36
43
49
17
40
34
12
50
18
17
35
32
24
 8
37
20
 9
14
41
50
19
35
39
47
13
19
20
40
 7
43
43
