250
 3
47
50
22
 4
49
15
23
43
16
12
50
40
36
26
12
 1
31
21
36
 5
 8
50
31
31
20
 6
23
49
 4
29
43
49
22
16
47
 3
28
35
 4
11
33
47
 4
13
30
20
28
25
30
37
 7
 6
39
 7
37
36
16
48
30
31
27
49
24
13
 4
 7
12
41
10
22
 7
10
33
 9
30
49
 1
 2
10
44
44
17
22
14
48
 3
 8
19
10
10
47
45
17
17
24
17
42
22
19
30
23
23
42
 9
23
47
40
 6
46
20
44
 2
 2
 4
 9
35
14
 9
38
19
25
19
42
 7
42
36
40
26
26
18
 4
 9
30
16
23
 2
18
 4
26
29
 4
17
27
46
19
 3
 9
34
 8
42
40
14
39
36
48
25
 9
 5
20
36
33
13
19
50
21
 6
 7
 1
27
 2
13
31
21
28
 6
25
 8
13
48
 9
 4
10
38
17
 2
44
17
23
 3
32
11
50
20
21
28
13
46
 8
38
35
13
41
45
 2
50
37
27
27
47
12
17
14
22
 5
23
12
25
41
32
44
30
 5
10
 6
12
 3
47
10
40
50
24
26
29
50
44
44
17
19
37
 8
45
24
22
 4
19
25
 4
33
24
