250
32
 7
26
40
49
 1
46
 5
 4
36
47
11
 1
31
18
20
30
17
20
36
33
13
32
 3
26
40
46
48
27
23
21
41
22
15
32
43
 2
15
27
10
30
20
17
29
50
42
38
17
26
33
29
22
49
50
34
17
29
27
13
47
49
18
43
46
49
 6
 5
 7
15
 2
21
26
 5
32
27
34
26
32
47
20
19
31
44
45
32
24
37
29
43
28
43
29
 5
37
34
38
23
33
34
23
34
14
39
11
19
26
25
50
30
19
19
 4
41
26
42
37
21
11
44
19
34
14
16
47
26
35
48
16
42
10
29
 1
 9
47
46
 2
42
23
 5
41
28
34
37
19
32
16
49
42
17
17
44
27
 9
 3
48
44
 9
36
26
49
43
36
 4
14
38
35
40
42
18
 8
36
46
11
 7
17
40
31
17
30
23
14
32
31
34
 3
49
 8
21
 9
13
27
30
29
42
40
 2
33
21
 7
30
 5
31
 8
45
18
16
30
48
19
 9
 2
23
39
41
33
42
47
34
36
 2
46
 2
 1
12
41
25
39
20
14
50
39
25
41
46
25
23
32
41
48
30
 4
 4
 4
36
23
13
 1
46
31
 8
