300
43
38
29
 3
24
 3
10
11
22
13
41
15
32
33
31
22
34
 9
10
29
28
 2
39
23
14
37
44
11
 7
40
19
 5
47
13
32
33
25
31
34
31
17
43
13
39
14
19
 9
47
44
20
 2
46
32
12
27
36
33
36
18
42
14
32
32
46
28
21
25
 1
50
49
17
30
20
48
 8
26
14
47
 8
35
46
 9
31
49
26
 9
41
13
39
 1
39
33
48
 4
34
 4
41
 8
28
24
14
23
28
28
50
 8
20
14
 4
38
12
19
38
 2
22
37
22
22
23
 6
 6
31
16
 1
11
48
 6
30
19
34
35
49
 8
 7
 5
16
 3
39
15
 2
 7
 8
28
 5
 4
11
 2
49
 7
 7
24
31
 6
 3
18
 3
24
40
12
 3
36
42
46
46
17
31
41
27
 9
22
13
26
50
38
13
26
31
27
 5
32
16
40
46
23
20
33
49
41
12
 4
22
 9
18
40
40
 4
 5
31
48
 1
 4
17
15
13
11
46
33
18
13
42
15
 9
27
27
43
10
43
48
31
18
15
13
 7
19
15
 3
22
24
32
 1
22
 3
 2
37
14
48
43
13
 2
11
 4
44
 2
39
29
 8
38
27
44
44
 8
48
34
21
10
49
37
20
31
47
37
41
32
21
15
 9
38
25
10
 1
22
 5
24
25
 7
44
41
 3
45
47
23
45
 5
38
32
 2
11
24
24
13
 9
22
49
45
16
16
33
 7
33
 7
