200
23
13
 7
40
48
22
28
42
35
 1
 3
43
45
 3
40
47
 1
12
23
 2
39
26
16
 1
31
37
13
25
32
18
18
21
26
23
16
 7
18
27
47
47
14
47
 8
41
20
12
42
44
33
26
10
29
33
24
42
16
20
35
32
38
37
31
 4
42
 3
 6
45
16
46
22
 2
36
22
 3
11
41
44
36
26
 2
38
34
20
32
14
35
39
 1
48
45
44
34
46
40
48
42
20
10
26
24
20
28
 4
11
22
 5
34
20
 1
49
 3
 4
18
47
 5
28
 2
43
48
44
32
31
21
33
 6
39
 5
12
38
29
49
42
28
49
 4
19
22
33
20
24
 3
 3
10
42
41
44
38
28
14
23
29
11
38
11
42
28
47
 6
34
13
42
43
35
43
15
38
 4
10
42
38
15
25
27
14
32
49
16
21
45
11
42
35
26
 5
 8
50
21
 6
 5
17
17
48
17
28
12
 5
24
11
 8
27
