200
42
 6
44
22
27
14
45
30
16
39
 6
 1
16
47
30
25
19
25
 2
 5
22
34
27
16
42
 3
16
32
 6
37
35
11
33
19
36
48
28
29
31
10
 6
27
33
31
28
 5
24
44
43
 6
38
48
 3
31
10
24
19
16
25
45
31
 3
44
 2
31
29
43
29
47
 1
39
15
20
20
39
33
 7
24
13
47
34
46
16
14
13
19
 9
24
11
29
46
47
26
 1
47
15
43
18
43
 6
 4
 2
43
14
50
38
24
 6
30
12
22
37
41
28
30
22
15
12
22
43
32
 8
32
43
48
48
26
25
39
18
49
47
 9
 6
50
 8
46
33
41
46
39
22
44
41
 4
14
31
17
 5
40
 2
46
20
40
35
47
38
 4
 1
28
 1
25
31
21
 2
14
25
47
25
21
46
11
 1
10
 9
46
30
 2
37
 2
 1
31
20
44
29
 8
29
28
41
50
47
13
24
35
23
27
19
48
34
28
