200
24
 1
22
10
 3
30
43
12
35
38
41
19
35
 3
43
45
43
36
32
 3
21
24
10
40
 6
25
25
35
24
24
13
37
25
20
13
41
 4
18
25
32
30
 4
21
13
36
44
12
12
17
 5
40
23
10
27
13
40
19
32
42
41
12
38
46
21
44
39
29
 2
 6
 7
31
 1
31
 4
48
43
11
16
35
11
17
33
50
39
14
16
39
49
 7
30
37
45
13
29
39
32
31
16
34
32
21
37
15
23
 5
16
36
33
29
 3
38
29
50
40
 9
18
43
44
 8
21
42
43
14
18
30
31
26
27
 3
 2
 9
10
36
 3
40
23
47
47
24
30
42
43
31
 6
 1
10
35
17
13
 9
 2
 5
27
27
26
17
42
44
46
33
47
30
 5
37
18
34
 1
36
29
50
36
38
 8
48
11
39
50
13
32
19
41
32
48
39
21
21
14
11
25
21
 7
19
17
40
13
 8
46
18
17
 3
