300
10
 7
22
 9
17
24
23
15
19
12
16
14
40
48
24
32
47
48
32
44
41
41
33
29
50
40
36
24
47
20
36
26
19
23
13
33
31
49
39
50
13
31
18
27
 1
25
34
35
 5
49
45
34
47
12
12
36
17
14
 4
27
26
23
49
50
27
 3
 8
 4
49
 8
20
 1
31
26
39
49
36
43
42
14
34
16
26
33
12
 1
 7
20
45
18
37
20
14
25
 3
47
40
47
 3
13
 5
11
46
45
16
10
25
48
13
 4
26
50
45
43
 9
11
50
23
10
24
17
45
13
34
30
17
38
38
 5
34
19
 9
26
17
 5
 2
 7
42
11
18
15
 5
29
34
40
27
50
50
22
10
50
23
25
35
18
40
15
40
20
49
 1
 8
48
17
 4
44
20
27
39
10
30
40
 1
47
34
13
20
47
41
47
29
 9
43
26
45
28
24
49
29
12
10
34
45
31
46
31
38
19
48
20
20
 5
 8
 6
23
22
 7
27
28
11
24
15
20
33
 7
38
44
46
20
48
20
42
20
14
 7
29
44
40
 7
45
18
 4
28
50
 3
30
48
13
20
19
 2
13
30
50
 5
12
47
34
49
11
 2
29
 5
14
28
42
29
10
 7
 5
19
24
28
27
11
48
27
50
36
46
47
10
11
11
10
10
22
24
23
31
19
27
16
43
37
50
 3
38
20
32
 3
45
11
10
14
 8
49
 2
46
45
