250
11
 4
48
 9
32
25
14
17
 5
24
23
20
29
12
27
 8
 4
43
48
40
35
33
32
 9
40
20
45
 9
10
 3
 4
43
29
21
 3
43
 7
38
24
21
26
34
26
19
27
10
33
30
36
12
11
50
23
12
18
25
21
16
40
 7
15
23
 7
13
12
29
45
46
25
34
 7
37
23
26
39
16
40
11
29
29
31
47
45
18
24
45
24
 7
 9
 5
 4
36
22
12
50
44
 8
18
38
34
25
39
45
21
41
15
33
37
36
 1
36
48
25
41
 4
14
12
22
30
37
46
 8
47
10
36
29
 5
42
31
45
23
 5
16
50
 3
41
29
13
 6
30
 5
35
19
15
31
25
19
18
47
 1
31
 5
40
 6
24
40
29
49
15
26
18
31
36
11
28
 9
21
17
10
17
 5
22
36
15
37
23
41
 4
31
46
24
18
48
 7
22
33
49
34
13
48
25
10
 6
17
12
15
 9
 9
35
49
38
 2
47
 5
28
29
32
16
20
 8
27
47
30
13
49
34
42
33
 3
39
18
42
 2
14
23
 4
 6
45
25
 5
11
 3
21
13
 2
38
43
43
35
33
24
24
 7
31
15
37
27
26
33
 9
