200
12
 9
44
 2
26
14
 7
26
29
17
10
 1
21
28
39
10
11
15
 1
24
30
30
 1
17
37
47
26
17
46
38
38
 4
12
39
34
15
44
36
27
 9
30
43
42
32
42
29
42
29
32
50
36
17
28
34
17
17
30
19
 9
42
46
17
29
24
25
 8
 7
23
 7
13
46
30
44
28
39
48
 1
26
33
22
13
 3
26
22
30
29
48
 1
 6
18
26
39
27
38
 4
43
35
36
31
33
17
32
36
35
 2
46
21
 7
27
20
47
49
33
46
20
26
20
 5
 7
22
19
 1
33
48
 2
42
42
26
24
25
10
10
 5
28
 2
29
17
18
16
 7
28
13
28
44
42
12
 9
39
44
21
30
21
19
10
 7
28
24
39
12
44
16
42
48
27
46
31
 4
42
11
48
33
 7
41
38
36
36
18
35
 1
12
38
20
 1
45
 4
12
28
50
29
34
16
28
46
19
 6
47
44
27
40
 7
