250
26
25
17
31
 2
34
45
33
44
42
50
50
 5
42
27
 6
32
17
21
20
11
18
29
48
 5
15
11
23
17
26
20
31
33
41
30
47
27
 5
37
48
18
38
45
15
35
25
38
39
 6
15
25
 5
 3
18
24
 6
36
45
21
48
11
 5
26
42
45
34
37
23
41
35
 3
12
41
43
35
15
35
 7
25
38
21
15
 2
 5
14
15
26
21
41
38
39
28
 9
27
43
48
 7
48
44
12
42
25
 1
12
30
22
20
44
33
25
 5
24
35
12
34
43
17
23
31
40
 1
18
26
44
30
26
21
48
44
36
27
 9
 6
19
32
 8
10
34
34
49
 6
45
34
26
 2
38
11
33
41
24
24
36
 5
 4
44
32
 3
 4
49
18
38
18
17
48
 1
 1
32
 1
35
29
 3
41
 5
19
18
31
41
20
21
17
46
28
10
22
 4
50
25
37
38
27
22
21
21
30
31
 5
47
47
22
18
 6
16
33
34
12
14
16
16
43
 3
26
 5
19
49
11
19
46
 7
38
11
21
43
16
31
32
24
37
29
 2
19
30
40
32
21
 2
48
18
25
12
48
47
45
18
49
10
47
21
 6
22
27
