200
10
38
41
 5
20
40
 6
19
21
 8
37
43
39
41
16
22
18
28
17
32
46
46
28
15
23
34
27
34
 8
19
20
 4
27
 1
28
 8
43
32
10
37
35
37
 4
32
 3
 4
18
16
29
19
 6
20
11
48
43
26
40
39
 6
38
22
 9
 9
42
48
19
 3
42
11
12
23
26
50
10
 8
47
32
 7
42
 5
18
38
36
35
32
50
27
21
39
 9
46
10
33
35
31
44
33
26
22
37
34
16
27
26
50
11
38
28
23
13
15
38
17
 5
16
26
18
46
 6
49
44
22
37
 4
39
35
19
 5
50
20
16
49
41
46
45
20
10
13
36
42
39
14
12
21
35
 1
30
 6
26
46
44
43
 1
39
23
29
31
23
32
 6
16
17
15
42
47
 2
29
32
37
11
48
46
18
37
34
16
 9
 3
22
 4
20
 8
 5
32
23
36
34
23
11
 1
 9
44
40
30
38
17
 1
36
 9
42
