150
17
11
28
17
21
 7
15
20
49
28
16
 3
48
43
10
21
41
33
44
36
18
 1
50
23
20
25
49
22
23
17
22
45
47
24
47
 6
40
46
50
 2
31
47
15
 8
27
19
22
32
41
45
16
37
17
 8
33
33
49
22
28
42
11
13
 2
48
13
46
19
29
26
18
32
48
 4
39
12
42
24
20
33
32
40
41
16
48
15
37
31
17
33
46
40
28
16
41
43
37
24
45
46
26
34
33
31
39
39
42
 9
26
37
47
38
50
11
30
 3
46
 3
12
11
36
 6
 7
33
 6
 4
19
 9
50
15
40
14
25
32
30
49
22
47
21
28
 5
 5
22
11
 6
17
38
40
 1
39
 4
