200
26
41
30
36
14
26
47
43
 4
13
24
39
23
37
26
44
 2
40
36
19
10
16
39
50
33
23
49
28
31
24
 5
29
40
34
 1
27
30
32
35
35
30
 5
37
46
19
32
36
 6
31
 1
10
32
 6
37
47
32
50
32
50
38
 7
19
22
13
31
42
26
30
32
38
46
43
37
49
43
19
32
47
11
49
33
 3
 4
24
45
 2
23
39
14
41
41
31
43
 8
17
50
 9
26
31
13
49
18
42
 3
33
24
21
45
34
41
 2
 8
 6
41
28
 4
 1
45
25
28
 5
11
36
 9
24
25
26
30
44
14
28
 2
35
34
39
29
 6
 9
20
30
44
40
39
46
27
 7
16
26
27
16
26
20
16
42
23
21
47
 2
27
32
 4
13
32
 7
 9
42
24
 8
21
36
46
24
21
35
 7
47
18
28
31
31
38
31
 4
34
35
13
36
14
 2
 6
13
13
16
17
11
50
11
32
32
34
