200
19
47
34
 4
36
11
12
18
30
 8
17
34
 4
49
42
 8
12
21
12
40
17
48
47
 3
 9
11
12
41
28
 7
 3
21
15
 8
23
31
 4
38
42
34
32
 9
45
21
43
47
13
19
29
50
44
21
 1
49
17
 4
36
10
35
 9
22
 7
32
 4
 2
 7
28
20
16
10
45
 4
31
27
23
17
 7
26
27
 1
29
31
45
28
46
 3
36
17
47
39
 1
31
31
39
 6
 2
 1
46
17
38
37
33
47
25
15
 3
23
42
39
32
14
17
43
15
21
10
31
29
12
46
38
 3
 3
25
33
50
13
15
50
45
11
32
11
 1
 1
44
18
41
 6
 9
26
20
42
40
30
20
 9
38
33
26
22
33
50
 6
 2
28
31
10
33
 4
45
17
20
50
47
20
43
21
36
46
18
 4
38
48
31
17
22
47
39
 9
36
42
29
34
16
 3
45
 6
 4
48
25
35
13
48
 4
35
 8
30
47
48
