250
49
27
22
22
30
 9
24
10
 1
28
36
12
33
16
 3
 2
43
 1
31
 9
45
45
38
49
50
19
 8
13
16
22
41
29
20
 6
48
 7
26
 6
28
 3
21
 8
 5
45
46
 8
34
45
19
28
39
31
 1
20
20
24
19
13
19
50
18
41
24
38
29
20
12
11
42
34
43
 5
27
49
12
11
37
24
 6
13
 3
28
 6
 8
37
33
28
20
26
31
26
28
50
37
39
25
36
36
 7
11
29
13
36
19
43
25
33
37
28
 8
 5
34
 5
17
48
 9
30
40
19
29
37
21
31
47
26
38
48
31
13
 9
31
11
34
41
49
16
36
37
50
42
44
44
31
29
14
38
23
23
13
39
31
 9
 4
43
23
28
41
40
43
 1
14
45
12
24
31
20
20
15
 3
 7
10
20
16
40
 6
20
13
19
23
50
36
46
 9
33
 4
 9
45
16
14
39
12
 7
18
 9
23
34
24
48
48
36
 2
20
18
18
 2
26
 5
24
43
36
26
11
40
10
 1
22
25
43
13
30
46
45
31
26
34
37
15
50
12
42
13
 8
 2
24
30
43
41
11
41
48
46
48
14
18
12
45
 5
16
34
39
