300
 3
38
30
 7
32
48
46
24
32
40
50
47
11
34
27
39
 8
22
47
43
45
34
 1
15
 6
39
27
19
25
27
27
45
 8
12
25
35
23
 2
 2
 2
23
46
18
11
37
37
21
 3
 6
38
30
37
 2
36
45
33
 2
13
32
47
46
32
 8
21
 3
42
36
21
 3
36
39
 4
 7
21
 5
 7
48
50
10
44
26
14
10
 4
20
 3
 9
 8
25
 8
42
 1
11
22
37
10
41
48
40
20
 8
30
 7
31
20
 8
33
 6
27
 7
50
34
17
28
29
47
13
49
27
50
46
30
35
41
30
31
 6
45
 1
16
41
40
 4
29
45
41
44
 3
11
43
38
24
36
46
21
24
13
15
50
34
40
31
 9
44
48
 2
21
39
10
14
24
16
 5
46
35
42
13
36
 8
13
17
38
26
31
48
19
44
12
 7
41
31
18
10
12
 6
36
37
11
19
30
47
46
30
12
 7
44
37
49
39
19
49
50
34
 3
42
44
34
 7
 3
50
29
22
33
30
31
45
 7
22
 9
15
47
16
36
46
31
24
 4
50
30
23
36
23
20
21
14
 9
18
26
49
44
27
13
30
40
29
10
36
23
43
 2
12
 7
10
10
49
41
 4
17
12
 1
39
24
24
18
46
32
43
34
49
37
33
21
21
39
16
38
 1
47
14
10
39
 6
 6
33
40
22
 8
34
20
19
27
26
21
40
40
32
35
 6
48
27
