150
50
12
45
32
 4
26
40
14
22
20
14
16
14
17
14
13
46
12
 4
43
10
31
50
46
18
11
22
 6
45
50
26
 2
 7
11
 6
43
 2
41
31
28
21
20
49
 3
 6
10
 5
21
17
32
47
26
14
13
32
17
 4
48
15
27
20
12
41
12
27
14
24
31
48
32
47
46
16
28
 6
19
 2
 9
22
43
10
32
 7
33
40
15
13
19
12
 8
29
40
23
41
24
 1
11
50
24
20
50
18
 3
46
 3
13
15
26
20
39
45
11
41
49
 8
12
36
32
28
31
42
 7
26
14
45
16
45
23
10
 3
50
15
36
28
23
28
13
 5
38
38
11
17
17
47
33
46
 6
41
24
26
