300
 9
 4
31
30
39
14
44
17
13
 1
22
48
18
30
10
36
36
20
15
22
38
37
28
13
36
26
27
 2
12
18
38
50
24
40
 9
50
24
28
10
 5
29
46
 2
38
33
43
14
18
 1
27
40
 2
41
34
43
35
41
20
17
14
 8
47
23
 9
 3
23
45
33
49
46
22
49
31
11
48
17
49
 3
24
44
13
47
13
 6
42
21
44
34
32
27
41
21
32
10
14
32
44
37
38
21
26
 4
13
 4
10
26
26
 6
23
 8
36
44
34
34
25
29
29
15
21
43
32
20
27
49
44
39
46
31
 9
43
42
13
16
20
 5
 1
37
23
 8
 4
18
 6
18
25
23
 9
 7
27
49
34
42
 3
25
17
36
49
31
12
 3
 5
50
36
13
18
36
26
 6
 7
27
28
31
16
10
 9
 9
34
47
 9
41
27
41
11
19
31
41
38
37
31
40
26
 8
46
17
44
 8
16
34
 8
 9
19
24
19
 8
21
38
30
48
41
20
18
29
29
12
12
46
49
39
37
33
28
17
 6
 5
40
20
12
25
12
 3
13
28
34
50
22
49
 4
19
43
42
 7
48
23
43
29
 6
16
19
34
 4
12
44
30
17
48
 2
 6
48
30
27
 2
46
 2
45
47
 6
47
 6
28
43
43
26
50
20
38
25
23
20
 5
12
43
33
32
48
16
 5
 9
32
11
 2
40
18
41
11
25
13
40
 1
17
47
 9
