300
48
49
10
47
45
34
46
26
11
 7
36
 7
44
34
22
34
 3
41
24
23
22
 1
 7
16
40
16
46
14
50
25
 7
44
29
41
10
45
17
 6
45
18
24
 9
40
46
13
45
24
11
23
 7
25
 8
37
48
23
41
37
14
29
47
43
45
26
 4
18
32
14
12
17
 6
33
 6
 2
 8
27
 5
43
32
 2
 9
45
26
22
46
37
34
11
27
 2
18
28
 4
13
26
38
 9
35
34
10
36
 1
 6
10
 3
26
48
 4
19
50
25
18
47
15
44
44
31
18
14
21
47
11
38
 7
43
11
18
25
 6
 8
32
 5
44
23
25
43
41
48
14
50
34
10
 8
37
 3
47
45
15
42
36
36
24
15
34
39
22
43
38
17
 4
18
 9
13
33
26
28
29
41
10
 7
26
45
16
23
25
45
28
 8
 4
39
 8
13
20
11
46
 5
34
44
28
 1
19
12
44
24
33
40
27
43
 3
45
43
14
 6
21
26
 9
38
31
31
17
49
 7
25
45
46
44
39
15
14
 2
10
 6
 2
39
 1
18
25
13
13
37
43
33
14
27
38
15
28
44
 9
 5
11
33
41
33
32
 6
48
17
25
20
 8
41
 9
35
12
29
36
14
25
22
11
24
16
35
16
15
23
33
47
14
32
 9
25
44
38
46
23
36
39
32
15
 5
38
26
16
33
 6
30
 1
47
49
10
 4
49
34
23
39
 8
25
 1
46
