150
43
 9
41
43
31
16
12
27
30
 4
 8
 2
22
41
11
 8
40
48
46
47
 4
17
21
36
22
36
33
19
 3
 2
20
 6
20
 7
20
33
 2
14
22
33
39
36
 6
37
 8
37
38
35
16
26
43
 9
31
34
42
19
25
22
24
16
28
39
27
22
20
31
43
 8
19
24
38
24
36
34
 4
35
 5
42
30
25
34
37
24
11
 4
10
29
11
46
43
13
28
42
31
26
11
19
21
34
49
47
 8
34
45
43
22
30
33
10
30
23
23
 6
19
37
29
49
29
11
41
30
27
32
17
19
50
17
19
49
45
41
45
44
45
14
18
45
10
40
50
10
31
25
45
 6
10
 8
12
28
12
