150
 2
46
31
43
10
11
 9
36
 2
48
47
37
22
35
30
35
33
16
14
14
29
25
 5
 2
38
 7
 6
10
27
13
48
22
37
29
44
43
12
 5
41
 8
15
23
46
10
32
42
34
18
23
27
17
44
 1
10
23
45
32
 2
44
13
39
29
43
21
19
33
 8
16
37
 4
47
26
47
 5
 3
 4
34
 2
30
23
35
27
43
41
43
21
12
15
18
50
20
41
32
16
 2
 8
24
10
48
45
10
10
32
29
 8
17
14
14
30
 1
10
13
11
12
43
11
26
43
47
21
39
13
 8
42
43
12
 2
40
38
43
27
41
22
20
22
21
41
20
35
37
17
43
23
23
33
19
23
17
20
24
