300
21
48
10
 2
35
47
 2
 5
48
15
 9
39
45
32
44
17
37
10
39
21
17
11
 7
50
13
10
33
 9
 1
13
15
30
26
31
10
15
16
10
19
 2
37
 4
 2
 4
17
27
34
21
33
13
28
29
48
45
41
28
34
 4
23
11
11
32
40
10
18
23
29
 9
29
50
 6
17
40
34
39
 6
 1
13
 5
44
48
26
 1
48
11
29
49
 8
21
44
 5
 6
20
30
27
39
14
12
22
 1
24
35
41
41
 7
47
48
 3
45
27
34
23
 5
50
 1
27
39
43
 1
23
46
40
 8
24
 7
34
50
44
26
36
 5
 3
14
20
22
 7
14
 3
47
18
41
 8
 3
23
22
22
23
37
41
48
36
23
44
48
31
 7
 9
 9
49
 8
46
15
 4
14
23
 7
48
 4
36
26
18
40
21
 5
32
15
48
50
 1
 7
37
22
 2
19
42
10
16
50
 6
44
 2
 7
25
37
38
 9
35
 1
 9
14
22
40
36
26
17
37
 6
26
20
30
19
 6
47
40
27
28
30
32
33
11
47
34
 6
38
10
18
10
35
17
48
25
40
35
15
 6
45
37
38
18
25
42
 2
32
29
13
11
44
41
42
 3
 9
17
17
 3
30
40
25
11
26
33
 8
50
25
 8
15
26
26
 3
33
41
13
 5
45
13
48
26
 7
 8
23
41
25
 9
 6
21
34
24
12
 8
 7
30
14
12
12
21
21
25
47
 5
 8
14
