300
 3
34
28
 4
37
40
28
11
10
17
13
35
41
15
29
47
15
25
34
25
43
35
18
14
20
33
17
49
33
16
28
40
22
50
44
25
 3
46
49
 1
25
46
27
 4
44
14
15
38
33
40
33
34
 5
50
 4
32
35
32
25
 3
 8
 7
 5
42
46
20
14
32
17
 5
22
31
15
31
 9
12
20
 1
33
28
 1
 9
12
38
11
17
 1
 2
37
 2
 7
 1
49
 5
50
23
41
31
32
46
13
11
31
 4
42
43
38
30
12
 4
42
50
32
11
11
16
31
26
21
39
 3
 1
21
19
38
46
 5
11
24
19
12
 2
 1
40
20
17
14
 2
45
39
36
21
39
27
18
 6
 4
21
16
 3
16
33
36
11
41
10
15
20
 1
 5
48
39
37
 6
 4
32
44
 3
18
44
15
44
39
44
 6
36
34
23
34
12
27
38
 5
49
18
 5
11
30
15
27
 4
31
36
39
31
38
23
46
 7
 7
31
 4
 3
 6
27
22
11
30
27
 3
30
26
38
39
14
25
46
26
12
10
33
 3
 2
20
14
24
30
19
37
16
35
10
31
29
16
42
 5
41
25
20
10
22
12
34
50
43
33
22
25
18
11
40
13
49
32
43
44
40
47
45
34
 1
21
 5
 2
39
47
29
 2
32
40
40
 3
 4
48
 3
24
20
27
45
 3
 2
49
34
40
31
42
48
46
 3
10
15
18
 2
32
22
43
31
30
19
