200
 5
20
39
18
25
44
36
37
23
35
50
 9
16
 8
 1
43
33
36
44
27
14
12
38
47
25
26
12
46
28
42
32
 6
22
47
35
41
11
18
 8
20
33
25
17
23
 5
38
50
34
 2
47
37
20
16
 6
44
29
 1
19
 3
35
17
11
18
16
27
16
32
36
35
38
19
40
45
36
18
 6
27
10
41
 9
50
 7
 5
45
36
28
22
45
17
40
12
 5
 1
28
40
33
15
40
11
38
35
14
47
34
24
46
47
 5
23
24
48
48
42
46
14
31
28
46
10
 1
12
37
34
31
36
 3
28
18
36
50
 5
 4
26
23
24
13
30
30
36
36
28
46
29
12
38
13
30
 1
 8
44
34
13
 3
33
36
 6
39
26
17
43
43
44
50
17
38
37
 4
45
18
28
32
10
24
44
11
30
24
18
26
46
47
37
40
18
34
 2
17
21
20
 3
15
33
 9
31
 4
18
25
29
26
37
