150
38
20
 6
 4
30
24
22
12
17
47
47
40
10
17
 6
16
30
31
45
28
39
29
16
41
26
 2
 9
37
17
38
18
35
35
47
37
10
45
17
41
38
24
27
11
13
38
42
50
35
23
16
36
50
41
29
41
32
42
18
36
37
 3
31
11
18
22
29
45
34
46
44
19
48
15
26
46
 1
26
17
50
34
 4
40
 8
30
17
19
41
19
39
35
25
19
16
16
41
19
 9
27
45
15
16
 4
39
34
41
29
31
 2
42
42
47
21
 9
19
 3
 9
16
40
14
50
30
30
32
27
 9
 4
 5
41
22
30
15
47
 5
50
28
36
26
49
45
10
42
22
15
35
25
30
19
46
41
 9
