200
29
48
10
46
24
29
 8
 3
 5
 7
 7
27
37
12
 8
38
26
33
40
 2
28
48
 2
 5
50
39
43
25
41
23
23
41
34
42
44
15
13
27
37
25
48
 7
23
36
39
 2
22
17
13
38
 8
21
35
37
18
39
18
14
34
49
16
13
11
18
36
17
45
24
10
21
26
44
40
33
33
23
33
34
18
12
14
34
15
15
42
28
23
47
12
37
27
 1
18
37
49
 7
 8
34
46
30
14
43
 6
49
35
30
 5
19
29
 4
 9
42
41
13
 9
 4
10
45
25
39
45
 6
12
38
19
36
 8
49
32
15
 1
 1
50
41
40
39
47
29
15
23
47
47
26
 4
50
13
32
48
29
10
12
17
22
12
31
 6
 6
14
13
46
21
50
14
45
22
47
14
 1
38
18
25
46
19
 7
42
33
42
 8
21
36
17
11
13
22
 7
33
49
27
38
27
26
17
48
11
46
39
44
38
48
14
