200
42
 4
31
 2
13
26
35
10
14
37
37
49
19
48
38
14
 9
29
 9
45
 3
45
22
11
27
44
34
 1
 7
41
45
17
20
12
41
 7
16
 8
23
48
36
28
23
43
39
31
16
15
48
48
 5
 2
44
15
40
 5
43
12
 8
 6
 7
31
46
26
 5
11
42
 5
12
39
15
17
35
23
23
 5
30
40
20
41
36
49
33
 3
17
19
33
24
32
49
25
40
 4
15
31
35
23
31
49
50
31
33
 1
30
23
27
36
18
27
 1
35
29
 4
27
30
35
47
49
 5
36
34
30
32
16
30
43
41
20
46
35
38
22
50
 9
27
10
33
50
46
 1
 9
 2
15
 7
29
10
18
18
24
10
 9
48
17
27
18
34
45
46
11
26
21
47
31
35
22
29
26
18
50
30
41
18
30
33
 2
 9
48
26
40
49
17
24
22
26
 6
16
21
31
34
 4
41
44
12
17
39
33
11
40
17
25
