150
34
31
26
25
41
21
47
18
13
15
15
49
23
 9
44
34
34
25
18
22
45
 1
17
41
34
30
25
 9
 7
21
49
24
31
47
47
 5
48
 9
32
36
34
14
11
45
34
11
 3
 9
18
14
 8
45
18
26
27
42
34
39
11
38
10
29
20
18
21
36
34
24
43
38
11
21
21
21
43
 2
30
31
10
22
12
28
24
 5
34
45
10
13
23
26
12
43
39
18
20
46
34
21
11
11
11
26
42
 6
46
 6
 3
27
35
19
50
17
 7
27
17
 1
47
22
 2
30
 8
37
 2
 4
46
18
32
43
10
19
 7
 4
32
 9
25
50
46
41
21
41
 1
21
 6
11
 9
 9
10
42
31
11
