150
 5
 7
40
 9
15
10
41
37
31
39
27
41
42
40
 6
 4
38
 3
 4
18
 4
12
 6
36
20
10
40
42
40
49
19
45
46
16
17
15
46
10
50
19
45
16
 4
45
43
13
14
27
39
 6
31
29
36
 9
36
37
34
39
25
15
29
28
13
 5
 8
 9
 1
 2
 8
18
14
 7
 5
 7
44
49
 2
22
18
37
37
 1
 9
11
42
48
17
38
38
46
28
35
24
24
29
 8
45
25
18
21
18
38
14
44
27
 5
 6
24
 1
38
15
 5
21
 8
10
43
21
 7
 3
38
20
21
12
34
50
13
 3
47
34
18
43
32
40
 8
13
29
39
33
 9
49
48
45
19
30
43
33
32
49
16
30

51