200
27
19
28
 3
 4
10
 1
31
25
36
38
22
17
26
10
11
31
47
20
15
32
19
 5
12
25
18
27
50
13
11
29
48
 4
46
 1
32
18
19
29
50
 6
 2
16
 8
14
38
50
45
45
42
32
19
13
46
28
30
42
45
25
26
49
29
47
39
50
37
40
 2
 4
12
10
 3
48
35
35
43
29
 7
44
 7
21
32
20
21
10
21
22
33
11
23
21
26
45
11
42
33
45
21
38
 6
41
31
 3
15
 4
48
15
47
11
36
12
48
11
49
49
43
29
31
19
34
10
13
37
33
44
17
26
35
15
13
24
13
48
20
40
25
 8
15
20
33
31
41
 8
29
30
40
15
30
 9
26
10
23
12
11
21
34
36
41
33
41
30
13
15
14
41
22
19
43
 3
13
10
19
11
40
23
31
39
 3
21
20
11
21
36
18
14
 6
 3
46
35
21
14
38
 5
32
31
40
50
43
26
35

76