250
27
24
39
33
 4
 4
40
13
20
28
 9
15
 1
13
26
26
14
 9
10
16
10
12
 4
43
 8
18
38
22
40
 7
41
15
14
10
13
33
33
11
 7
18
29
38
18
30
 2
 4
20
30
31
13
19
35
23
40
40
50
31
31
43
26
 3
49
22
11
31
27
48
30
24
41
24
38
13
39
25
18
19
38
25
12
26
36
15
42
45
13
14
44
49
15
36
12
37
50
 7
13
49
28
50
34
47
43
13
26
 4
24
22
13
26
45
16
40
28
 3
15
 3
48
21
 6
 5
 7
33
49
47
33
37
23
15
47
26
 9
41
 8
20
 3
16
39
46
31
13
22
14
 5
16
10
32
45
41
39
34
14
26
33
 8
 9
44
 7
 9
41
 9
19
 8
25
30
 2
33
35
26
37
46
15
34
19
24
25
40
10
 8
26
19
31
 5
 7
49
42
20
17
 1
25
27
11
22
 1
49
41
23
40
34
30
40
26
43
33
38
18
29
24
15
 4
33
43
45
41
49
20
14
36
38
41
49
24
39
11
26
 9
 2
13
13
26
16
16
22
32
 8
 8
38
27
41
29
35
37
11
 4
10
32
 4
31
45
37
22

100