150
14
 5
28
13
19
27
34
34
48
20
 7
35
32
11
11
 1
35
47
13
25
34
 1
31
 3
39
33
11
17
 1
24
25
23
37
22
28
14
35
46
47
15
18
16
46
27
41
24
13
35
26
32
15
30
34
 2
33
30
18
36
23
 5
30
23
37
 3
21
30
36
 4
49
 4
17
50
21
 1
43
39
25
25
27
30
 1
15
45
 5
46
11
26
41
44
36
21
 5
50
 9
14
 8
 1
15
23
29
22
 5
 3
25
10
38
40
49
39
32
10
48
40
 3
14
50
48
15
32
12
43
22
21
12
21
 9
48
 3
17
16
 1
 7
 4
15
 8
 7
43
17
28
17
16
 3
20
14
25
42
25
12
43
20

96