200
 9
15
46
35
23
10
35
24
44
17
34
42
 1
14
25
41
37
17
35
39
39
43
 6
27
47
45
26
 2
 1
43
 4
11
26
43
36
10
23
30
11
22
37
39
15
37
12
 9
28
30
20
11
50
11
19
13
27
36
23
26
47
13
44
27
18
45
11
10
 8
39
50
28
32
 7
39
18
44
11
17
36
43
18
19
14
46
39
19
14
 5
39
28
 9
37
30
28
41
 8
32
 4
25
41
20
33
 3
19
39
25
24
19
41
11
14
35
35
47
36
 2
17
49
28
 5
 1
48
20
 5
25
47
13
14
44
22
45
 2
30
23
45
30
35
 5
27
34
26
18
11
 6
 3
23
33
21
48
23
29
46
43
25
42
35
25
24
38
31
 6
42
27
29
15
22
18
28
 3
30
15
40
 8
40
46
42
 7
33
29
27
39
 9
14
49
10
 3
26
29
18
40
24
22
 3
22
45
46
12
39
45
27
24

95