250
 6
 7
20
38
 8
21
40
27
48
40
 6
12
18
29
24
32
 6
27
43
37
49
48
34
27
28
34
12
 3
28
46
36
25
 3
17
20
25
28
49
41
47
48
 1
 1
13
43
24
28
28
15
22
41
29
17
41
43
30
 9
19
24
41
50
35
39
22
18
33
16
48
41
10
40
40
35
38
21
40
25
 4
10
 4
21
16
33
 5
48
38
24
21
47
20
 3
24
 9
12
50
27
17
46
 5
23
11
31
43
17
48
26
 9
27
32
 3
48
 6
24
12
32
37
48
34
 2
43
48
24
23
41
24
35
 3
45
 2
 5
14
46
50
24
 1
22
28
34
34
21
26
 2
32
37
46
40
44
49
24
44
34
 8
39
11
 1
15
38
 5
 9
35
14
35
28
15
43
43
21
17
 6
21
12
32
29
20
47
 5
44
49
 3
27
20
29
50
24
14
 4
34
50
12
25
43
17
29
 1
47
26
44
37
 9
10
23
 4
38
44
25
15
38
14
14
35
22
 9
36
20
46
35
 7
31
12
16
30
44
 3
47
41
22
45
24
44
22
34
 9
34
23
29
13
 6
 6
46
50
16
48
26
14
 1
 8
45
13
19
43

90