300
39
11
39
34
47
10
41
21
37
34
 7
23
34
 9
37
16
10
 2
16
36
17
36
18
16
 6
 2
29
 1
 4
18
42
49
11
30
39
19
36
29
29
34
17
27
 1
42
27
21
 8
38
 4
50
19
 6
29
25
48
42
 1
10
13
16
17
31
15
25
 2
10
40
23
21
 1
45
50
 6
36
21
36
39
22
13
28
34
 1
23
32
21
33
46
15
40
37
28
 1
12
41
33
42
36
 1
 2
49
 8
29
25
44
34
36
19
12
 4
13
42
15
37
17
10
36
19
24
17
 6
28
47
37
34
12
 7
 7
43
16
37
33
 6
25
29
12
 4
 6
 1
31
 5
 4
 2
42
36
33
37
17
18
44
17
20
44
35
42
18
 2
18
27
18
 8
 7
15
50
10
31
32
15
33
39
21
31
 3
26
 8
30
32
49
49
 4
28
41
42
 2
34
28
32
22
13
26
24
37
26
35
31
35
 2
31
 6
36
50
29
17
27
 1
25
15
26
38
24
43
11
44
37
15
45
36
32
33
19
18
45
49
45
26
36
33
 7
29
40
11
 5
10
33
44
14
 3
12
25
50
30
12
21
37
35
36
30
 3
 1
 1
38
45
24
44
 1
23
27
11
49
26
30
15
29
28
26
20
 4
 9
22
15
 4
29
21
23
37
14
26
 4
17
12
38
18
43
13
13
19
29
26
 6
 1
23
32
18
30
 2
11
19
 2
16
16
42

59