150
36
 6
 9
29
14
28
27
29
13
11
13
 1
40
44
26
41
11
35
14
44
12
39
40
17
32
24
47
44
45
39
45
23
49
 2
23
 8
13
47
 4
29
44
 3
 9
34
14
 2
17
46
46
45
 1
43
 3
16
21
47
 5
44
 1
23
24
12
32
26
44
23
32
29
50
42
43
 9
12
38
15
42
36
36
15
25
18
45
33
26
 8
19
21
11
42
15
 3
43
32
27
 2
29
10
16
21
21
48
30
37
 8
27
42
32
46
19
18
40
 9
35
13
34
30
15
40
30
 2
45
14
 5
 3
28
16
49
26
41
 7
49
 3
45
 5
38
21
27
23
13
 7
33
36
50
31
21
46
27
21
24
 2

86