250
 2
33
 7
33
14
17
44
41
20
33
23
48
32
49
46
46
 8
50
 5
24
45
47
 8
13
11
 5
 8
36
23
 6
47
24
38
10
20
36
37
16
28
44
 4
25
10
41
12
40
 2
 2
11
22
32
47
 4
10
42
42
48
10
 1
30
43
40
48
23
17
20
13
33
 7
37
40
11
 9
17
34
18
41
38
29
16
33
29
16
26
33
25
48
39
 5
42
14
47
 7
43
46
31
19
13
 8
29
 8
 2
45
31
37
19
33
42
11
20
33
11
27
20
47
46
11
 4
31
30
11
14
47
48
 3
34
38
11
19
 7
30
42
 2
45
45
10
38
31
27
 9
35
30
22
 3
41
10
36
 4
18
25
18
40
 1
36
43
20
26
31
12
14
37
34
43
41
16
38
22
15
 8
 9
25
 1
24
46
40
47
50
32
47
47
40
28
23
26
10
35
12
 8
19
36
 4
15
 6
41
25
42
49
29
 3
50
31
17
38
 5
50
25
 7
 3
24
50
30
38
46
41
12
12
47
 5
31
16
15
30
41
31
 1
 8
48
15
 2
19
43
 1
43
12
34
 6
31
26
38
12
46
43
20
23
45
23
 3
32
 2
 5

78