250
 4
49
42
31
40
10
33
29
15
35
39
43
39
 4
26
41
21
37
 4
49
21
36
21
43
33
10
25
22
30
35
22
49
23
33
17
15
 7
 9
23
 7
 4
18
23
 1
30
 3
 4
46
25
 4
14
28
30
 2
12
 5
 8
49
44
19
48
35
42
35
43
19
50
31
42
28
33
18
38
34
31
 3
26
43
11
 2
28
26
37
12
10
17
15
37
24
27
35
41
19
 4
 4
38
35
 6
16
 6
42
 2
20
11
44
 3
49
48
38
12
11
42
32
42
10
34
 1
49
38
 4
37
46
29
41
47
29
44
42
13
 8
47
24
32
27
30
28
35
 1
 1
41
 8
12
22
47
32
 8
25
11
48
45
29
 8
42
 2
26
46
46
44
44
34
38
 6
 7
22
32
21
44
19
43
49
12
47
22
45
25
44
17
28
40
24
27
 3
18
 9
18
 7
10
39
 4
19
 7
10
11
30
 4
50
24
12
28
21
 7
34
12
 2
25
13
47
48
 5
22
 4
39
27
 3
41
42
 1
 8
 7
27
43
 2
24
25
16
40
 8
14
17
46
20
33
28
26
33
17
26
14
29
21
28
12
16
14
47
40
22
 1
42
15

56