200
15
16
33
39
40
17
 7
 1
48
 3
20
36
29
 5
21
26
29
28
22
 5
49
15
 2
44
21
29
43
28
38
36
43
19
48
31
42
 1
25
30
27
41
38
15
10
16
 4
 7
33
23
49
24
16
43
 6
24
25
 3
28
34
12
 6
41
43
19
27
48
48
13
40
36
33
42
26
46
35
 1
22
47
31
50
 8
12
34
45
41
32
15
23
16
40
20
21
20
41
50
34
48
27
 7
23
21
49
 9
14
 1
45
16
15
15
31
33
12
34
 6
37
14
33
44
47
42
47
15
10
43
12
25
 1
23
 4
49
 6
30
 7
26
36
28
35
17
16
41
50
40
17
32
25
46
23
39
36
39
20
40
37
13
 6
36
14
24
42
 8
 6
 2
17
32
12
 9
44
42
 3
47
 7
24
19
23
22
23
31
29
18
18
47
 7
26
 2
34
18
50
48
14
17
36
12
24
34
34
31
26
22
43
12
 8

81