300
32
 3
 2
45
38
25
35
35
45
47
 7
23
16
14
45
30
36
23
24
17
25
34
12
31
50
38
46
15
11
38
47
34
42
 6
 8
21
44
38
19
30
 2
18
17
11
40
10
43
23
32
16
49
47
23
47
21
24
50
22
36
35
 6
40
29
29
34
 8
22
40
44
26
50
25
33
16
41
19
14
38
 6
29
17
49
38
 1
49
14
 3
39
48
19
10
19
17
23
44
43
36
44
26
19
48
47
45
16
42
43
13
28
26
 4
14
18
34
34
47
49
 4
11
 6
 1
47
25
24
34
39
41
 9
29
40
36
 3
31
15
46
23
18
49
 3
 1
 7
37
11
14
21
19
32
37
20
31
28
 3
 8
29
48
 7
22
36
31
 1
27
32
 1
41
38
10
25
38
26
16
44
24
21
40
26
41
 5
 8
49
 5
46
36
23
16
45
22
48
43
14
25
 9
29
50
24
23
30
13
12
 7
15
 8
 3
20
10
19
 1
19
20
17
13
14
35
21
38
15
21
44
33
34
28
15
29
26
16
23
42
 2
29
16
27
32
50
19
28
12
49
28
21
39
 5
23
36
32
13
 5
15
42
33
 5
46
46
35
 4
34
33
17
40
24
50
 2
17
41
19
 7
39
23
50
 8
14
39
18
24
12
47
44
13
43
26
24
33
23
21
21
38
20
39
28
33
22
16
35
32
 7
18
20
 3
27
31
16
19
18

81