150
43
 6
46
17
 2
28
39
29
24
47
10
 5
 2
14
29
12
 1
48
34
 5
 1
45
16
29
38
12
29
38
36
21
21
29
21
 5
23
29
 1
19
35
35
38
30
23
39
 1
18
25
34
32
11
46
20
24
 4
 4
47
48
37
37
22
38
14
21
 1
49
13
32
21
34
35
14
43
 5
14
11
17
47
 5
17
25
48
43
38
27
29
39
30
41
 6
28
 9
32
43
36
46
27
13
 4
27
 1
 9
48
24
29
 4
41
15
30
23
28
 4
24
32
24
28
19
15
40
31
12
 3
47
11
10
22
21
25
37
25
32
35
32
11
 8
34
 9
 8
30
44
35
35
29
16
 7
25
36
35
45
18
21

88