150
33
 7
45
28
16
25
 7
 5
 6
30
23
19
24
32
31
35
23
49
12
 2
 1
23
37
38
43
 5
35
42
12
26
19
47
 4
50
 8
22
12
42
13
19
28
50
 3
13
16
40
45
22
24
13
41
20
50
16
33
47
32
16
 3
 1
31
39
39
47
 5
24
19
48
11
27
18
16
50
37
48
34
23
21
36
48
36
13
25
 5
 6
41
11
43
 8
15
21
 7
 6
25
41
32
 6
49
 9
17
12
47
33
35
31
46
 3
22
24
22
 1
16
13
18
13
24
46
21
34
33
49
18
15
48
10
 7
11
35
45
20
 7
49
15
43
21
50
47
22
21
19
 4
49
14
22
26
15
12
14
44
18

62