150
12
35
 7
35
11
36
18
18
31
38
30
11
17
48
19
26
37
43
18
31
 4
25
50
46
36
49
41
49
21
21
 3
41
26
40
23
 7
 4
24
36
46
 7
25
25
14
43
31
23
42
38
12
 5
 1
12
19
13
 8
 6
44
40
34
15
 1
42
24
36
38
30
 5
 8
33
17
46
20
34
24
16
23
12
42
25
11
 5
 2
36
19
16
22
18
 1
22
30
15
46
29
31
41
50
24
28
10
32
 8
 7
30
42
46
33
31
16
16
24
11
42
39
46
 2
37
36
 7
11
41
48
18
15
21
25
43
50
14
21
23
 3
24
30
26
40
22
44
16
 2
48
19
42
35
37
23
33
47
14
46

85