150
 4
38
43
29
13
10
50
 9
44
39
37
26
10
48
39
34
46
49
16
35
18
12
30
30
40
34
41
16
46
19
17
41
40
22
 7
34
36
29
29
 2
23
49
50
45
 2
41
25
28
16
 3
21
50
 7
 3
41
 2
23
49
 6
35
35
35
16
27
36
 3
39
13
 3
15
43
39
 9
40
46
26
 9
 4
 6
47
 8
32
33
22
43
13
23
39
 3
17
22
43
49
 6
 5
46
10
32
 4
22
14
46
45
49
16
 7
21
23
50
36
14
 3
47
14
20
37
10
 1
44
41
46
17
39
31
42
 5
32
18
17
24
23
46
19
26
36
38
38
15
48
44
 1
39
28
 3
17
26
12
13
28
48

74