300
16
22
11
35
36
21
 7
41
22
41
40
39
14
 7
15
 6
 9
27
47
40
32
 1
34
50
31
 1
 5
47
25
 7
21
45
 5
30
23
19
 3
30
47
23
20
50
27
 9
38
39
49
48
36
 6
20
38
30
42
12
35
20
31
 1
31
21
 7
27
31
18
21
23
40
18
 1
43
16
12
12
14
46
46
40
38
35
 8
36
23
27
19
49
 9
48
15
24
27
45
49
16
 6
30
40
12
16
35
 4
 4
23
13
 8
26
18
30
29
24
18
20
15
34
29
20
16
18
17
20
15
46
15
10
29
19
32
12
 1
24
39
45
27
11
49
17
27
 3
41
44
43
36
27
 8
27
50
10
20
40
11
22
24
11
41
 5
23
31
36
42
 4
44
36
17
 1
 3
 6
38
20
 2
22
20
48
19
20
26
32
42
20
45
 2
31
38
 2
 3
 7
39
19
39
18
 3
 2
25
22
49
14
25
 5
43
43
21
43
29
17
 7
18
17
27
46
50
 5
29
 3
29
25
37
46
 5
16
50
 3
33
 3
 2
50
15
45
44
48
36
 6
 4
11
23
49
 8
44
12
23
43
46
 7
21
15
14
 3
14
 8
12
48
17
43
15
27
38
34
46
34
 2
25
41
11
28
13
 1
 7
 7
 8
40
 1
11
28
19
10
11
21
16
44
31
18
34
 7
30
36
 2
30
23
 9
18
31
17
46
11
 3
 5
49
16
41
45
 3
16

61