250
47
36
 2
 8
48
 6
12
49
28
16
25
12
 1
30
17
 3
30
38
46
43
 5
 5
17
34
17
33
33
26
40
10
46
50
41
22
27
29
29
13
34
50
17
16
 9
45
45
 9
 1
31
50
42
39
38
16
29
10
19
41
26
14
48
32
 9
15
14
11
36
50
33
10
38
41
44
 3
24
45
18
44
25
11
29
22
42
23
45
14
27
34
28
14
36
 4
 3
18
30
46
18
 7
25
34
17
 5
47
 2
14
50
41
25
12
45
 1
27
13
40
22
 4
 5
29
28
 2
19
24
32
 2
19
35
10
50
37
31
39
48
 3
47
 1
16
24
48
24
 3
25
24
46
24
 2
31
15
39
42
45
19
10
30
25
25
17
42
23
19
49
41
 4
 3
28
16
37
15
 8
40
47
 4
46
16
35
13
20
 6
31
 4
35
48
50
13
33
19
 8
32
 4
32
25
40
12
 5
38
47
19
31
32
30
47
27
31
19
13
13
25
 9
33
40
20
39
45
11
36
13
 3
 6
 1
30
45
49
37
24
 2
16
43
14
26
16
42
27
17
 9
38
14
26
26
40
 3
 6
17
41
30
45
19
12
27
35
27
34
34

63