200
 3
10
19
49
18
 9
20
 2
38
 8
23
33
14
 8
30
42
10
16
50
26
14
15
19
29
 6
31
45
32
26
24
32
 9
22
29
42
26
 8
 9
30
 3
32
26
46
44
 2
45
36
 6
12
44
50
34
39
20
20
49
12
26
 2
17
43
26
12
 9
19
41
21
33
 6
45
18
 3
32
31
41
33
29
21
20
 6
38
36
47
24
14
 3
21
49
42
33
 3
36
42
37
38
 5
40
18
16
48
40
38
47
37
 2
10
42
28
35
 6
12
 5
22
34
20
33
13
 9
13
36
47
14
20
11
43
35
34
14
 7
14
40
50
21
40
39
25
47
40
14
44
25
36
16
40
46
 4
19
42
 9
46
 6
33
38
 6
 4
 9
14
14
43
10
41
47
45
34
46
18
10
33
18
11
33
12
26
27
33
22
33
 2
44
37
50
27
30
 9
39
32
28
14
13
34
49
24
37
36
33
13
17
 9
 3
14

72