250
20
35
41
 1
39
42
16
32
35
11
45
27
26
19
42
25
 2
44
47
50
26
13
16
28
 9
42
43
40
 2
21
42
33
32
32
22
41
30
39
26
22
 9
21
22
27
15
47
19
30
 4
10
34
31
 9
24
40
 9
24
50
29
 9
39
36
29
40
34
28
36
34
36
22
29
47
21
43
10
29
15
40
19
28
36
12
 7
18
50
23
45
34
37
45
24
31
10
26
33
46
21
29
 7
14
15
 8
47
23
25
17
14
26
 4
36
22
46
50
39
43
 6
19
 3
15
27
 4
12
49
47
25
 3
 1
 9
48
42
30
40
 4
47
43
45
34
40
 7
18
39
43
17
45
25
27
22
30
37
 4
21
36
12
47
32
34
20
 3
 8
34
 1
35
20
26
34
38
13
 9
39
28
18
16
35
36
 7
36
36
48
10
 1
29
15
 3
13
26
36
19
31
 7
 2
42
28
10
43
28
27
47
11
41
10
12
29
12
18
40
16
40
29
18
34
 9
 2
21
42
21
 2
38
39
 9
32
16
18
 3
26
50
37
42
37
31
44
13
28
33
41
22
45
27
25
 8
44
 2
39
24
43
46
 3
22
 6
 3
 6

81