250
 5
 8
 2
 5
24
39
24
15
45
 3
50
16
34
35
42
45
28
31
48
19
31
10
48
42
50
46
32
23
10
33
 3
39
14
49
24
 4
32
46
28
18
12
35
27
33
17
 5
18
 6
 5
 1
32
24
29
25
 2
 5
35
 6
46
32
19
43
46
12
43
32
 8
46
34
48
28
28
21
 5
14
 2
 9
23
15
45
27
37
18
32
26
 8
 6
22
42
 8
 1
40
15
14
22
24
31
26
18
19
32
13
13
 9
34
21
49
 9
10
 8
11
44
17
36
17
34
35
16
21
11
21
 3
37
 3
10
49
15
 6
24
 8
26
 6
30
48
27
11
47
42
38
20
11
14
26
28
 4
39
 1
24
37
45
32
19
50
50
37
14
34
 7
 2
46
50
50
22
39
19
 6
48
13
16
25
 9
 3
 4
 6
28
 5
20
 9
38
 8
 4
30
 5
 8
36
48
46
49
43
 8
19
21
 8
 7
17
 2
31
25
32
27
43
13
39
 7
36
 5
26
 1
15
35
39
26
20
34
50
22
17
36
21
15
24
 7
36
 8
35
31
 6
 9
28
36
42
14
38
25
30
44
 5
 6
29
37
29
29
 9
 2
28
22
 4
40
20
30

62