200
14
46
 6
44
23
28
46
 6
15
11
 4
23
 1
 5
11
22
10
45
41
23
39
31
26
30
12
 3
12
18
28
21
45
44
26
34
 1
11
28
18
43
38
11
20
13
11
48
18
13
46
 7
15
 7
 3
41
 7
 9
20
 7
38
 2
 6
15
48
44
 8
11
25
44
11
13
15
23
28
19
24
10
31
14
26
10
42
49
12
39
23
29
31
45
 4
 4
13
27
 2
25
 2
16
40
 7
 2
35
 4
34
15
 8
 9
 3
19
47
42
38
16
49
46
50
20
39
40
42
41
32
 1
 6
22
 5
 7
44
29
 1
25
 4
14
48
48
21
45
36
 2
 8
19
12
22
21
 6
11
40
 1
23
34
37
 5
 5
34
19
30
13
26
47
23
38
 9
48
29
46
13
48
19
18
 1
 2
21
34
43
 7
11
47
47
 5
 6
19
36
20
12
43
24
 9
34
45
47
38
 2
41
32
47
45
46
24
43
34
24
31
46

83