150
 1
35
29
46
43
47
40
 9
 2
29
44
27
37
14
50
46
 9
34
42
25
36
37
48
 5
49
13
 4
40
25
 1
33
14
 2
25
44
46
40
19
13
29
42
50
 7
11
 1
42
47
49
49
 4
 3
39
30
29
 2
20
27
27
20
47
26
45
 2
17
19
13
30
35
35
22
10
 5
40
37
25
16
28
29
37
35
 5
41
29
43
34
 3
42
43
50
43
 2
43
 1
35
43
 8
 5
30
37
10
35
48
 3
18
21
48
22
 9
 1
21
45
29
 7
31
28
 3
 7
45
11
18
 7
39
32
16
10
 3
17
13
42
38
17
39
 6
17
15
18
18
35
 9
35
 6
10
21
 3
 3
48
45
26
 8
49

80