300
23
12
 2
48
 4
20
43
38
 4
18
 9
34
 2
44
14
25
40
33
 9
23
18
46
22
32
10
10
18
 8
26
13
 1
 1
21
 4
38
43
30
 6
46
40
10
31
40
16
12
21
19
50
43
20
 1
26
 2
 8
 6
36
50
28
23
49
25
27
 1
20
25
 5
37
36
43
40
 1
 9
 2
27
 6
 6
39
19
50
32
 6
 6
41
27
48
33
47
40
41
23
45
22
30
 6
22
24
12
35
 3
 6
32
42
26
17
45
48
22
19
 7
 7
33
10
 1
30
10
10
20
40
15
11
16
29
38
13
19
 4
40
31
42
45
42
20
17
29
10
 7
 1
19
22
16
32
11
 8
13
22
 1
12
44
44
27
15
20
16
28
47
19
 1
12
16
48
18
48
33
 5
13
19
27
31
43
31
42
25
10
18
 8
10
34
43
49
12
23
27
41
28
43
36
18
 7
27
32
32
 8
 5
12
 6
13
27
 8
23
46
20
 7
38
38
50
44
46
28
50
29
27
31
38
41
23
 8
14
49
34
 3
25
15
38
49
11
32
29
13
29
14
44
17
46
18
35
34
 3
45
10
34
 9
31
42
32
47
31
26
20
 4
16
15
11
 4
30
23
32
41
38
 4
23
 1
15
 7
17
28
36
49
17
16
19
38
35
11
 1
 7
31
21
45
 4
47
17
12
33
17
 1
12
24
29
43
26
38
49
38
25
17
 9
16
46
26
48

72