200
26
39
15
25
 2
39
35
43
27
13
38
19
14
29
27
19
28
38
46
 7
15
35
29
38
31
 1
42
29
48
 4
32
 7
10
25
37
17
19
46
 4
 2
14
42
35
19
31
14
28
33
20
15
33
25
14
20
46
 3
 3
35
42
16
19
47
44
 4
 5
32
32
42
45
39
 4
49
11
45
38
 6
40
28
28
43
35
46
28
11
 5
45
47
 4
 3
 3
15
32
35
20
26
29
42
24
32
33
 2
 2
41
43
 5
15
23
38
12
28
25
31
 8
10
45
22
 5
16
34
 4
24
47
 6
31
17
 5
19
17
15
16
23
42
36
 3
21
13
14
28
41
45
16
38
38
34
37
 5
37
 8
24
27
 7
18
 5
40
35
20
26
18
 5
23
26
 2
 8
30
 8
41
44
48
33
24
42
31
10
48
38
46
 1
25
46
26
 4
17
39
39
30
27
36
33
 7
41
28
30
44
11
46
16
19
28
40
25

63