150
19
27
27
38
21
19
 8
35
25
40
31
28
34
 3
25
48
10
18
10
 7
46
44
 2
45
 2
 6
50
45
35
19
20
43
21
28
 8
 8
 7
12
 4
36
48
30
46
39
34
24
38
46
 8
27
50
32
26
43
18
 5
23
 4
 1
46
 8
35
30
15
 6
10
17
12
31
15
16
38
19
17
25
 5
47
11
 4
45
11
 5
17
45
12
11
31
46
50
34
44
18
27
44
20
 1
37
 5
38
 9
39
12
26
14
31
17
 4
35
28
45
19
10
15
 8
35
25
23
32
44
50
 7
18
41
 6
36
11
 5
29
 7
 8
 6
18
 8
23
37
28
 3
 9
34
 8
24
22
36
14
13
40
 2
12
 5
26

93