300
49
26
39
13
11
10
40
25
11
36
40
36
21
18
18
42
22
49
35
10
23
41
 6
40
 5
38
24
24
23
10
36
 4
42
 9
10
 1
 2
30
 8
 7
27
23
28
49
10
 9
33
50
47
11
29
20
 4
45
49
14
30
 3
 4
35
41
18
45
45
22
30
39
12
 2
21
29
24
39
37
49
40
 5
29
 9
29
18
48
46
 7
49
10
41
40
18
28
23
24
48
37
33
26
24
40
32
27
39
21
18
31
13
31
15
 4
45
 2
15
49
42
12
25
 9
36
20
43
31
31
 2
 8
30
31
32
32
26
29
23
12
28
38
24
31
29
14
43
38
12
12
37
21
23
 3
20
12
40
 1
25
 3
 6
50
14
25
35
35
17
18
27
46
45
40
38
46
32
21
40
32
44
 2
39
 2
38
35
38
19
18
49
21
24
37
16
39
 5
14
 8
28
20
 7
25
36
11
36
16
42
43
 3
50
43
35
34
41
36
22
43
49
 6
32
24
 3
 9
49
21
40
18
 7
 6
44
21
24
14
27
 2
40
26
40
11
20
 8
46
40
21
49
28
12
41
 6
28
10
26
30
44
10
14
36
45
13
 5
 4
22
35
46
49
10
44
 8
13
48
42
12
48
42
46
47
 3
38
30
22
15
38
42
37
18
27
13
 1
46
 6
40
33
26
24
45
29
 9
20
45
 4
23
48
40
47
11
 8
11
33
15
35
48

76