300
43
37
18
35
12
21
48
 8
43
50
15
28
34
13
19
28
33
37
25
36
17
 5
 9
 4
 5
28
17
19
28
23
 8
 2
32
44
21
28
20
50
44
10
11
50
16
33
44
 7
36
24
39
28
37
18
46
13
35
13
21
36
50
48
42
15
24
38
47
35
33
27
28
 9
23
42
26
35
36
42
49
20
22
12
31
49
39
24
45
17
 6
 5
16
32
29
 3
 8
40
31
26
12
29
23
41
25
34
30
24
25
15
18
33
36
 6
 3
 8
 4
 7
 2
45
50
31
 6
31
13
29
19
45
 8
10
17
37
10
50
35
41
12
50
39
47
 8
18
 8
43
32
 7
24
 2
49
41
36
30
12
17
23
24
20
22
16
21
50
39
50
48
20
 4
 9
 3
 1
41
34
12
37
18
38
 3
11
23
49
23
34
 6
37
14
21
 3
31
34
 4
14
19
41
 6
35
24
42
17
44
46
44
18
28
46
 5
33
 7
43
12
 8
24
48
10
 4
35
36
44
18
34
 7
22
24
48
34
16
10
30
 1
27
35
38
10
39
15
11
33
26
31
41
29
31
38
10
25
41
49
50
35
 7
 2
18
30
 5
38
48
49
19
36
29
 9
50
21
39
 5
17
21
25
47
12
44
26
38
43
 9
33
 3
32
 8
 2
22
30
33
47
37
24
30
35
 9
45
44
 7
36
36
50
13
39
19
44
36
35
25
26
33
47
39

74