250
37
 1
35
35
13
 9
17
21
11
31
 2
15
12
10
25
 1
 7
23
16
 3
 8
35
 6
49
30
46
49
 4
 1
44
 9
45
21
 8
 6
20
33
 8
 7
 9
23
33
29
17
13
 4
13
50
50
 5
 3
47
 3
46
40
12
47
 6
22
48
11
48
16
45
11
20
12
17
 6
45
30
29
30
 9
47
50
 5
31
17
48
33
13
10
47
43
18
42
28
29
22
30
29
38
32
34
16
47
 1
43
 1
33
50
24
14
47
19
12
49
48
38
 3
44
46
19
36
34
 8
35
21
23
22
48
27
 5
 2
 4
 2
48
41
46
41
22
28
43
 3
45
 1
25
50
31
11
19
48
23
32
 6
15
42
48
45
 7
 7
19
18
29
41
11
44
30
25
23
45
16
33
18
19
44
 3
49
37
42
30
30
17
46
14
18
26
 3
44
28
14
48
 8
39
18
11
44
19
43
10
 4
48
26
 4
14
21
 9
48
49
37
13
 2
22
14
10
40
37
39
30
42
27
 8
 5
28
13
45
28
31
45
28
46
 9
14
 1
29
22
18
40
29
19
31
30
28
50
10
36
 5
16
31
 9
32
44
13
42
28
34
17
11
17

56