200
49
18
39
 3
44
49
15
29
20
24
50
11
10
49
47
40
35
46
49
43
50
48
46
16
29
17
47
 6
14
 8
42
13
35
23
 2
50
32
27
42
30
 4
10
41
41
26
27
35
45
 3
23
29
42
45
27
26
28
20
45
 5
13
31
18
 9
 7
12
41
18
37
45
43
32
21
 2
23
26
14
 2
21
 4
32
11
24
26
14
32
28
19
12
35
41
15
26
15
30
41
34
49
32
27
39
13
48
18
36
47
30
 4
36
11
19
 6
32
21
39
 1
10
 2
 9
32
41
33
39
 6
30
22
22
19
17
47
24
23
14
45
12
23
 1
39
45
36
38
23
35
30
 5
35
16
13
36
47
44
16
44
 1
34
29
50
19
20
43
46
48
28
18
14
 7
50
40
31
19
13
44
24
18
21
 2
28
22
28
46
 8
47
27
23
 7
39
22
 4
34
17
31
15
25
42
48
45
49
 2
44
28
37

85