250
26
35
 7
32
29
21
23
39
38
13
 1
43
27
43
36
 9
 7
37
29
45
 9
 3
 2
31
 2
43
45
14
 6
29
 2
28
18
41
 3
38
10
 6
40
 6
 2
37
40
16
 2
41
 3
 3
41
27
40
24
49
15
15
47
18
32
36
10
25
12
28
 8
41
47
26
18
 2
14
36
48
47
15
24
26
 8
26
 6
37
15
45
40
23
50
24
29
37
50
21
37
13
 7
36
45
45
34
32
50
14
44
10
13
27
15
27
 6
29
23
48
28
39
49
33
 2
36
15
33
19
27
29
23
46
22
 6
49
40
29
 3
15
41
13
34
 5
40
19
 1
 8
47
28
41
10
22
43
34
 5
39
28
30
 5
23
43
17
34
 5
16
24
16
23
32
44
 6
16
19
50
12
42
50
39
37
37
46
11
11
40
 5
35
31
29
41
 4
10
28
26
48
30
20
38
 3
 1
 2
40
 2
 6
46
15
11
40
11
42
13
33
13
16
33
38
29
45
16
 8
43
 4
29
 7
41
31
 9
40
41
33
25
29
30
 7
29
38
18
 8
36
50
44
21
46
23
20
 5
44
 2
46
33
45
 4
32
26
21
15
 4
 2
25
20

80