200
18
 7
45
37
33
14
35
23
 7
48
 2
49
17
11
 9
39
 6
27
 8
23
40
 9
45
38
41
47
46
14
47
45
32
24
38
21
36
13
43
46
24
31
34
36
31
 5
32
49
19
49
23
 4
38
 9
11
20
 5
 9
46
28
35
14
10
 7
 1
14
16
15
17
28
47
37
11
12
38
 2
45
28
44
37
20
32
35
 1
 6
19
24
12
41
34
18
50
 6
37
19
38
37
19
46
 8
14
39
21
33
 8
44
 8
19
41
11
 6
24
 9
31
40
35
 5
19
17
41
25
41
18
33
 6
20
39
12
10
18
13
33
17
 7
 3
36
11
44
28
24
14
 2
15
42
16
44
30
20
30
34
10
47
45
 4
 2
29
 2
 4
33
 2
27
46
16
38
23
19
39
 6
36
38
30
 1
 3
22
47
22
23
14
24
38
11
29
13
 1
44
20
43
40
46
10
 8
12
31
16
13
20
32
21
25
27
36
12

75