250
24
34
49
28
45
11
 6
 3
 9
 3
 3
11
31
26
32
16
44
22
23
40
 7
37
 6
 6
26
28
44
13
33
49
45
49
48
37
24
47
42
37
50
 1
21
20
10
39
46
43
35
44
45
47
47
 1
30
 9
12
21
21
49
 8
33
 2
44
32
32
12
 3
37
20
47
38
43
21
25
41
40
 5
30
48
22
28
 4
23
25
28
47
22
48
 7
 5
29
23
28
18
50
48
36
 5
 7
12
21
11
 5
 1
19
 8
18
16
20
13
 3
12
29
48
 1
26
40
39
 3
37
 4
17
30
45
 2
24
50
32
37
 4
11
45
 5
29
20
19
19
10
40
 8
15
12
12
30
26
21
 8
48
29
 9
 7
29
 2
14
39
 8
28
46
19
32
11
 7
18
36
44
29
24
37
41
39
 4
15
36
17
24
14
10
 3
25
36
11
29
41
 5
19
39
16
43
 8
16
38
44
20
26
43
25
40
27
29
39
 9
25
15
47
13
33
41
15
 4
46
45
11
28
23
 8
 2
13
23
26
39
14
17
34
23
18
48
 1
28
11
23
40
21
39
16
36
43
21
 6
 4
12
 2
 1
29
37
24
 3
14
24
34
18
28

84