300
17
11
50
49
13
44
20
23
25
34
15
24
39
 5
32
10
 2
 4
48
 8
35
39
39
29
24
33
 3
13
33
28
38
25
29
39
50
41
12
32
12
36
 3
 1
35
21
14
28
33
10
39
 6
16
48
34
18
43
45
24
42
20
 6
32
23
20
25
18
21
10
19
38
 2
39
21
13
 4
32
23
36
 3
31
34
43
25
11
25
20
49
17
 5
34
20
10
26
 6
 4
29
17
49
21
 6
11
44
30
26
26
 3
25
49
 5
35
 8
50
29
35
19
39
 9
39
18
31
46
39
31
19
27
32
21
50
35
32
50
42
46
37
43
21
 8
34
46
36
 4
47
20
37
31
13
18
28
31
 1
22
 7
11
37
 7
29
42
 9
26
41
16
40
15
34
15
 7
 1
19
44
23
46
21
43
41
29
40
14
 6
30
 6
 9
41
49
19
31
 6
13
40
41
20
 1
26
42
 6
12
26
49
23
45
24
40
36
23
11
22
26
26
13
33
 3
32
40
16
 6
14
46
47
16
 7
41
49
 5
12
 3
19
22
30
23
19
25
48
 6
19
 1
21
12
46
44
 3
43
28
 3
30
18
36
23
46
35
 6
47
 4
41
21
36
24
17
42
46
27
42
37
25
32
26
 3
 5
 2
15
14
44
47
 7
32
50
30
10
29
45
27
38
16
13
47
16
30
29
15
 7
12
13
25
11
38
21
34
24
16
49
24
18
29

80