300
10
47
 2
15
 8
21
44
 6
 2
40
27
35
10
 2
11
10
45
14
40
20
48
28
 2
10
35
39
35
32
29
 1
29
49
16
17
 7
10
38
29
43
22
 2
 5
21
 9
 5
22
44
46
37
13
27
19
46
42
43
 9
41
32
16
49
33
29
32
20
35
20
 4
30
50
15
43
 5
 5
17
47
10
19
50
29
11
20
23
 7
16
11
27
23
23
 8
43
49
27
36
43
10
17
10
38
34
 6
27
33
 8
16
20
24
14
35
35
22
13
30
28
39
15
 1
40
42
33
47
32
10
46
 7
30
37
10
39
29
14
19
10
17
48
39
 8
16
42
34
40
 8
22
33
 2
18
41
47
23
46
31
19
22
 5
28
37
10
39
21
26
37
24
42
35
 1
29
34
 9
22
39
37
 5
22
 8
18
13
19
47
38
45
39
17
18
28
10
31
28
37
26
12
 3
 8
22
40
15
30
31
48
 2
46
41
19
 4
47
18
33
44
29
 8
32
21
26
14
 1
29
16
30
 9
 8
18
35
10
 8
 8
11
14
25
19
27
38
38
40
22
42
21
29
 5
42
33
 8
10
49
34
 6
17
29
20
33
10
48
45
34
14
24
42
15
13
32
47
 5
39
41
 4
 9
46
22
19
26
36
38
45
18
18
 5
14
41
44
40
13
38
20
21
17
47
41
20
44
 5
44
21
 3
13
22
46
15
37
50
21
39
35
50

89