200
25
 9
39
46
48
15
41
22
35
27
 2
 9
16
 9
20
21
33
32
 3
25
48
18
16
46
21
15
28
26
39
27
26
14
45
43
25
37
44
49
48
13
32
29
17
11
44
49
12
36
16
43
 7
10
34
24
35
22
28
17
39
20
50
38
43
18
43
47
 9
15
11
 9
 3
47
 2
 8
17
32
19
 2
12
 9
15
35
 8
29
 2
39
44
 6
 7
25
45
14
49
38
38
 3
34
40
 5
21
25
27
38
47
28
28
16
40
37
42
45
19
27
24
41
14
41
 5
 5
40
34
33
46
36
10
 7
28
34
42
41
20
 1
40
47
40
28
11
 3
13
25
 4
38
 8
38
20
30
29
26
19
23
45
11
44
25
28
37
 8
42
38
 4
35
16
 9
38
39
33
19
11
44
11
31
47
23
11
17
 9
17
19
13
45
14
47
36
44
22
 9
12
43
 4
35
 8
 8
30
17
 2
13
49
43
47
 9

78