150
42
34
16
28
40
21
 2
49
45
29
21
42
15
 2
48
 2
20
39
 8
38
 2
42
46
14
23
35
15
21
31
24
43
48
12
40
31
28
 9
44
28
14
44
45
47
24
49
 2
22
 9
25
 4
16
 7
32
 4
42
11
17
25
31
34
 4
44
 5
47
19
14
38
44
29
13
13
18
30
31
11
49
34
25
10
14
29
17
 2
31
 2
35
38
35
49
22
39
33
44
 3
10
 8
50
 4
13
 9
 9
23
22
34
47
22
21
34
37
30
29
50
31
36
15
47
44
31
 3
34
33
16
27
22
 6
12
41
 6
 4
10
15
44
35
23
31
21
 8
30
23
48
 2
25
13
37
27
35
45
34
34
38

53