250
41
21
17
18
17
12
15
29
42
14
 7
15
 1
 3
41
16
23
45
38
13
25
14
33
 8
25
20
23
30
 5
26
47
32
28
10
39
 8
40
10
22
50
37
11
 6
22
19
 8
26
37
17
39
24
32
40
 3
 1
14
28
37
45
 5
21
46
25
11
50
39
24
41
 8
14
18
17
 3
22
 1
17
47
32
18
13
41
12
46
38
38
 2
42
15
11
12
42
42
36
50
14
48
27
 7
 6
11
41
 1
20
30
47
32
 7
12
26
48
26
24
 3
11
28
35
38
 4
 2
29
21
42
26
47
34
12
43
 4
46
42
20
15
32
32
26
21
15
20
32
 3
16
35
 4
14
 7
 6
29
44
42
13
15
20
50
35
 6
21
15
33
 8
40
 1
44
 8
 9
43
14
47
40
49
37
34
48
11
10
50
28
13
 7
10
13
 4
 4
12
20
48
20
49
46
38
35
46
 2
36
50
45
 5
 5
11
50
48
21
 6
46
40
45
 4
11
40
19
 3
22
10
16
26
19
44
32
35
38
23
45
 1
 7
11
48
 9
46
27
22
40
19
11
31
13
27
17
20
15
40
 9
41
16
45
 1
39
 3
42
18
 8
23

69