200
21
34
19
34
21
32
32
16
13
27
26
18
43
 4
25
 3
27
50
21
 3
47
49
 4
32
 3
48
 1
28
 3
10
 6
 8
45
29
17
22
15
 4
 2
21
41
42
24
30
44
15
 6
31
21
14
34
 1
44
30
14
44
34
10
45
25
 1
30
22
 5
41
47
35
27
28
19
14
36
41
47
 1
28
44
10
19
15
37
16
42
22
 3
10
34
 7
 1
11
 2
33
16
30
30
 6
37
14
 6
42
36
 1
34
38
47
12
37
 3
14
 1
37
39
26
29
10
 6
12
49
38
40
48
19
20
38
24
47
13
20
 6
20
30
 4
 8
50
44
50
24
25
11
50
12
49
20
14
49
 8
28
50
39
27
38
31
42
38
 1
45
43
13
40
27
49
42
15
40
 7
18
18
16
29
21
12
 5
21
10
34
 8
12
47
18
28
42
 1
47
49
14
36
29
39
38
29
 4
46
27
14
 1
13
 7
38
45
22

70