300
19
14
30
29
41
44
28
10
44
13
14
48
46
34
44
 8
25
43
19
41
 7
19
50
11
26
50
14
20
 9
40
13
11
16
34
 8
10
16
 1
23
42
 1
36
19
18
42
37
42
39
11
 9
33
27
12
 9
16
31
 3
34
23
12
24
15
44
12
11
 2
37
31
15
 8
18
 7
19
19
 6
20
15
31
27
12
32
 8
31
20
34
13
38
43
 5
11
33
14
36
49
 4
 2
15
10
39
31
 8
45
15
41
37
27
17
10
45
12
31
46
39
26
 2
21
26
35
28
22
15
25
25
47
 7
28
 4
 2
17
10
 8
43
30
 8
50
 9
29
17
 1
21
27
42
 9
34
10
 3
39
26
17
45
50
17
26
16
32
40
45
40
28
43
19
26
20
36
20
10
15
27
46
48
41
43
32
49
39
43
35
43
41
32
47
30
37
 1
45
28
22
44
19
35
26
12
50
42
27
 9
18
 9
 3
 7
31
43
 9
41
42
27
46
15
35
14
24
48
 2
22
45
22
38
16
49
36
41
33
35
38
 3
46
12
30
 7
32
11
50
 8
10
 9
21
18
18
46
31
37
 3
26
 5
47
 9
28
49
 1
18
 7
15
20
35
33
39
44
37
46
 8
31
 4
41
13
45
18
20
 8
33
30
39
46
36
 8
 2
10
23
37
31
46
25
39
39
38
27
36
42
 8
 5
 1
39
28
31
31
43
45
37
23
20
 7

94