300
 5
28
30
44
36
39
37
38
40
35
23
39
24
31
31
12
38
 8
38
40
 8
50
27
 3
21
39
29
49
37
40
11
 7
36
34
 8
14
49
32
18
32
 6
20
 4
16
39
 1
37
27
 7
49
 9
43
17
 6
37
34
36
 4
18
17
15
49
 2
13
12
17
50
 4
24
41
46
29
 3
39
31
11
20
19
 5
 8
 7
 9
37
30
18
26
12
29
42
47
33
37
48
47
22
 5
22
26
30
 9
33
10
24
50
27
11
14
 5
34
10
47
37
39
 7
40
21
27
 7
22
38
 3
 8
45
11
43
42
20
42
27
27
27
 6
50
22
 8
20
 7
46
46
18
41
32
13
32
47
37
 6
25
 5
43
23
16
25
30
 8
14
48
11
33
27
 4
35
38
 7
40
38
36
44
44
13
11
46
47
25
27
40
21
38
10
43
36
28
43
43
25
47
32
46
28
 6
20
13
24
46
47
34
46
48
21
13
 4
 7
45
41
20
11
46
31
13
44
46
18
25
 6
41
43
50
17
28
10
 4
19
50
33
 1
39
44
50
24
32
43
26
14
22
35
14
 5
44
13
47
34
12
46
49
11
 3
18
41
22
24
12
 5
10
 2
42
42
45
26
35
25
25
44
35
41
27
 4
23
47
11
14
 9
38
10
10
 7
 9
 4
41
43
 6
28
40
34
50
29
11
25
 3
13
18
31
50
42
28
37
21
43
29
20
14

61