150
45
 4
34
 4
18
45
48
 5
34
22
48
50
15
47
37
15
45
42
25
29
 1
16
33
 6
30
11
48
15
40
 7
 8
 2
46
29
 9
 1
43
 2
 4
 5
38
31
 1
30
 3
 8
 7
16
29
 6
28
 8
34
46
 4
 1
33
18
14
23
36
40
42
32
 9
 5
11
49
48
 8
30
22
33
 6
12
24
27
 4
22
44
42
33
34
11
47
31
25
19
30
42
13
37
41
43
30
 8
21
13
 1
30
19
41
42
 3
36
47
28
46
21
 1
12
31
24
 2
 5
11
27
23
 4
50
11
 1
25
 1
16
23
12
17
11
35
42
47
 4
35
 4
45
 9
25
18
 1
26
46
11
16
32
31
38
25
50
48

69