200
44
 1
28
43
44
32
50
 1
40
50
21
24
28
50
16
21
47
39
27
34
 2
19
41
22
42
 8
23
 4
13
38
13
26
27
22
41
33
44
38
45
38
15
47
23
39
40
36
12
46
48
18
 4
36
42
17
42
50
30
32
43
47
37
13
15
 1
35
39
 1
23
28
29
22
42
48
32
 6
29
26
17
16
 2
20
13
28
48
48
 4
11
32
 6
17
 6
44
44
44
38
 2
 4
42
24
12
28
 7
15
48
38
 6
33
 9
38
35
23
32
 8
48
34
17
50
22
39
 8
25
11
44
37
22
50
50
25
22
38
34
29
26
 8
46
 1
40
20
42
45
28
33
46
21
34
30
31
29
40
47
12
45
48
20
43
 5
34
13
10
11
15
33
 5
21
48
13
38
38
 8
46
 3
34
42
38
35
24
50
13
28
31
28
22
28
49
49
43
10
39
23
17
28
18
 6
15
32
15
28
24
18
16

70