300
37
39
37
36
44
17
49
18
28
17
43
 7
39
19
 8
26
14
23
31
24
48
33
21
40
10
27
49
 7
35
17
36
14
34
24
19
35
43
48
35
19
24
47
13
 5
28
 8
 1
10
12
25
22
 8
48
45
 9
49
19
25
25
20
 3
41
34
28
12
 3
45
12
40
14
47
34
46
16
27
31
 2
27
15
29
34
33
 5
 8
26
35
12
25
35
15
 5
12
20
 1
 4
36
41
 4
30
47
42
47
15
18
45
44
17
14
 4
48
48
21
 1
13
37
25
10
13
49
23
21
50
28
13
31
41
45
50
 5
49
44
25
45
42
12
37
47
42
 3
21
22
32
47
10
27
15
16
17
18
10
42
34
19
24
28
31
34
 2
27
40
17
12
41
24
41
29
42
14
10
32
38
11
42
36
33
29
36
19
 2
26
 3
21
31
47
50
 4
33
41
17
 8
34
 5
48
33
44
29
38
35
48
49
35
21
33
32
41
50
12
36
17
40
32
47
38
38
27
33
29
 5
31
46
49
47
43
45
35
50
17
49
49
 2
44
25
35
11
32
 7
10
46
26
29
35
38
44
 6
31
39
12
29
32
 1
26
42
23
 7
47
19
23
49
22
49
 5
40
12
23
48
24
17
33
49
28
39
12
16
10
27
 4
31
48
35
22
46
40
 9
10
50
26
10
12
18
33
26
18
24
23
19
10
45
44
 8
13

86