250
41
 9
18
36
29
11
34
 9
 5
15
 2
36
45
43
11
13
29
 8
50
21
31
43
40
40
48
31
41
12
46
40
35
46
29
24
24
11
15
30
48
46
33
35
40
19
38
32
19
34
24
25
50
38
11
25
25
20
21
38
 5
29
20
11
 5
22
20
 7
31
47
35
37
 4
13
 6
29
19
19
 3
37
36
11
46
34
24
 1
25
18
34
43
40
41
15
39
44
30
12
35
13
 4
43
10
19
23
36
12
36
49
32
10
31
 7
28
24
11
25
11
23
15
23
26
13
36
 9
31
29
15
38
12
30
 9
48
15
40
 3
29
27
31
21
 9
 1
21
50
40
 9
 9
24
11
43
45
25
14
 1
16
43
15
 3
34
24
15
23
41
48
16
42
18
 7
16
48
 5
48
12
45
47
40
18
34
10
42
30
31
28
36
 6
 7
20
31
40
12
20
42
48
23
45
37
26
48
13
 6
19
19
34
38
 2
37
42
50
48
 4
28
26
45
48
12
15
 7
20
44
 5
 9
50
 5
47
47
19
10
22
 1
22
23
11
30
 5
36
15
46
19
16
34
47
16
19
20
10
10
22
34
10
40
18
45
47

68