150
 8
 4
 8
19
15
23
18
25
19
28
15
29
35
34
49
30
48
38
34
37
44
50
16
34
 5
47
26
 8
50
50
 9
34
48
15
50
38
44
18
22
29
35
48
33
13
10
33
26
48
39
 4
 3
 1
50
 6
 9
37
 7
47
45
32
33
49
18
39
34
41
22
20
48
 3
42
32
50
33
10
41
46
12
20
15
42
37
14
48
49
34
 2
33
34
11
 8
33
10
14
47
40
32
44
21
42
30
44
36
23
41
48
46
44
33
 6
50
 7
11
48
43
15
31
24
13
18
 3
35
43
20
47
37
30
50
21
50
24
 8
12
41
27
19
 2
 5
23
42
31
13
29
17
31
29
41
19
10
18

91