250
46
20
 7
14
 9
 7
17
 3
 5
42
30
 3
23
36
41
40
45
48
35
 7
19
 5
20
 5
42
 2
45
20
45
44
30
24
16
46
34
22
23
28
32
10
 2
21
22
35
41
45
17
21
13
30
41
 5
 9
20
 4
19
39
 1
 5
23
 3
43
26
47
22
40
 9
25
19
26
36
46
29
44
33
44
 6
34
 7
38
33
11
23
27
45
47
 9
30
46
45
11
 2
 5
22
29
31
42
38
13
 3
 6
11
47
28
11
43
35
10
 2
31
14
22
50
21
13
30
47
 7
31
22
46
34
21
49
20
35
39
13
31
50
48
 7
36
13
39
47
 1
40
50
 3
32
16
28
10
 8
 8
 1
43
21
22
35
22
14
50
39
29
43
34
36
17
 4
40
19
11
12
25
38
 1
11
45
40
48
35
49
41
17
28
30
 9
 3
44
41
23
35
35
11
30
14
49
 5
41
44
 3
 1
38
16
 8
25
20
27
 2
12
34
32
38
 6
18
42
26
17
29
23
 9
16
 3
18
 7
45
25
 1
 6
32
12
34
 1
26
13
45
49
 3
37
39
27
34
49
47
36
47
 7
16
13
27
27
 3
35
15
12
38
40
 3

91