250
25
 9
 7
10
22
17
19
12
40
36
26
41
38
28
37
22
 8
34
47
28
35
45
50
 8
17
15
30
13
41
44
 5
31
37
41
23
25
10
26
 2
48
15
26
 6
17
12
19
 4
20
29
15
15
43
45
18
14
47
 9
30
20
43
46
 6
21
17
50
 8
26
 6
18
35
 3
11
45
14
 5
12
47
36
34
26
12
30
21
42
36
37
43
16
27
44
43
13
32
12
42
11
18
22
40
17
31
28
20
17
49
 7
18
43
 3
35
25
39
43
39
48
11
22
37
 7
29
23
26
 5
36
19
21
 6
45
13
21
28
 2
 7
27
14
42
30
34
26
47
31
 9
34
10
15
21
27
38
 1
42
24
15
 5
32
36
 8
36
30
43
19
46
30
19
39
38
 7
38
17
44
50
11
44
33
12
32
19
 6
48
33
23
44
19
36
49
13
13
49
20
27
46
11
48
31
 4
50
 4
39
25
41
34
37
50
48
17
31
33
49
31
34
 3
16
 1
23
40
31
27
 9
42
33
48
23
47
16
12
36
31
37
21
40
23
18
20
 5
 2
 6
34
17
25
46
10
31
38
26
38
16
 5
27
42
41
50

57