200
39
25
33
 7
30
 3
 1
28
14
39
 3
21
38
21
18
35
12
41
 2
20
25
34
40
 9
 1
37
35
24
35
 7
27
26
37
37
11
41
42
40
18
11
 9
43
49
11
43
33
26
29
30
23
50
 1
 8
38
46
 1
15
14
50
42
19
 7
39
46
10
40
17
19
41
 9
26
40
33
16
41
37
10
 4
 6
38
 2
30
 5
38
37
10
33
 2
27
18
39
16
 6
45
45
19
39
43
18
34
44
36
10
40
 3
40
16
33
32
38
45
11
34
36
32
38
43
32
45
34
41
11
38
19
 9
22
 5
49
18
36
30
45
12
 9
39
35
10
25
14
 2
18
26
49
26
26
34
 2
34
19
34
13
43
24
 6
23
22
45
30
 2
11
21
28
 9
43
35
18
 8
42
27
16
28
26
16
25
26
28
 9
10
22
17
33
16
23
38
35
27
 5
 1
14
21
23
12
49
 7
10
17
31
 1
41
 6

64