200
39
 5
 3
38
26
46
26
14
25
25
35
26
 2
49
36
16
48
30
 1
 4
39
20
49
25
22
41
31
 9
45
12
32
32
46
10
46
 9
19
43
34
38
 8
31
 3
 2
22
11
10
46
36
34
24
12
16
 6
50
20
 6
33
 1
25
 7
 5
49
21
11
 8
35
23
19
24
43
21
20
37
 9
 4
25
 4
31
22
39
31
28
48
10
38
42
19
 2
 4
47
15
25
47
21
17
49
40
47
 8
31
 1
 6
35
40
37
30
10
13
 9
31
41
40
43
 2
15
42
20
20
43
44
16
31
32
28
24
45
41
31
44
22
26
36
20
27
23
20
39
46
48
27
 5
 1
50
35
10
42
23
 4
22
33
27
24
 9
37
41
 6
42
37
24
 9
26
40
47
13
43
29
 6
47
19
27
15
 6
34
33
31
14
50
44
39
24
49
13
27
33
41
31
 7
28
 1
29
 3
30
 3
16
20
12
13
 8
43

60