200
18
12
41
27
 6
22
11
 2
15
17
36
 8
37
15
 8
14
 5
 1
26
26
44
27
31
10
24
19
40
 4
12
30
28
39
45
31
43
 8
30
15
12
45
12
 2
45
22
50
38
26
 1
 9
27
10
 3
29
44
28
 8
45
29
46
33
32
 6
15
 9
 8
27
36
47
18
42
39
 9
41
 7
 7
50
47
 9
15
25
28
14
 2
30
13
 2
12
 4
27
42
50
 1
22
28
27
19
41
48
 4
26
15
44
46
45
28
24
39
33
29
12
21
23
18
41
22
18
21
47
15
23
15
15
21
47
41
 4
20
42
36
37
39
18
 9
25
20
46
 3
27
11
 6
19
43
 6
28
42
16
12
36
 8
44
31
 6
32
 8
30
33
13
 4
48
32
34
 8
15
35
35
44
21
26
49
22
29
 8
 5
32
41
12
44
37
17
 7
 5
24
49
26
43
42
 1
44
40
18
42
13
32
18
45
50
40
 4
43
24

99