300
30
11
12
 3
12
50
42
25
28
 9
43
 2
11
35
34
43
 9
 4
17
19
 6
33
 4
 3
20
35
21
27
 9
12
31
42
24
 2
37
49
 5
45
42
25
 2
15
50
31
47
50
12
11
30
15
40
 6
37
50
29
44
 4
32
36
33
37
38
29
34
32
 5
26
26
14
13
45
31
17
21
 8
41
28
 4
33
29
 5
28
46
31
16
31
44
 5
24
24
37
28
16
50
39
44
19
35
10
43
22
25
19
41
47
 2
42
 1
10
41
39
13
12
 2
 9
26
 4
14
40
 7
36
39
 8
19
 6
24
 6
46
37
 2
42
 5
19
41
 7
 4
26
10
46
36
40
37
 7
30
20
23
23
50
 8
 5
25
33
21
 6
39
33
13
 4
46
23
45
22
12
38
46
29
37
48
17
34
 2
27
33
50
 7
45
48
29
 5
15
30
42
29
 2
39
37
18
 8
35
31
 7
15
46
19
26
25
30
27
37
 9
27
24
25
 1
41
38
37
 9
33
20
22
41
49
45
49
13
29
11
 6
35
36
10
26
37
 8
23
46
40
21
 4
42
 6
10
 1
39
 2
 1
 9
38
13
22
16
46
22
40
17
39
33
 6
 2
18
33
21
17
28
27
24
 9
35
16
17
46
39
41
45
31
48
17
 6
18
49
42
 7
32
 1
29
19
39
35
41
14
17
20
 9
 9
21
 5
46
35
50
47
25
26
35
18
 2
41
46
29
42

61