200
 9
 4
22
50
 2
46
21
34
32
42
19
29
29
44
23
26
16
29
23
38
34
15
14
41
15
 4
31
18
42
 1
42
13
45
27
35
33
44
 3
30
39
30
46
 7
10
22
 4
48
31
 9
17
26
22
25
34
 3
 3
17
11
26
30
27
 6
26
44
 5
36
32
39
47
43
22
46
45
13
43
 2
36
43
32
 5
 6
47
12
 8
32
 4
47
41
26
50
10
48
46
27
32
 4
33
17
22
15
36
42
14
38
18
47
 8
22
 3
48
28
11
26
18
42
 9
 9
25
26
41
 9
39
28
18
30
46
24
43
 8
35
31
 5
44
20
49
36
25
34
17
31
19
27
12
36
34
47
29
28
 4
45
42
10
46
50
35
27
 3
43
18
50
15
38
42
 7
 1
35
36
21
 1
42
 6
12
41
50
44
23
 4
30
21
 9
25
25
45
 1
30
33
49
 5
 3
46
18
42
 3
 6
23
10
12
40
36
13

55