250
 9
40
23
21
49
21
30
30
11
10
22
11
 1
37
31
21
 7
49
49
30
27
15
 8
10
21
11
 2
23
31
42
 1
36
27
29
14
42
 4
25
32
 6
44
36
12
17
23
43
 1
 3
20
36
33
16
42
18
27
46
32
 5
32
 5
36
17
24
18
36
 7
32
 4
47
 8
20
38
 1
13
25
 3
35
33
19
10
39
28
34
23
 8
46
11
27
10
 6
29
50
19
50
27
 8
48
46
12
32
29
43
37
19
40
17
32
10
32
26
40
31
23
28
11
29
45
22
22
46
 8
34
22
33
26
22
32
40
36
42
22
 7
47
 2
47
 3
45
 5
 1
17
14
 5
 5
27
42
33
27
33
43
30
25
14
23
50
 9
20
34
33
17
21
17
45
36
20
25
 4
50
34
 8
 1
24
27
29
50
11
21
27
 8
18
30
12
 8
37
23
31
36
22
36
30
15
30
 2
19
15
29
50
13
 1
13
12
39
41
27
17
39
26
 8
 5
21
12
50
21
26
 4
14
48
37
 4
17
13
11
14
 5
20
17
21
49
 1
10
 9
28
45
37
13
24
 6
44
48
32
30
46
13
31
45
39
 6
12
47
21
50

68