250
45
 5
42
16
27
28
15
42
20
42
25
 2
23
33
20
25
43
25
38
 8
12
31
19
29
22
30
39
 9
27
20
 1
 1
28
35
47
48
11
28
41
37
 7
32
27
36
31
 9
43
34
34
37
19
42
17
47
43
 7
44
13
12
44
43
40
29
32
32
33
 1
26
15
18
21
34
 2
25
22
12
26
24
26
18
 5
43
37
22
46
13
16
14
28
 2
24
47
30
 6
 6
41
30
11
26
47
 4
12
25
25
45
29
 7
16
36
12
28
 3
 5
44
 4
 3
 6
 9
42
18
46
41
15
43
39
38
 5
36
34
15
24
50
 3
 4
19
 2
40
29
49
29
38
40
26
 4
49
47
 2
42
28
47
43
24
14
39
 9
46
 2
16
38
43
 7
21
43
30
18
23
30
 8
30
 9
32
17
33
22
12
45
41
 1
 4
20
38
 7
44
 2
 8
10
 2
45
28
24
49
30
20
 7
43
24
13
47
34
 1
10
 5
26
39
39
 7
34
19
22
39
30
47
25
12
23
 8
33
45
12
34
 4
25
 8
19
23
31
25
43
19
50
10
15
15
15
27
28
11
 7
14
31
19
31
 6
18
38
40
12
21
42
34

51