300
21
 5
11
16
 1
35
45
46
12
34
35
50
49
48
14
31
49
48
42
14
25
45
19
43
11
45
42
18
 5
47
39
15
19
40
29
34
15
 6
30
21
 3
 7
 9
38
 5
40
20
48
41
26
33
18
48
 8
24
12
21
27
 6
20
35
24
14
13
 2
34
19
38
37
 2
 3
45
 6
38
32
13
 1
29
31
20
48
 2
12
16
 8
35
36
34
 7
 6
47
37
16
43
22
28
28
29
34
45
17
47
30
 3
 2
14
35
 5
 8
21
27
22
18
15
 3
23
39
19
49
35
38
 2
15
26
50
37
 3
24
28
13
44
48
37
38
 1
 8
50
36
38
48
 8
14
 4
39
22
36
26
11
36
36
28
26
11
49
14
20
18
 6
45
 4
50
43
27
30
 4
10
39
12
32
22
29
37
47
28
45
44
45
39
26
10
 2
29
22
49
18
32
34
24
45
16
 9
30
33
 5
42
50
23
13
39
 6
33
41
31
 8
14
 7
20
 6
50
45
33
 1
41
35
20
16
28
15
32
 1
17
49
 7
38
30
38
 4
 4
 7
28
47
40
 8
 5
 6
48
10
39
18
10
 9
22
45
17
28
46
12
15
38
33
 7
 4
49
21
 6
21
17
45
32
15
48
35
15
23
29
48
19
10
29
46
 1
23
42
38
49
38
39
17
 7
 4
 9
49
 7
27
18
43
10
46
23
40
27
46
35
30
47
 3
26
50
38
29

74