150
19
 9
13
41
24
49
 8
20
24
49
26
46
21
18
 3
20
43
28
25
17
 6
12
34
31
48
46
45
 6
 5
46
22
31
27
48
 5
14
32
23
25
 8
19
38
30
48
32
19
20
39
43
27
26
31
50
 3
16
17
25
33
 5
11
17
41
10
10
35
14
41
46
19
45
33
30
 9
23
 4
15
48
25
40
43
 5
47
49
50
17
12
12
 4
22
25
32
20
20
37
21
43
27
44
12
50
40
10
 3
50
34
39
48
40
 9
 5
22
 8
36
45
47
25
19
37
12
 7
36
39
39
 3
34
12
34
23
29
12
13
34
 5
11
15
36
19
29
37
34
25
24
 2
33
24
30
48
10
 9
25

87