300
15
34
22
36
 7
47
15
20
35
14
27
44
17
 2
32
46
26
11
36
 4
10
35
36
48
25
11
 7
38
47
46
 8
47
26
29
16
41
 2
45
49
32
23
 3
20
37
32
33
50
 9
43
31
19
24
 6
29
 6
25
30
44
25
23
39
47
11
43
50
10
16
26
27
48
33
21
 4
50
28
35
10
33
17
13
39
15
17
43
30
34
16
32
38
23
20
 6
13
42
 3
20
 1
50
26
40
50
50
10
25
18
 7
49
15
38
19
 3
42
36
18
20
35
 9
20
 3
16
23
 1
25
41
20
40
31
14
34
 4
50
 4
11
26
46
25
42
 7
 3
 4
10
10
30
47
26
48
18
50
35
20
27
44
22
27
29
19
19
13
11
14
36
30
17
47
18
35
23
12
34
 4
31
27
 6
38
25
 6
34
 9
23
31
47
34
46
11
50
 3
 6
42
16
39
15
37
32
29
23
38
22
 1
14
47
15
45
 9
13
42
 1
20
24
44
 6
32
 7
24
41
 9
47
28
28
 2
 2
13
 4
31
21
32
 7
18
36
18
11
43
 1
16
14
17
49
18
14
44
41
20
37
48
 2
24
25
48
29
30
34
30
14
 5
32
 2
29
 4
30
19
44
45
23
18
19
45
23
 2
44
26
22
21
26
 3
 8
23
 9
37
29
18
36
 3
49
42
 1
49
10
 8
15
29
50
18
 1
21
21
20
 2
41
20
18
20

78