250
16
33
50
25
46
25
38
29
46
48
19
10
39
28
34
11
46
45
 9
46
13
30
40
16
 1
44
11
31
45
21
50
23
 7
 1
16
12
29
26
 1
14
42
25
13
19
11
45
26
46
31
23
45
23
39
24
25
48
46
 8
27
42
49
22
40
25
 1
 6
29
46
 3
46
31
36
46
25
39
18
 4
38
 5
45
21
26
22
34
34
16
22
48
35
27
27
48
34
11
 5
 4
16
30
45
20
37
25
 4
22
 3
28
49
 4
25
10
22
26
14
49
16
30
40
11
 7
22
44
47
42
44
16
 7
33
12
17
43
50
23
 6
36
24
21
 5
 6
18
12
12
42
34
16
 4
49
30
50
37
47
 2
31
45
 9
 7
 3
35
28
29
16
27
 9
 7
19
38
13
38
26
23
22
 7
19
44
 4
15
31
50
50
32
47
 7
12
 8
12
 7
34
26
 4
10
25
37
49
34
12
11
 7
30
47
27
17
18
24
14
41
14
45
43
16
33
42
46
22
23
25
20
 6
25
48
23
 4
 5
28
 1
13
37
30
30
14
14
39
26
15
 2
44
39
 1
24
11
14
35
17
14
29
 8
22
22
44
34
38
36

99