150
24
35
14
32
19
 3
 6
 7
12
10
13
37
17
24
40
30
48
14
46
50
38
34
16
32
12
19
 3
35
 8
17
16
33
33
38
 1
21
49
 4
40
25
21
 4
 3
41
43
26
27
15
 3
31
 8
41
33
 3
36
 9
24
24
40
46
34
 3
44
27
 9
45
12
24
32
49
46
20
38
47
33
31
10
31
17
44
 7
 1
21
46
11
50
 5
38
28
29
18
42
49
47
29
49
24
 6
34
39
21
34
27
40
15
 5
17
46
45
42
10
37
37
42
40
38
24
43
23
22
29
20
25
10
23
31
44
40
48
21
24
15
31
 3
41
40
27
40
45
33
15
10
50
24
37
 4
40
34
34
38

94