300
31
18
 8
14
38
43
19
36
 9
27
42
16
35
17
47
 3
44
42
39
16
29
 4
42
50
41
22
14
14
25
50
 3
11
16
22
44
27
15
 9
19
32
 5
21
 4
26
37
24
 3
28
46
18
12
11
19
18
28
31
29
48
10
11
28
34
36
18
 6
48
48
 3
43
17
 9
25
30
40
46
16
28
 7
48
17
40
39
13
37
32
 9
28
36
26
31
49
34
13
14
14
48
24
 6
38
29
 3
48
 1
10
50
40
21
33
25
10
20
10
44
32
 8
46
26
17
12
15
40
14
14
 8
25
 4
34
44
42
45
50
50
20
36
22
28
44
13
27
50
39
 3
37
32
16
45
37
43
27
47
19
 9
39
19
44
34
43
38
45
20
 9
42
28
33
48
26
40
40
 1
15
20
26
42
44
 8
35
45
37
46
42
18
42
 7
 2
16
36
10
35
35
44
45
46
 2
21
30
 3
19
19
21
13
23
20
41
50
20
 4
29
45
30
36
27
12
44
36
22
49
45
37
19
10
 2
34
 8
37
43
46
38
29
 8
39
22
11
 3
16
33
12
20
35
30
 9
34
48
16
34
29
 1
29
15
44
26
20
12
17
 4
40
43
17
37
 4
48
 6
34
33
47
34
23
11
15
47
 8
10
 2
44
34
45
25
44
21
12
17
25
39
26
38
22
49
36
 7
33
22
13
28
25
28
32
29
32
43
41
30

51