200
20
18
39
12
 1
14
39
40
16
24
30
12
11
46
38
36
 8
46
16
16
 8
34
34
17
39
26
17
 2
 2
46
13
28
21
45
38
 2
18
14
36
 4
 4
46
16
39
21
48
 9
50
30
36
38
39
 4
12
23
31
14
 1
31
 2
 5
42
 4
 9
30
26
47
 8
34
43
 2
12
 5
24
35
24
35
28
37
24
 1
15
44
25
18
 5
16
31
13
12
13
31
49
16
32
 6
18
 5
16
13
 3
30
45
 3
 2
28
11
25
 2
32
14
14
49
29
50
37
37
 1
30
17
10
37
 8
40
31
 4
33
27
34
12
37
12
26
17
39
12
27
 7
22
32
32
36
48
15
28
 6
15
14
 5
 1
12
34
 9
11
10
49
41
27
23
39
 4
42
35
18
11
48
12
23
39
24
13
17
13
36
20
14
 6
 7
33
17
48
 5
 7
45
41
32
17
23
34
15
27
34
17
 4
21
24
49
33
14
 2

87