200
46
50
25
27
17
14
10
28
34
15
 5
15
29
44
18
30
36
14
28
 5
50
30
29
23
14
 9
17
34
29
10
 4
 9
 7
11
43
18
 9
13
 2
23
26
50
21
34
33
16
37
21
15
38
 7
26
31
46
29
28
28
50
27
 1
 2
31
25
10
 3
 6
11
37
46
 1
34
17
30
22
48
 8
49
22
28
43
46
 5
13
36
48
41
22
 2
33
17
31
49
38
49
40
19
39
48
42
48
 6
30
31
37
14
15
21
40
34
16
35
 6
 6
48
46
31
44
46
24
46
35
34
36
11
23
11
22
47
30
 1
 3
24
14
40
22
37
 9
31
14
37
38
 4
 3
45
13
29
24
10
37
 5
11
17
 6
13
30
20
40
 9
27
50
33
11
49
28
20
48
42
48
 6
18
 1
14
25
36
18
18
37
28
19
17
45
45
 7
32
42
24
40
39
16
23
13
 8
22
 7
38
32
39
42
 7
36

61