150
11
43
 9
14
26
49
41
 4
42
 3
30
 4
21
36
47
13
27
29
 4
20
32
34
11
20
48
49
29
 9
49
20
 5
27
41
46
21
11
26
45
13
46
14
27
41
 3
 1
41
25
18
25
36
20
22
 8
31
 8
35
19
39
 7
33
 6
 6
 6
14
 7
42
42
36
49
45
37
 7
19
31
32
25
50
42
42
11
38
37
37
22
 5
39
 1
27
43
16
32
45
31
 1
31
46
27
19
49
31
23
10
 9
17
 8
 4
22
44
41
22
31
12
13
41
 4
15
16
11
35
19
48
17
27
21
17
 4
 9
36
21
22
14
 6
44
38
23
39
37
19
 8
16
40
25
 4
44
29
13
16
43
40
27

73