150
16
46
26
50
11
 7
10
 9
44
48
27
34
 9
44
18
 1
34
16
18
30
28
40
20
24
45
 7
23
 1
 4
13
11
 7
 5
 7
15
 4
 5
 1
43
20
35
30
27
12
27
21
16
45
29
11
24
27
44
28
37
17
16
46
41
45
19
39
45
 9
48
21
12
38
35
 1
28
 6
24
29
15
46
41
 5
 5
 7
34
34
24
41
34
42
45
17
26
10
 4
 4
16
15
22
 5
 6
12
43
32
38
 3
26
 1
14
10
14
20
 8
42
50
 3
37
46
 1
50
50
37
19
11
37
17
23
30
19
12
46
33
41
33
11
16
46
22
23
30
44
30
11
36
34
36
 3
25
27
21
30
19
12
27

69