250
38
 2
44
15
49
47
27
49
22
36
37
43
44
45
41
 7
43
 9
 7
 3
20
44
10
 5
46
 6
39
46
46
46
27
33
17
27
42
 4
12
34
22
20
26
30
 3
48
18
41
30
43
23
45
 8
37
46
 7
12
46
47
36
35
24
44
29
31
50
26
40
37
 6
25
45
 9
48
45
 5
30
22
 7
 8
39
 5
 3
42
41
23
50
45
25
48
46
47
42
11
50
 3
 1
38
43
36
28
45
30
49
33
21
 6
 2
23
22
21
13
15
 5
 3
27
10
49
46
27
10
 7
13
49
 7
13
40
30
 3
35
30
30
10
31
13
 8
36
25
 9
36
50
17
38
42
35
21
31
37
18
11
22
 8
 4
17
24
41
 1
33
43
12
10
 8
22
11
20
20
24
42
35
30
38
24
24
26
39
40
19
48
28
33
42
29
27
37
23
 6
25
31
12
39
27
 2
24
12
40
11
26
 4
20
27
45
18
46
29
36
 3
44
45
19
 8
12
14
36
27
36
50
44
15
 9
50
19
 2
14
19
44
11
 7
15
 8
21
 6
11
 6
27
45
21
 4
49
23
34
45
15
13
21
39
12
44
10
24
19
50
22

71