The num of Blocks: 20
makespan: 4490
The jobs in each Block: 
[43, 47, 61, 73, 81, 126, 133]
[44, 72, 77, 92, 98, 105, 117]
[6, 34, 35, 52, 107, 110, 148]
[16, 55, 65, 66, 100, 102, 115]
[9, 33, 42, 88, 127, 142]
[3, 12, 32, 37, 85, 95, 122, 134, 136, 139]
[5, 41, 48, 57, 70, 71, 104]
[18, 23, 36, 75, 78, 114, 130]
[14, 79, 118, 119, 141, 144, 145, 146]
[31, 46, 76, 90, 103, 121]
[1, 4, 15, 26, 51, 59, 82, 120]
[8, 25, 56, 58, 68, 83, 123]
[38, 64, 74, 137, 140]
[0, 19, 29, 94, 96, 99, 112, 128]
[13, 80, 84, 89, 131, 138, 143]
[39, 50, 129, 132, 135, 147, 149]
[17, 20, 27, 40, 69, 116, 124]
[7, 11, 22, 49, 93, 97, 106, 108]
[10, 21, 28, 54, 60, 87, 91, 111, 125]
[2, 24, 53, 63, 67, 86, 101, 109]
leftJobs: [30, 45, 62, 113]
