The num of Blocks: 18
makespan: 4073
The jobs in each Block: 
[10, 30, 38, 41, 68, 90, 99, 126, 146]
[1, 3, 28, 97, 105, 110, 125, 134, 142, 149]
[0, 7, 40, 43, 57, 73]
[2, 22, 23, 84, 87, 89, 122]
[4, 9, 50, 70, 79, 83, 98, 119]
[20, 21, 82, 85, 86, 106, 112]
[15, 80, 117, 137, 144, 147]
[44, 62, 63, 71, 76, 81, 138]
[26, 37, 52, 56, 101, 103, 120]
[17, 54, 61, 69, 114, 130, 145]
[19, 24, 66, 91, 107, 118, 129]
[31, 34, 35, 64, 96, 104, 111, 141]
[8, 18, 60, 72, 78, 88, 93, 100, 108, 133]
[5, 14, 33, 46, 53, 77, 95, 109, 116, 128, 135]
[11, 29, 36, 42, 49, 51, 59, 74, 113, 121, 136, 143]
[32, 65, 67, 92, 94, 102, 123, 124]
[6, 13, 16, 27, 39, 45, 58, 148]
[25, 47, 75, 115, 127, 132, 139, 140]
leftJobs: [12, 48, 55, 131]
