The num of Blocks: 19
makespan: 4206
The jobs in each Block: 
[15, 28, 29, 44, 54, 73, 108, 129, 149]
[5, 9, 30, 46, 136, 147]
[21, 31, 53, 69, 89, 110, 141]
[10, 14, 49, 63, 67, 88]
[45, 72, 122, 128, 137, 138]
[22, 24, 61, 80, 86, 95, 143]
[2, 25, 32, 48, 56, 64, 81, 125, 130]
[3, 47, 65, 111, 112, 121, 126]
[4, 33, 42, 43, 50, 52, 60, 84, 104]
[12, 38, 40, 57, 66, 97, 127, 148]
[34, 78, 90, 91, 131, 139]
[7, 8, 20, 75, 82, 101, 117, 134]
[0, 74, 87, 93, 94, 99, 103, 106, 115]
[23, 39, 59, 68, 98, 107, 113, 120]
[6, 35, 36, 70, 83, 109]
[18, 58, 62, 77, 105, 119, 133, 135, 140]
[11, 13, 19, 26, 27, 55, 76, 85, 116, 123, 124, 132]
[1, 17, 41, 79, 100, 118]
[37, 51, 114, 142, 145, 146]
leftJobs: [16, 71, 92, 96, 102, 144]
