The num of Blocks: 18
makespan: 4119
The jobs in each Block: 
[3, 52, 67, 73, 92, 99, 147]
[26, 44, 47, 74, 81, 123, 130]
[42, 89, 97, 101, 107, 113, 114, 118, 125]
[1, 5, 17, 31, 41, 57, 60, 70, 98, 110, 124, 148]
[7, 62, 79, 90, 127, 131, 133, 138, 141]
[16, 58, 82, 104, 120, 129, 137, 143, 145, 149]
[19, 45, 46, 109, 142, 144]
[10, 25, 32, 34, 61, 119, 135, 140]
[9, 20, 35, 37, 72, 78, 117]
[71, 88, 100, 115, 128]
[13, 15, 24, 40, 53, 111, 132, 134]
[6, 18, 22, 43, 54, 84, 95]
[12, 33, 59, 63, 77, 80, 91, 106, 108, 122, 126]
[8, 23, 76, 85, 102, 136]
[2, 36, 51, 75, 93, 94, 139, 146]
[11, 21, 27, 48, 50, 55, 56, 65, 69]
[28, 38, 49, 64, 66, 86, 87, 96]
[14, 29, 39, 83, 105, 121]
leftJobs: [0, 4, 30, 68, 103, 112, 116]
