The num of Blocks: 19
makespan: 4359
The jobs in each Block: 
[6, 18, 43, 89, 105, 129, 141, 144, 146]
[12, 14, 32, 40, 42, 104, 112]
[17, 27, 80, 103, 120, 131, 145]
[9, 20, 24, 36, 45, 49, 56, 58, 62]
[3, 15, 64, 96, 102, 142]
[31, 50, 51, 74, 83, 117, 121, 134]
[1, 23, 28, 61, 86, 91, 123, 128, 132, 137]
[7, 13, 22, 48, 55, 90, 119, 149]
[30, 35, 70, 94, 106, 116, 126, 133, 148]
[46, 68, 79, 81, 87, 140]
[29, 65, 72, 78, 147]
[21, 39, 76, 77, 88, 118, 122]
[19, 33, 37, 57, 71, 92, 111, 127]
[4, 26, 41, 66, 69, 82, 101, 138]
[2, 47, 63, 67, 85, 95, 107, 135]
[16, 34, 60, 73, 109, 124, 136, 143]
[0, 10, 38, 54, 75, 130]
[5, 8, 11, 93, 98, 110, 113, 115]
[25, 44, 59, 97, 108, 139]
leftJobs: [52, 53, 84, 99, 100, 114, 125]
