The num of Blocks: 19
makespan: 4220
The jobs in each Block: 
[8, 12, 14, 71, 92, 141, 148]
[36, 72, 80, 85, 87, 88, 145, 146]
[21, 59, 61, 64, 101, 108]
[5, 25, 98, 99, 119, 126]
[68, 76, 77, 102, 105, 124]
[19, 31, 32, 73, 91, 123, 138]
[33, 50, 112, 121, 133]
[27, 39, 45, 58, 66, 69, 74, 90, 115, 129, 132]
[38, 56, 62, 84, 117, 118, 128]
[15, 55, 67, 75, 81, 82, 89, 130, 135, 139, 144]
[17, 35, 60, 93, 100, 104, 106, 116, 147]
[1, 7, 10, 16, 49, 114, 140]
[9, 42, 47, 52, 97, 122]
[2, 3, 51, 65, 78, 95, 127, 136]
[11, 26, 41, 86, 125, 137]
[30, 40, 63, 113, 131, 134]
[0, 13, 18, 37, 53, 54, 107, 149]
[4, 20, 22, 24, 46, 83, 94, 103, 111]
[6, 23, 28, 29, 48, 57, 70, 79, 96, 109, 110, 143]
leftJobs: [34, 43, 44, 120, 142]
