The num of Blocks: 18
makespan: 4138
The jobs in each Block: 
[26, 45, 54, 78, 89, 90, 139, 146]
[17, 63, 69, 85, 103, 134, 142, 144]
[1, 3, 30, 42, 67, 102, 108, 117]
[8, 28, 73, 97, 109, 136]
[6, 46, 47, 50, 105, 111, 140, 148]
[13, 41, 56, 59, 76, 118]
[2, 25, 27, 52, 79, 95, 98, 137]
[16, 22, 38, 65, 68, 72, 135]
[9, 14, 15, 23, 36, 44, 75, 82, 86, 122]
[29, 31, 35, 40, 43, 49, 70, 74, 114, 116]
[53, 55, 58, 91, 101, 106, 131, 132]
[33, 80, 81, 107, 130, 138, 145]
[4, 10, 20, 51, 61, 87, 110, 125, 129]
[7, 11, 18, 83, 88, 92, 113, 115, 127]
[32, 84, 99, 119, 124, 143, 147]
[0, 12, 24, 64, 77, 96, 100, 128]
[19, 57, 94, 121, 123, 126, 133, 141]
[5, 34, 66, 112, 120, 149]
leftJobs: [21, 37, 39, 48, 60, 62, 71, 93, 104]
