The num of Blocks: 20
makespan: 4486
The jobs in each Block: 
[0, 22, 34, 46, 50, 75, 108, 128]
[31, 38, 52, 113, 140, 144]
[6, 17, 20, 33, 57, 58, 80, 139]
[9, 19, 28, 109, 112, 119, 125]
[18, 30, 41, 61, 89, 132, 133, 134, 136]
[15, 40, 66, 67, 71, 84, 101, 124, 131, 141]
[23, 24, 56, 59, 100, 122, 137]
[7, 49, 63, 68, 79, 106, 145, 149]
[25, 29, 90, 104, 107, 138, 146]
[13, 21, 72, 85, 92, 105]
[12, 47, 88, 94, 97, 102, 103, 115]
[5, 35, 54, 83, 126, 142]
[36, 42, 91, 114, 117, 118]
[11, 14, 43, 64, 69, 130]
[10, 74, 78, 87, 110, 116, 123, 129, 147]
[8, 65, 73, 99, 111, 121]
[27, 70, 77, 81, 86, 96, 143, 148]
[1, 44, 51, 60, 93]
[3, 4, 76, 82, 95, 120, 135]
[2, 26, 32, 37, 39, 53, 62, 98, 127]
leftJobs: [16, 45, 48, 55]
