The num of Blocks: 18
makespan: 4127
The jobs in each Block: 
[0, 41, 58, 75, 76, 115]
[5, 9, 17, 27, 39, 56, 97]
[19, 20, 35, 55, 59, 64, 82, 111, 114]
[7, 14, 26, 79, 107, 123, 125, 147]
[48, 70, 84, 88, 93, 140, 148, 149]
[3, 33, 34, 43, 45, 54, 78, 116, 135, 141]
[38, 86, 89, 90, 117, 127, 136, 138]
[22, 51, 74, 103, 121, 124, 130]
[30, 62, 63, 65, 71, 101, 108]
[15, 18, 50, 72, 81, 85, 92, 105, 113, 137]
[21, 32, 37, 87, 99, 102, 109, 112, 128, 132, 142]
[8, 28, 40, 52, 66, 106, 144]
[4, 10, 11, 24, 46, 77, 146]
[6, 16, 61, 67, 68, 69, 83, 122, 131]
[13, 42, 60, 80, 110, 126]
[23, 57, 73, 95, 119, 120, 143]
[25, 44, 91, 94, 118, 139, 145]
[1, 2, 12, 49, 53, 129]
leftJobs: [29, 31, 36, 47, 96, 98, 100, 104, 133, 134]
