The num of Blocks: 18
makespan: 4050
The jobs in each Block: 
[0, 30, 34, 65, 69, 78, 86, 100, 101, 110, 118, 120, 126]
[13, 46, 97, 111, 116, 124, 141]
[16, 79, 122, 123, 125, 137, 145]
[6, 15, 43, 54, 58, 147]
[20, 27, 48, 63, 70, 71, 91, 109, 117, 138]
[40, 85, 87, 105, 115, 121]
[4, 10, 38, 47, 61, 68, 94, 148]
[5, 28, 59, 67, 75, 89, 119]
[7, 9, 29, 42, 45, 49, 64, 66, 77, 112]
[44, 72, 81, 130, 132, 139, 142]
[39, 52, 96, 104, 127, 129, 133]
[24, 26, 36, 55, 62, 108, 144]
[1, 17, 21, 22, 25, 35, 82, 83, 84, 92, 98, 106, 107, 134]
[3, 8, 41, 50, 53, 93, 99, 135, 149]
[2, 14, 23, 57, 73, 88, 128]
[18, 19, 33, 51, 60, 76, 90, 103, 143]
[31, 32, 80, 102, 114, 140]
[11, 12, 56, 74, 136]
leftJobs: [37, 95, 113, 131, 146]
