The num of Blocks: 18
makespan: 4038
The jobs in each Block: 
[14, 41, 42, 45, 61, 81, 97, 111, 127, 139, 142]
[52, 55, 64, 74, 84, 95, 115, 137]
[7, 11, 13, 21, 32, 85, 108, 149]
[15, 16, 17, 51, 57, 65, 72, 79]
[18, 34, 38, 43, 76, 91, 106, 120, 123, 136]
[1, 26, 47, 109, 130, 132, 138, 145]
[2, 25, 53, 59, 100, 141]
[20, 28, 50, 56, 87, 110, 117, 118]
[27, 63, 94, 104, 113, 125, 128, 143]
[5, 8, 96, 98, 99, 102, 146]
[12, 29, 58, 80, 86, 88, 92, 93, 119]
[0, 10, 66, 75, 122, 124, 144]
[37, 46, 49, 101, 105, 134, 140]
[4, 6, 23, 36, 54, 62, 69, 112, 129, 148]
[3, 30, 33, 60, 83, 89, 114, 116]
[19, 35, 40, 48, 70, 73, 121]
[9, 44, 71, 82, 107, 133]
[22, 24, 31, 39, 77, 78, 103, 126, 131, 147]
leftJobs: [67, 68, 90, 135]
