The num of Blocks: 18
makespan: 4064
The jobs in each Block: 
[0, 11, 13, 37, 76, 139, 144, 147]
[15, 24, 60, 90, 101, 128, 137]
[9, 20, 26, 52, 53, 56, 86, 102, 108]
[31, 36, 41, 48, 62, 79, 110, 119, 146]
[6, 22, 50, 55, 71, 104, 118, 124]
[30, 40, 49, 54, 88, 116, 141]
[7, 12, 17, 23, 28, 115, 117, 129]
[2, 8, 14, 44, 59, 92, 97, 103, 109, 148]
[1, 39, 80, 84, 98, 133]
[19, 33, 43, 67, 72, 107, 112, 113, 121, 125, 132]
[3, 5, 66, 83, 91, 111, 114]
[10, 29, 63, 75, 78, 85, 96, 105, 142]
[4, 38, 47, 51, 57, 68, 74, 99]
[18, 21, 32, 46, 61, 69, 93, 126, 134, 140]
[25, 64, 77, 81, 87, 120, 127, 130, 149]
[27, 35, 70, 82, 94, 106, 131]
[34, 45, 58, 73, 123, 143]
[16, 65, 100, 122, 135, 136, 138, 145]
leftJobs: [42, 89, 95]
