The num of Blocks: 20
makespan: 4427
The jobs in each Block: 
[1, 23, 37, 45, 64, 100, 106, 142, 148]
[32, 113, 120, 126, 137]
[35, 49, 53, 63, 85, 143]
[73, 98, 101, 116, 119, 141]
[30, 34, 50, 59, 69, 75, 93, 117, 136]
[13, 15, 20, 71, 94, 108, 122]
[46, 51, 54, 55, 56, 86, 112, 129, 138]
[6, 21, 31, 79, 115, 128]
[3, 48, 77, 105, 114, 124, 132]
[5, 10, 11, 72, 80, 97, 99, 104, 121]
[18, 38, 42, 57, 65, 111]
[2, 26, 36, 40, 60, 89, 95, 109]
[4, 16, 27, 88, 92, 135, 139]
[12, 28, 67, 76, 103]
[0, 25, 33, 68, 81, 125]
[7, 24, 41, 66, 102, 123, 144, 145, 146]
[9, 29, 58, 96, 107, 131, 133, 149]
[39, 43, 52, 62, 82, 84, 90, 110, 130]
[14, 17, 44, 47, 70, 78, 83, 91, 134, 147]
[8, 22, 61, 74, 87, 118, 140]
leftJobs: [19, 127]
