The num of Blocks: 19
makespan: 4283
The jobs in each Block: 
[6, 13, 39, 44, 62, 89, 147]
[2, 5, 17, 59, 90, 93, 109, 120]
[12, 27, 47, 53, 65, 76, 86]
[11, 15, 28, 57, 68, 71, 73, 92, 128]
[21, 23, 38, 40, 48, 101, 102, 112, 140, 146]
[19, 52, 61, 69, 83, 107, 132, 142]
[37, 43, 49, 96, 97, 99, 113, 122, 126, 136]
[18, 26, 31, 41, 95, 106, 125]
[3, 9, 29, 42, 66, 72, 77, 141, 143]
[0, 20, 45, 118, 145]
[4, 24, 34, 46, 56, 94, 111, 134]
[14, 32, 36, 75, 84, 87, 114, 116]
[35, 50, 58, 80, 81, 82, 91, 131, 133]
[10, 25, 55, 117, 119, 144]
[22, 33, 74, 85, 88, 121, 123, 137, 148]
[16, 51, 70, 115, 124, 149]
[30, 54, 63, 78, 104, 108]
[1, 7, 100, 103, 110, 127, 135]
[8, 60, 64, 79, 98, 105, 139]
leftJobs: [67, 129, 130, 138]
