The num of Blocks: 18
makespan: 4095
The jobs in each Block: 
[0, 37, 89, 97, 105, 141, 143, 147]
[23, 35, 40, 47, 59, 65, 109, 132, 149]
[13, 22, 42, 45, 55, 133, 135, 142]
[11, 56, 60, 77, 92, 98, 118]
[52, 57, 121, 125]
[7, 18, 36, 43, 70, 86, 130, 138]
[1, 67, 68, 79, 81, 112]
[2, 46, 63, 72, 94, 102, 122, 123, 129, 134, 139, 144]
[15, 21, 24, 38, 66, 75, 85, 90, 103]
[8, 19, 20, 26, 100, 101, 114, 115]
[3, 31, 44, 53, 61, 88, 96, 128]
[34, 54, 71, 87, 93, 108, 136]
[39, 41, 74, 91, 110, 116, 126, 127, 137]
[4, 14, 16, 17, 48, 49, 76, 82, 117]
[28, 58, 69, 73, 95, 111, 140]
[10, 25, 30, 32, 62, 64, 80, 124, 148]
[9, 29, 78, 107, 113, 131, 145, 146]
[5, 6, 27, 33, 50, 51, 120]
leftJobs: [12, 83, 84, 99, 104, 106, 119]
