The num of Blocks: 19
makespan: 4289
The jobs in each Block: 
[9, 14, 25, 42, 98]
[0, 7, 35, 51, 72, 128, 142]
[19, 24, 91, 105, 117, 124]
[54, 83, 121, 130, 136, 147, 148]
[3, 49, 89, 100, 101, 119, 120, 144]
[10, 48, 64, 74, 81, 107, 132]
[26, 28, 60, 61, 70, 71, 135]
[41, 45, 46, 50, 80, 113, 125, 145]
[8, 20, 47, 58, 87, 108, 138]
[1, 32, 65, 99, 118, 133, 137]
[22, 43, 88, 92, 127, 143, 146]
[2, 18, 57, 76, 97, 104, 110, 116, 139]
[15, 21, 33, 37, 66, 69, 77, 96, 109, 111]
[5, 6, 36, 39, 44, 79, 103, 122]
[62, 86, 90, 106, 115, 134]
[13, 16, 29, 30, 52, 82, 123, 126, 129]
[23, 34, 40, 67, 94, 102, 149]
[12, 17, 31, 38, 53, 59, 84, 93, 114, 131, 140]
[4, 56, 63, 73, 75, 78, 85, 112, 141]
leftJobs: [11, 27, 55, 68, 95]
