The num of Blocks: 18
makespan: 4124
The jobs in each Block: 
[4, 22, 54, 58, 60, 64, 71, 111, 133]
[62, 63, 109, 123, 148]
[8, 73, 78, 93, 102, 128, 149]
[33, 38, 57, 97, 130, 135, 145]
[20, 28, 36, 40, 52, 56, 59, 67, 110, 132]
[5, 18, 25, 32, 87, 101, 122, 141]
[15, 21, 31, 43, 68, 82, 89, 104]
[6, 35, 50, 84, 119, 127, 129, 137, 147]
[16, 41, 42, 48, 76, 80, 92, 99, 113]
[10, 11, 34, 66, 75, 91, 94, 106, 116]
[7, 27, 83, 85, 95, 131, 144]
[1, 14, 24, 69, 105, 107, 124, 142]
[0, 13, 23, 39, 47, 70, 98, 125, 143]
[2, 51, 86, 108, 114, 117, 118, 126, 134]
[3, 12, 30, 45, 72, 121, 138]
[26, 55, 65, 90, 115, 120]
[37, 74, 77, 79, 96, 103]
[46, 49, 61, 81, 88, 100, 136, 139, 140]
leftJobs: [9, 17, 19, 29, 44, 53, 112, 146]
