The num of Blocks: 19
makespan: 4286
The jobs in each Block: 
[0, 5, 9, 14, 20, 82, 115]
[34, 84, 88, 93, 111, 112, 120, 122]
[12, 21, 97, 98, 102, 107, 131, 139]
[2, 16, 37, 40, 46, 68, 134, 146]
[29, 35, 70, 73, 81, 89, 125]
[3, 33, 61, 79, 91, 119]
[1, 11, 47, 77, 85, 87, 94, 126, 147]
[43, 60, 69, 100, 103]
[26, 27, 54, 66, 106, 121, 132]
[8, 18, 19, 38, 59, 86, 105, 109, 127, 136]
[6, 17, 55, 63, 71, 72, 74, 104, 108, 110, 128]
[25, 39, 52, 99, 130, 143]
[15, 23, 44, 49, 51, 53, 75, 129, 137]
[4, 50, 92, 96, 116, 117, 118, 133, 144]
[24, 32, 67, 101, 113, 141]
[7, 13, 56, 62, 95, 114, 123, 148, 149]
[10, 28, 31, 36, 42, 65, 80, 90, 140]
[41, 48, 58, 64, 78, 138, 142]
[22, 45, 57, 83, 124, 145]
leftJobs: [30, 76, 135]
