The num of Blocks: 18
makespan: 4080
The jobs in each Block: 
[2, 9, 14, 18, 38, 44, 75, 83]
[11, 15, 26, 46, 49, 58, 68, 72, 101, 120, 131, 145]
[20, 60, 93, 102, 118, 123]
[23, 40, 48, 65, 67, 84, 103, 106, 128, 133]
[6, 24, 25, 29, 52, 63, 92, 136]
[50, 55, 78, 132, 138, 146]
[8, 70, 82, 104, 109, 111, 122]
[10, 32, 43, 56, 61, 88, 98, 134]
[30, 45, 73, 76, 81, 100, 107, 115]
[47, 64, 87, 117, 119, 125, 141, 148]
[1, 42, 53, 96, 99, 113, 116, 129, 149]
[4, 5, 12, 19, 36, 69, 85]
[16, 17, 27, 74, 77, 80, 143, 144]
[3, 31, 33, 51, 86, 110, 130, 140]
[13, 22, 28, 71, 79, 94, 95, 135]
[21, 34, 37, 57, 59, 112, 147]
[7, 54, 66, 91, 124, 126]
[41, 62, 89, 90, 97, 105, 108, 137, 139]
leftJobs: [0, 35, 39, 114, 121, 127, 142]
