The num of Blocks: 18
makespan: 4030
The jobs in each Block: 
[31, 33, 44, 48, 62, 68, 79, 97, 108]
[19, 26, 35, 64, 81, 84, 100, 118]
[34, 53, 70, 73, 130, 144]
[11, 15, 54, 67, 96, 102, 105, 122, 143, 145]
[0, 6, 25, 82, 87, 88, 121, 149]
[30, 46, 71, 75, 106, 140, 142]
[5, 13, 24, 28, 63, 74, 76, 89, 99, 138]
[57, 85, 91, 93, 107, 120]
[12, 22, 43, 47, 59, 86, 119]
[10, 17, 29, 39, 49, 60, 77, 90, 109, 111, 117, 148]
[1, 2, 16, 38, 55, 95, 110, 115, 131]
[3, 4, 18, 20, 23, 65, 114, 123, 141]
[78, 104, 126, 132, 146, 147]
[9, 14, 40, 61, 80, 94, 124, 125]
[36, 51, 52, 56, 83, 101, 103, 116, 129]
[7, 21, 32, 45, 66, 135, 137]
[37, 42, 58, 92, 112, 128, 136, 139]
[8, 27, 50, 98, 113, 127, 133]
leftJobs: [41, 69, 72, 134]
