The num of Blocks: 19
makespan: 4268
The jobs in each Block: 
[0, 5, 13, 68, 121, 140]
[3, 38, 59, 88, 106, 117, 125]
[25, 31, 45, 47, 81, 100]
[22, 36, 92, 96, 127]
[7, 14, 17, 18, 37, 42, 49, 53, 89]
[29, 44, 60, 70, 72, 80, 132, 133, 141]
[15, 73, 78, 101, 114, 137]
[4, 51, 56, 65, 105, 108, 111, 119, 122, 142]
[11, 26, 28, 55, 58, 63, 113, 138]
[1, 27, 46, 52, 79, 120, 123]
[19, 23, 91, 103, 107, 112, 131, 139]
[2, 62, 69, 74, 77, 82, 87, 97, 109, 136]
[10, 30, 35, 54, 66, 76, 90, 93, 102, 118, 129]
[16, 84, 110, 126, 128, 135, 145]
[20, 34, 50, 57, 95, 130, 148, 149]
[71, 83, 104, 115, 116, 144]
[8, 12, 24, 33, 48, 67, 146]
[9, 32, 41, 64, 98, 124, 134]
[6, 21, 39, 40, 43, 61, 75, 85, 86, 143]
leftJobs: [94, 99, 147]
