200
68
85
84
56
 3
48
20
26
65
75
84
14
78
 1
26
95
58
87
71
80
 7
90
20
32
38
20
52
36
50
45
91
69
17
85
28
66
78
46
96
15
28
26
44
 4
64
66
64
51
 6
67
41
 6
53
37
79
88
59
 7
69
56
32
63
52
36
20
44
23
26
78
59
81
23
98
44
28
52
95
47
 8
60
10
41
46
68
46
65
39
26
94
77
47
64
59
35
78
99
30
84
80
82
35
56
40
32
16
91
25
62
32
38
37
47
68
86
33
 8
43
71
73
89
82
99
60
 5
63
41
18
 5
92
36
82
67
31
68
58
52
13
37
96
24
79
97
58
70
78
86
19
47
52
16
83
61
55
46
57
12
24
15
34
27
54
41
81
94
95
82
46
35
24
64
78
11
90
40
97
25
33
39
92
93
24
18
89
55
41
 6
56
 1
66
53
16
77
55
48
 2
63
 5
47
35
59
