300
42
66
92
16
12
42
89
76
50
32
18
74
82
33
14
54
58
85
13
86
98
93
75
13
44
90
78
27
90
81
80
 6
13
14
69
 6
22
39
 7
65
82
83
73
11
52
94
31
12
35
 8
92
88
11
76
46
 5
77
14
94
63
24
89
66
27
76
37
67
92
59
11
18
17
85
42
51
61
41
37
18
21
58
76
65
12
58
52
44
98
49
77
13
13
60
53
82
58
 4
94
83
61
37
95
81
34
32
67
41
35
93
87
65
92
74
34
86
62
 2
14
62
89
54
75
32
50
48
 7
 7
50
14
 5
37
35
66
42
27
 1
38
82
52
72
58
85
32
22
75
74
37
78
97
65
67
55
34
58
74
88
29
92
80
41
71
47
65
68
49
 9
56
86
69
66
18
53
74
78
49
84
99
59
16
34
 1
19
95
57
76
36
82
72
47
63
25
49
89
59
31
53
90
61
44
47
37
61
91
88
83
23
24
45
34
 5
45
38
61
96
59
42
16
79
23
78
39
80
29
80
28
38
16
17
90
77
34
21
99
65
51
26
22
87
29
51
10
87
68
31
29
30
37
42
35
17
81
22
38
15
54
27
92
41
27
16
43
43
45
32
63
40
92
45
22
44
15
36
 7
45
53
90
47
58
82
71
62
38
69
50
77
47
35
60
36
83
89
44
43
53
63
85
79
 1
38
59
