150
99
70
32
 7
 7
57
41
78
75
67
54
15
84
33
16
36
69
18
80
70
34
 5
65
21
21
26
32
89
62
63
79
90
84
38
48
18
30
23
 5
 4
51
71
96
10
23
23
59
16
64
77
66
34
95
66
 8
10
15
57
55
38
27
90
48
71
26
95
31
31
36
81
66
98
27
47
92
14
 9
23
96
42
17
55
20
43
97
83
51
97
 6
 3
 1
35
16
43
52
19
57
 9
51
10
 9
53
45
86
 8
62
25
56
37
34
95
93
74
86
 8
64
13
17
84
87
62
42
97
63
53
17
80
38
39
80
77
24
 7
41
 2
50
17
14
73
74
68
45
69
 4
 6
40
95
74
82
13
