300
31
70
 6
 3
52
62
73
 6
86
50
83
46
10
69
62
57
39
90
 6
10
35
35
83
26
80
82
20
95
86
84
47
26
53
36
54
52
14
64
40
16
 3
63
62
40
87
39
23
29
87
 2
61
12
20
42
 7
32
 5
74
55
51
72
40
22
26
86
80
44
43
51
59
70
82
89
39
23
71
87
29
67
17
71
51
66
69
12
81
69
 8
51
14
 2
99
 6
73
98
35
67
64
71
68
51
51
35
75
11
66
78
82
62
54
20
27
52
30
25
49
 1
61
28
65
55
70
31
98
89
54
34
49
81
 7
50
56
 6
51
73
52
74
90
61
48
61
43
76
46
37
85
64
45
72
94
 5
 3
98
70
38
40
22
66
60
47
60
85
18
71
97
81
96
52
37
19
28
78
31
31
 6
48
84
30
30
86
11
10
 1
 2
13
 1
39
50
95
97
81
99
82
41
32
14
 8
71
88
97
 3
19
54
16
14
62
44
91
95
29
94
40
94
42
84
27
72
 7
71
90
 5
49
72
50
75
71
75
12
16
62
 5
97
18
14
37
40
51
93
 4
18
19
12
50
 7
 2
33
96
31
 2
93
94
58
36
31
78
38
 9
35
51
34
97
 2
73
45
83
89
 2
63
79
86
68
51
49
64
 9
17
 6
41
52
48
69
25
89
81
76
60
21
77
 5
45
83
80
22
48
93
18
42
89
87
33
