300
63
94
85
36
42
19
46
97
49
20
72
89
47
66
 6
28
86
64
54
29
77
47
37
73
77
78
19
75
91
80
84
79
43
43
 2
 4
47
75
64
68
 7
20
28
 4
80
 3
49
83
59
45
38
98
63
 2
36
75
25
55
12
95
61
29
12
10
 1
52
62
71
66
40
 5
34
87
10
40
96
29
13
11
65
16
 5
 2
97
63
 6
20
19
47
 7
84
56
58
56
33
83
72
83
54
46
60
10
50
22
92
61
52
12
50
95
66
16
92
 7
19
74
 9
37
35
46
91
63
20
86
63
90
32
13
93
10
40
16
34
40
 7
89
19
64
81
70
52
11
17
18
23
31
39
61
79
28
45
34
 4
66
72
 5
 6
22
19
47
96
 8
54
55
41
49
 1
33
59
13
18
79
85
76
80
85
36
58
80
74
 3
79
40
96
25
67
65
10
61
97
25
68
 9
70
 2
21
79
11
81
79
 2
10
22
32
49
69
98
70
60
85
35
12
50
43
29
74
92
23
95
84
51
24
 3
92
55
94
60
59
97
61
19
91
35
72
27
 3
89
29
35
53
17
17
65
62
45
34
44
51
43
 4
33
99
46
70
27
70
59
91
79
93
90
93
 6
66
43
22
37
56
99
49
77
54
28
64
 8
91
50
27
38
39
10
86
18
 7
62
60
93
88
39
77
78
39
94
61
57
36
 7
91
30
33
