300
14
81
98
14
52
72
87
28
58
32
22
31
72
89
15
46
84
68
76
38
57
40
54
33
80
13
53
76
47
27
29
20
25
90
73
85
19
24
80
88
99
12
51
 4
90
79
72
25
85
76
56
 6
 5
46
89
42
42
35
45
80
13
54
29
12
77
79
 1
37
27
15
64
51
 8
64
39
58
83
75
16
38
 2
78
23
88
72
97
90
69
12
44
46
56
68
80
23
50
92
58
18
36
44
20
92
32
15
69
27
48
68
 2
42
72
52
95
98
98
98
45
70
46
69
72
31
51
54
61
18
90
88
50
31
37
83
70
40
78
50
14
28
11
 9
46
70
46
53
52
75
32
72
 3
66
40
93
63
49
92
58
11
44
18
79
87
20
78
 6
59
 5
73
38
93
25
67
15
51
40
12
18
86
19
69
28
43
36
48
59
66
20
96
11
 5
53
53
75
13
34
82
20
39
 5
36
 5
17
74
24
42
24
14
62
55
45
66
73
44
96
59
 8
37
43
37
60
95
76
18
53
86
74
97
55
78
21
83
16
67
97
 6
71
96
26
74
16
71
82
26
94
52
56
39
85
94
65
63
66
37
19
34
 7
15
34
 4
89
85
75
 2
99
44
60
19
83
26
80
29
33
69
63
76
65
26
70
97
85
99
11
36
81
13
87
16
40
65
61
20
60
87
33
45
 8
46
42
83
20
