250
30
97
46
81
82
85
24
 7
73
51
84
49
99
43
 6
44
88
18
70
49
95
73
38
66
26
24
14
72
12
12
19
51
33
79
23
16
 7
38
59
29
38
49
55
13
67
23
29
34
98
87
63
94
23
17
 4
79
60
77
26
98
23
70
82
89
88
37
76
 4
31
 4
 6
51
87
42
95
12
81
 1
57
14
17
99
21
59
38
46
52
21
84
50
18
72
34
 4
 9
84
40
11
59
56
 2
25
17
93
35
63
73
25
91
99
93
56
98
61
97
59
73
46
 8
89
71
94
 4
24
30
27
21
38
53
77
24
91
33
26
92
34
18
84
53
32
19
31
82
92
24
16
44
19
30
81
43
45
18
99
97
92
68
44
92
13
21
44
20
39
15
17
74
16
88
11
92
28
57
85
22
17
89
37
 7
71
83
 7
77
 8
41
88
 5
25
79
38
40
30
49
54
91
38
 8
92
58
35
29
82
50
19
73
43
50
78
20
36
31
58
78
58
75
55
79
16
33
81
65
80
27
70
72
85
82
34
42
31
80
51
38
70
82
13
 4
64
56
88
57
59
55
33
35
57
50
25
96
72
