150
88
61
87
62
47
85
87
 7
90
 2
76
 3
 2
40
69
22
40
15
85
99
13
69
79
47
75
70
61
55
52
36
94
30
92
51
41
91
66
63
58
20
27
 5
19
42
10
44
39
69
33
12
 6
74
55
90
82
91
41
19
74
65
 8
21
51
28
 5
82
91
93
86
88
52
87
38
68
35
87
10
36
46
92
35
81
10
97
63
 4
55
82
90
34
29
15
47
57
44
45
83
51
12
20
26
72
99
85
72
15
39
81
53
40
 1
42
66
41
21
73
90
15
55
26
85
 7
37
47
 7
11
52
10
 8
95
73
32
78
16
83
47
 5
98
34
74
63
61
53
29
66
42
57
19
66
16
