200
16
 3
74
68
 1
98
63
11
30
79
12
27
41
62
38
79
21
14
80
87
61
57
69
39
31
52
56
32
16
37
77
30
56
54
85
 5
 2
11
33
20
46
22
44
55
43
86
58
13
78
42
78
 9
74
38
12
89
37
84
34
78
98
16
62
91
65
23
73
20
41
92
47
36
11
 6
77
 9
86
46
23
76
60
54
42
76
 7
85
98
88
56
 7
55
63
76
 3
62
 9
 6
93
59
22
65
75
85
99
77
55
14
56
40
99
28
56
81
88
32
92
29
58
20
42
37
48
 7
92
91
33
33
87
39
61
39
 5
70
51
46
88
91
 3
28
49
23
65
90
73
47
95
74
42
58
80
83
97
27
45
51
63
39
 9
53
66
23
27
77
46
94
70
53
11
97
92
66
24
 1
22
50
87
66
30
72
97
58
32
24
30
65
46
19
53
58
87
25
19
 9
 4
11
10
31
45
47
11
