200
75
71
81
70
78
76
19
27
11
51
32
86
79
37
81
66
 9
 1
92
61
31
11
11
31
54
69
99
25
26
62
69
57
43
61
65
64
27
41
99
45
15
36
71
46
86
10
48
53
72
52
48
84
66
93
 2
29
91
37
40
33
35
88
83
74
12
14
60
27
57
86
60
59
22
45
34
59
68
48
29
54
30
25
24
86
44
15
85
22
19
 8
52
82
42
54
81
28
91
76
 4
25
50
43
82
 2
 6
37
11
23
 7
87
98
23
89
70
43
73
18
86
 3
62
55
96
66
62
50
22
50
41
88
 2
 3
 7
35
 2
69
42
31
85
66
21
30
20
50
50
56
49
98
38
88
76
19
35
19
28
80
51
12
16
94
69
 7
56
39
 4
87
13
42
83
66
66
38
20
10
 1
 1
59
32
30
60
54
 6
18
17
62
23
38
68
 4
23
17
43
 6
45
15
65
37
26
87
47
64
