300
20
87
31
25
12
51
68
55
83
53
87
87
21
60
61
43
63
81
23
65
11
78
52
87
 2
76
 9
65
 3
24
54
64
35
58
27
53
81
 9
28
92
 3
 8
88
79
 2
20
49
30
57
76
54
56
86
34
64
23
43
14
20
55
 6
69
28
65
78
36
14
58
47
79
35
22
18
41
61
32
76
73
40
74
 3
52
48
48
77
88
54
 8
 1
 3
70
40
87
90
46
33
32
55
67
97
20
13
15
54
81
64
46
96
64
35
58
67
 3
70
90
64
88
97
28
90
 4
35
62
88
17
57
71
50
23
 9
81
62
 2
70
58
79
96
49
 6
60
81
31
 5
81
 9
55
86
62
23
27
66
 7
25
60
19
 4
57
47
39
82
25
51
74
74
96
21
37
72
12
24
27
43
42
95
53
77
18
87
65
34
82
50
23
72
87
88
86
24
72
52
59
83
57
91
81
92
 2
44
84
93
21
80
15
99
57
71
46
97
74
11
74
 4
63
50
22
90
60
90
32
20
20
69
11
87
91
 4
67
12
13
26
14
86
66
65
97
20
32
13
98
71
68
25
87
34
61
21
57
48
57
92
46
 1
55
 6
44
15
39
17
12
58
24
66
 6
80
38
88
27
26
73
80
99
11
41
90
96
20
63
64
 1
14
41
84
39
 4
34
79
84
71
62
23
21
94
22
71
15
89
69
16
73
77
