300
22
 2
79
18
53
40
13
19
26
96
50
14
31
62
57
47
85
92
92
99
 5
31
39
63
63
39
72
46
71
32
82
57
 9
94
68
67
36
 6
82
85
29
49
89
68
68
94
73
80
22
94
85
32
39
24
71
14
17
29
32
47
44
26
10
85
88
89
11
65
23
95
68
57
69
36
78
 6
53
91
78
19
41
66
23
87
49
69
21
95
17
64
95
 9
24
48
13
91
16
96
54
55
67
27
83
69
15
33
69
51
88
24
28
67
95
20
32
47
58
65
64
61
78
75
49
46
32
 5
59
50
42
35
14
59
66
82
60
91
27
25
81
14
20
25
99
68
37
81
19
81
40
71
95
98
14
 2
50
62
40
54
37
70
17
34
78
90
66
 2
57
30
68
 5
10
86
41
85
92
99
12
84
58
40
11
 9
33
29
32
92
28
43
67
20
56
93
84
32
 8
43
58
81
52
23
96
75
21
48
95
58
28
68
64
70
92
61
40
53
17
 9
39
 3
86
57
76
82
51
 1
88
77
34
94
81
82
45
45
63
50
50
59
69
52
52
20
36
94
43
64
36
44
 8
31
35
 3
96
60
80
82
75
99
68
25
61
 7
22
19
60
 4
21
49
10
69
99
38
27
35
63
15
98
55
60
78
88
18
23
66
 6
90
37
18
 4
40
58
43
65
30
13
71
41
41
19
 6
79
 8
