250
60
82
34
 3
33
78
35
31
62
 5
42
52
64
46
62
26
54
27
44
78
76
70
 7
53
67
42
78
23
83
98
54
56
90
69
31
62
29
83
23
68
61
67
25
64
21
51
35
91
52
71
82
76
73
22
85
 5
50
73
88
48
13
51
90
 9
 6
46
30
 9
87
21
25
10
92
92
35
56
59
62
53
43
35
45
86
 8
77
19
36
32
36
93
33
71
55
50
39
82
83
51
81
65
15
59
16
15
53
66
84
66
35
78
87
43
89
59
 4
 4
76
69
 3
75
81
 9
71
86
 5
86
94
68
24
65
32
66
82
52
13
 3
60
12
82
42
79
85
54
11
27
56
79
 2
32
69
76
35
68
55
60
94
26
40
96
19
48
95
27
54
39
34
80
53
55
86
34
43
93
56
20
29
80
13
58
49
75
95
97
65
91
10
55
10
57
72
34
46
99
86
 5
81
 2
28
33
 2
97
78
41
34
51
43
96
37
 3
40
77
 3
10
13
52
88
78
79
 7
54
 9
30
44
17
44
20
 5
11
59
37
27
47
70
16
 6
94
97
85
40
35
70
87
73
30
12
67
71
78
70
 5
