300
80
48
 9
11
74
30
18
87
61
91
89
45
24
11
45
 8
 1
17
26
43
71
69
19
17
95
58
67
10
46
76
34
65
52
95
57
55
 3
19
87
 3
37
24
36
81
58
81
20
20
 6
54
36
 6
19
66
55
54
26
51
60
23
96
54
22
18
83
15
46
 7
 3
97
65
61
74
93
24
46
49
60
39
83
90
36
55
16
10
83
 1
74
94
87
63
95
95
95
77
95
64
 6
53
17
 2
64
31
97
49
37
 9
46
44
72
 2
79
97
18
92
15
91
46
46
75
77
 9
19
79
68
 7
59
93
84
75
24
19
71
76
89
77
39
 7
18
77
43
 5
29
18
60
63
32
31
59
42
 4
90
48
71
39
 8
84
51
49
41
31
45
77
32
31
50
64
 2
15
60
52
14
88
98
63
48
15
46
28
73
58
19
13
88
76
37
 9
99
62
52
51
 4
82
42
 3
58
47
62
 2
 6
44
63
79
20
69
60
70
48
91
48
 7
37
76
81
28
71
32
79
87
61
64
94
90
79
22
 4
66
85
33
47
71
59
96
96
45
38
25
49
34
38
17
62
68
 3
51
94
29
77
77
80
 2
78
 1
19
14
 2
22
77
99
86
49
 2
61
65
32
45
64
 3
40
90
65
65
17
90
82
33
65
83
19
76
74
32
53
24
31
30
90
36
57
18
10
15
 1
78
86
64
12
 5
23
26
