150
27
78
17
86
78
82
14
80
89
25
10
 3
60
87
34
81
15
22
17
 8
70
68
29
75
88
27
33
44
 5
40
37
22
33
74
43
64
83
43
50
92
73
83
29
19
55
13
17
83
86
86
56
95
99
82
21
74
52
15
51
91
 7
34
52
13
78
98
63
20
58
70
63
43
14
25
16
57
82
38
16
76
60
22
48
24
 4
84
13
83
55
83
35
13
78
47
14
46
58
32
 9
43
18
88
50
27
18
17
53
58
98
62
16
90
20
52
97
58
60
17
47
48
34
91
87
75
91
46
 1
56
43
42
54
78
 2
62
 1
42
57
 8
64
20
85
17
91
64
21
85
52
26
67
60
