300
86
27
99
26
67
73
45
51
33
84
24
95
28
80
39
83
37
35
59
98
75
17
66
82
19
58
42
 7
60
15
74
84
61
39
27
12
18
41
44
93
75
56
27
35
32
 2
75
65
63
15
21
75
89
92
35
22
57
 4
60
98
12
81
17
11
56
 3
66
63
83
30
66
96
46
27
 1
78
75
50
13
91
 6
94
39
 9
28
 5
73
24
98
50
24
 6
57
41
52
46
64
16
 4
86
20
58
33
74
75
78
63
45
80
20
40
73
 7
22
42
 1
65
 2
10
71
75
87
40
87
97
68
31
18
74
80
 3
74
21
 5
84
77
87
 8
 8
34
23
69
67
57
 5
58
26
34
25
89
98
80
12
15
84
84
78
98
21
89
74
11
94
 2
37
 7
86
87
 8
18
95
29
23
11
26
22
35
70
60
78
76
35
15
 3
28
41
 7
26
94
26
17
57
48
32
86
31
59
60
23
24
57
20
63
 1
47
18
69
81
29
38
84
85
36
66
54
23
45
84
28
23
86
 3
32
52
77
75
52
 7
27
22
 1
38
52
40
18
 3
10
25
72
85
17
48
12
92
64
67
36
60
78
70
42
71
41
44
 5
42
38
82
42
58
28
 5
51
19
 7
10
38
73
71
23
33
16
25
97
25
23
75
83
98
69
40
37
13
50
91
20
91
26
 5
 7
75
99
93
86
25
85
34
68
75
33
