300
65
32
90
32
23
54
67
 2
31
24
12
69
37
40
81
53
69
18
58
63
66
61
31
97
 5
13
23
99
85
16
81
98
 5
64
49
79
48
38
 7
61
31
35
 5
45
38
72
 5
29
77
82
17
28
97
72
75
 4
94
70
16
46
47
38
14
10
 9
41
54
37
97
 1
68
92
16
98
21
21
36
34
93
56
74
50
32
 9
16
 3
 1
38
83
78
28
49
28
63
78
21
40
47
33
 2
49
79
12
81
98
47
28
65
95
98
93
78
 1
85
90
22
51
46
 5
80
 8
 1
35
42
89
72
99
20
13
24
30
 8
79
20
75
99
40
79
17
82
80
54
20
29
38
11
 2
19
26
 5
59
94
50
61
40
99
94
55
82
79
80
74
17
22
60
80
62
 4
48
46
 1
12
50
98
58
19
20
 8
92
81
64
87
 6
30
42
45
66
25
 1
16
96
56
51
59
83
45
65
23
52
34
74
63
12
25
61
34
67
49
23
18
18
30
80
17
57
18
59
94
57
58
62
62
89
92
73
99
42
15
55
26
95
15
21
 4
 7
29
68
78
77
 3
71
40
51
19
92
21
 2
75
29
15
82
76
32
16
75
12
47
74
30
99
98
71
13
56
35
98
64
67
20
53
91
48
38
33
88
34
13
38
97
 5
18
64
28
84
57
 3
44
26
18
24
 2
 7
53
55
98
50
12
41
83
13
