200
73
70
34
70
70
39
90
11
16
92
63
83
65
99
 3
96
77
68
72
67
29
67
45
76
 5
59
 5
 6
21
94
53
57
10
97
32
 8
75
 9
78
95
 3
24
20
70
 8
69
 7
29
91
73
 8
67
20
68
70
41
74
83
55
97
88
61
49
67
32
52
84
54
42
39
48
44
85
23
12
42
22
37
78
82
65
15
64
16
34
82
16
92
48
90
82
82
91
76
46
36
90
54
15
13
33
21
 3
16
54
95
91
11
45
67
89
16
 4
65
99
12
57
26
93
64
13
90
29
18
36
86
77
37
39
29
19
72
53
 3
69
 7
92
59
87
78
58
90
37
20
 4
 5
46
36
22
80
43
16
53
 5
 5
41
81
99
98
81
19
14
63
 7
62
95
96
50
85
39
95
21
92
90
33
23
58
26
 6
51
 6
83
21
47
51
65
92
77
30
80
87
13
77
52
89
73
59
66
53
 8
