150
66
 9
11
39
58
88
65
86
67
72
26
60
 5
95
11
69
13
91
88
52
93
43
 9
17
92
56
59
16
54
43
22
15
 4
16
64
53
56
78
54
31
35
33
33
39
82
68
26
56
39
67
29
34
97
80
54
89
85
12
66
34
96
76
 7
53
12
50
14
58
45
95
57
49
49
65
88
72
 5
79
16
53
46
77
30
52
44
28
54
46
78
18
74
82
46
92
16
83
36
53
 5
92
90
18
13
95
15
30
91
32
35
11
13
35
79
68
23
86
72
42
12
61
23
88
23
23
91
 4
94
51
18
78
56
74
 6
85
82
60
34
93
18
71
85
 1
70
15
74
98
11
 1
70
42
