150
82
50
60
46
38
72
 3
56
60
 1
53
34
49
61
12
79
30
52
98
40
80
17
19
43
35
53
24
63
67
10
 3
54
75
65
50
16
63
29
27
30
39
77
57
17
24
57
 4
39
16
56
34
48
60
93
39
56
 6
27
18
37
87
 8
66
66
 9
 8
18
73
65
35
56
14
 1
65
34
71
15
 5
40
65
10
14
51
68
33
 8
91
41
58
55
38
57
88
 7
16
54
14
54
 9
55
 9
75
17
10
13
47
 2
13
54
83
57
26
83
95
21
67
74
11
96
 7
43
66
77
19
60
 3
38
38
95
65
17
58
78
68
29
30
 8
95
29
15
93
10
85
97
75
53
58
70
80
86
