150
93
75
23
10
80
44
57
86
36
81
62
12
13
33
38
59
56
17
28
40
46
20
31
30
81
90
 5
89
31
28
92
23
36
11
24
10
96
57
 5
82
40
86
43
59
83
46
47
32
93
77
17
90
74
97
69
95
51
68
50
87
14
19
31
35
76
91
53
21
 9
10
47
41
 1
82
61
55
24
93
17
44
48
69
64
93
60
70
27
90
66
 9
 9
46
18
26
63
18
32
50
96
51
55
58
96
10
51
47
65
28
31
62
53
48
45
91
57
64
29
36
87
41
22
 5
77
47
75
31
25
52
38
49
42
24
51
41
 8
94
47
86
 3
11
73
27
14
52
32
72
79
28
77
74
