250
63
 8
 6
58
88
 8
78
70
47
12
36
72
94
81
68
98
63
64
51
54
22
69
79
18
36
96
77
99
25
41
74
14
83
37
60
57
60
68
50
58
90
 4
37
61
42
16
65
29
78
97
21
23
13
65
57
52
49
54
56
39
79
85
46
93
31
31
68
53
51
32
27
78
99
24
98
49
53
89
49
62
90
29
29
80
43
45
85
21
 8
38
86
39
96
10
77
94
 6
72
52
59
97
65
91
56
68
57
36
68
 1
60
35
33
69
24
55
55
95
30
81
42
30
63
94
99
48
72
68
94
50
 8
54
24
33
40
98
 4
41
49
82
87
54
87
 7
59
33
 5
 5
12
53
46
37
20
81
 6
27
57
 3
40
91
54
54
38
39
29
89
39
74
15
 6
 8
98
 8
83
47
22
45
44
56
 2
47
96
33
15
40
76
 3
51
83
28
92
87
21
55
27
92
87
93
55
19
68
 2
96
60
68
50
20
10
80
14
21
95
97
 1
35
49
75
74
46
58
78
84
15
72
24
40
97
24
51
70
88
 2
30
10
41
71
40
19
96
70
37
98
98
53
29
38
10
46
81
82
93
