150
92
50
93
49
92
96
37
35
95
43
83
53
10
81
90
96
95
35
95
72
36
17
44
46
65
55
90
78
72
43
40
53
82
15
14
87
28
75
39
32
25
 3
29
45
57
57
47
46
71
 1
44
45
 9
57
36
43
72
49
30
92
38
99
54
37
26
53
14
96
27
28
16
23
24
 9
77
 4
72
18
88
26
97
82
23
74
77
15
62
96
48
27
46
87
25
19
 6
36
61
26
80
87
36
98
 7
59
10
80
40
69
17
54
19
 4
49
38
44
 1
98
 1
61
62
97
52
28
78
55
 8
44
67
96
80
50
29
19
66
53
 3
72
26
78
37
73
89
34
54
70
 6
63
21
45
59
