150
48
43
68
94
73
15
42
88
70
95
49
48
74
58
59
34
48
34
 3
35
15
16
37
26
77
69
 1
21
48
61
22
 2
25
85
33
 8
53
90
49
25
 5
14
89
82
 4
 4
64
 4
42
37
35
92
20
35
49
36
26
42
72
66
24
21
19
97
44
96
86
67
59
 3
18
74
13
77
81
89
21
60
97
 8
88
24
 4
88
60
98
84
12
70
38
53
50
78
58
32
 1
86
19
81
91
 7
69
63
65
73
30
71
 9
82
38
 3
85
39
13
24
60
 2
81
91
80
11
30
 1
79
65
88
89
93
75
51
90
33
13
21
69
19
11
74
27
15
40
57
95
65
91
83
27
76
 9
69
