250
52
71
86
53
69
47
72
62
25
97
58
 7
34
 5
80
82
50
19
93
65
76
72
11
26
24
55
72
72
37
48
28
20
 3
53
29
82
46
39
97
76
17
18
68
45
90
71
88
91
81
78
49
20
73
14
56
79
99
97
77
23
51
64
24
43
46
14
68
26
62
49
48
82
37
20
 5
77
50
90
59
41
94
82
88
69
57
74
15
93
92
 2
65
43
28
85
13
63
92
96
49
24
80
73
13
80
67
44
25
 5
76
40
36
81
13
44
53
58
74
86
53
46
42
22
39
87
70
84
56
58
74
77
14
24
32
87
33
27
 8
65
84
41
 9
82
 7
24
78
 6
84
38
42
74
82
73
10
50
 3
27
51
14
68
71
46
71
 3
80
21
57
93
42
79
88
33
 7
56
65
 7
39
57
46
21
70
51
43
63
75
78
12
54
34
17
13
 7
99
84
21
51
61
21
27
28
 1
28
58
19
35
 1
17
16
53
36
81
96
26
62
79
 2
 7
54
66
91
97
83
 4
77
 3
87
 9
93
44
83
32
15
38
19
52
86
64
92
55
66
56
24
57
44
86
10
61
50
82
63
 7
