200
18
53
21
42
19
80
29
20
71
85
73
62
61
39
16
23
59
94
46
98
13
40
49
81
76
71
35
78
46
87
56
24
 9
24
 8
98
67
76
21
96
40
64
71
28
14
90
92
26
39
17
27
33
43
38
93
26
54
71
14
67
15
23
90
43
74
76
35
73
44
52
81
37
89
68
74
35
61
84
46
95
35
31
 2
65
49
13
99
94
25
 2
66
34
63
85
26
88
72
12
76
20
54
69
 3
45
91
63
61
24
61
35
 8
 7
 4
45
28
94
 7
 7
21
 6
 8
84
 7
 9
68
23
10
98
56
39
76
82
47
46
98
53
15
23
81
21
12
14
35
64
99
72
37
 3
42
20
32
11
17
48
21
10
56
34
 8
47
81
79
51
85
23
65
 4
34
20
33
58
33
60
54
 6
12
71
38
31
58
27
12
27
 1
64
34
65
38
97
82
 7
44
92
60
89
37
27
65
75
93
