150
85
85
10
55
 5
21
96
29
 7
18
79
81
46
98
 9
99
29
66
30
10
29
25
33
91
 9
25
99
70
37
58
90
80
96
84
72
42
34
98
94
46
81
16
25
13
93
99
52
90
13
95
65
73
25
 5
31
 6
14
59
49
46
74
25
35
68
87
 3
96
54
26
55
56
80
97
16
87
28
77
24
16
41
53
46
48
47
18
90
92
64
65
22
22
25
78
64
44
22
 1
85
35
20
77
74
 4
32
25
84
36
99
59
72
79
87
19
91
41
27
 8
73
31
13
 3
62
50
95
56
29
33
70
29
31
59
99
83
49
34
89
76
53
59
32
91
50
96
47
25
60
25
36
83
47
