250
49
88
11
30
50
 3
39
93
33
81
75
86
86
96
55
93
33
20
 3
88
72
31
86
92
 2
 1
54
15
88
 3
 2
83
47
34
77
68
78
15
92
83
40
37
46
64
94
35
 5
39
 4
53
85
48
31
80
54
64
93
19
88
53
52
59
39
22
63
56
14
 3
96
31
33
32
23
20
75
39
84
14
66
32
73
64
20
95
90
32
98
62
42
55
89
 7
30
93
72
95
99
28
71
57
 9
 6
62
 3
60
63
40
60
79
38
 6
52
75
19
80
82
69
10
20
56
15
90
 5
 5
10
24
14
41
28
10
47
13
44
32
82
70
 7
84
61
38
27
45
84
90
21
69
90
24
 5
73
18
25
47
80
31
36
96
 7
75
 3
90
44
86
12
51
35
88
19
86
85
 8
41
91
 7
61
43
87
52
14
87
57
14
87
57
52
71
 9
49
20
30
63
31
 5
60
80
55
 2
76
76
41
92
54
95
98
67
30
92
20
27
85
67
 7
10
61
22
51
11
91
27
53
31
19
81
90
58
70
67
 4
89
51
37
38
97
61
86
97
61
56
31
36
64
75
15
70
67
75
11
12
76
54
