300
33
17
92
 5
32
34
 7
41
75
26
34
97
95
26
63
23
 7
67
89
75
27
81
17
87
61
71
34
76
81
18
60
29
42
65
 2
74
55
26
 1
79
81
61
 3
83
42
78
38
85
 7
87
45
17
90
77
23
25
81
46
41
67
42
37
 6
70
34
25
94
37
54
 7
70
72
86
30
83
93
19
26
61
98
52
68
25
73
55
29
89
96
42
61
28
21
 8
69
32
 4
33
97
43
58
17
98
19
87
50
22
79
99
84
70
 5
29
18
66
33
 2
27
90
30
39
 6
12
82
51
 7
96
70
16
61
93
87
84
69
87
67
33
33
39
62
59
45
71
57
82
70
46
48
42
60
73
79
29
28
 4
62
56
21
60
72
24
38
33
42
51
90
16
61
49
88
90
78
14
50
53
33
91
79
85
22
19
56
53
91
69
62
51
98
22
73
59
11
82
76
48
95
73
 4
87
67
 8
70
96
41
87
98
91
65
28
 7
65
74
42
61
62
46
 5
58
79
93
14
36
55
83
79
89
73
 4
52
80
62
75
20
25
85
43
91
36
29
13
96
14
81
 1
 5
71
91
40
11
64
21
21
84
27
65
 6
37
84
61
94
73
39
64
94
27
99
96
40
20
53
63
52
37
56
36
65
84
26
91
98
95
23
19
28
72
13
68
20
10
69
67
73
 9
44
72
57
 8
35
76
66
52
