300
15
20
40
55
89
78
12
35
81
83
10
16
64
 2
46
85
65
11
37
94
92
82
43
80
27
22
43
69
21
23
52
92
43
76
81
 8
74
94
59
92
43
69
29
88
72
54
12
42
24
70
69
65
47
17
49
20
64
11
54
67
47
34
 9
94
 8
86
64
36
23
43
28
29
60
21
43
96
 3
32
23
22
46
50
35
76
57
47
70
94
75
50
92
47
51
45
62
99
84
 7
89
17
80
69
58
88
67
12
 8
54
 2
78
13
92
 1
 9
18
48
39
 2
 9
66
43
69
46
12
96
35
60
44
40
 5
27
13
36
78
16
53
96
24
48
54
55
 2
40
57
54
23
77
85
58
61
89
34
46
 6
78
48
99
39
69
95
40
60
21
67
27
30
88
40
74
52
63
76
 3
65
84
53
73
71
41
73
24
68
60
33
61
 6
26
28
20
50
81
58
50
57
85
14
38
48
81
98
25
96
23
84
27
95
47
50
18
48
10
86
94
25
89
29
60
27
91
 9
62
24
 6
73
26
93
 8
65
 1
15
27
13
71
66
72
28
57
73
51
55
47
52
55
81
74
92
70
23
14
33
56
28
81
74
81
10
27
74
46
19
91
71
76
 2
30
83
21
37
72
45
41
 9
15
94
25
98
16
91
15
51
86
99
67
13
79
74
59
78
 5
15
31
61
37
15
 5
19
17
76
58
31
