250
82
99
75
49
47
92
93
82
85
63
 4
98
10
13
78
37
95
68
12
40
94
97
62
65
73
41
75
66
64
76
38
51
66
51
89
 6
91
10
30
76
65
 6
62
24
84
65
87
33
68
88
11
63
72
23
69
77
17
37
34
98
97
12
10
22
28
54
73
63
87
97
79
57
11
54
70
83
14
96
29
27
68
51
99
69
40
37
21
19
90
85
97
35
60
43
51
14
36
86
76
53
19
78
54
62
95
69
26
57
25
99
 1
93
49
73
97
72
43
78
78
77
 4
36
87
88
89
30
60
 8
28
 8
94
66
93
 4
64
31
64
95
73
87
68
99
 2
17
35
58
75
38
52
19
99
52
38
25
71
28
46
64
31
89
15
59
67
49
40
67
18
19
32
59
 4
76
16
57
24
88
23
92
48
96
53
66
42
51
42
73
65
86
14
73
59
58
77
73
85
12
 7
89
19
89
84
73
56
82
60
65
61
13
80
46
77
35
62
58
58
90
40
83
29
52
96
20
33
22
70
62
85
19
69
28
68
12
84
35
16
27
18
55
99
98
48
75
72
 3
 8
74
96
98
28
47
