150
79
34
33
82
51
79
91
99
91
74
55
85
66
69
77
83
81
63
65
48
18
51
86
44
 1
24
79
78
 9
22
76
54
81
16
38
 3
22
46
38
82
91
82
63
90
52
27
91
92
71
40
 4
 9
47
 3
84
56
62
91
80
 8
25
87
67
23
15
90
97
61
77
55
63
13
94
37
65
34
73
47
19
62
72
10
85
79
32
29
48
91
94
41
46
94
99
81
64
18
49
23
92
88
 5
25
86
10
22
51
85
14
 1
86
60
69
28
17
51
10
 3
 5
35
57
39
21
14
 6
 4
64
49
58
 4
36
27
48
84
82
98
76
40
 4
71
65
 5
14
86
74
28
64
66
79
92
12
