250
57
92
76
51
92
81
92
28
69
91
68
18
47
13
59
15
15
 5
58
 1
 6
97
51
12
81
51
63
36
13
73
50
94
48
50
33
45
76
77
67
45
20
36
13
55
35
31
 1
78
46
 5
91
40
26
62
77
 4
19
 8
49
 5
27
52
87
31
67
65
74
 6
96
38
 2
12
39
40
78
14
93
35
83
16
64
30
 2
 7
89
16
77
44
10
 6
 1
 7
63
 3
97
84
25
90
20
46
95
22
96
 5
65
65
62
82
31
81
18
68
13
21
33
44
44
86
47
16
78
50
84
11
89
96
40
57
99
62
40
36
32
25
46
12
 8
55
 7
11
73
58
12
91
 7
 9
76
52
64
33
79
13
22
24
17
45
94
42
69
52
42
98
47
 9
89
71
43
31
50
38
98
 5
74
88
70
46
36
 4
69
91
41
52
68
39
 8
 1
60
98
89
78
37
91
78
 7
 4
51
71
26
75
69
44
27
76
35
 5
30
92
 6
58
 2
97
82
89
71
99
 3
75
34
24
17
 9
80
95
96
 1
72
19
16
 4
82
32
45
19
20
21
25
57
76
78
49
 5
84
94
 5
49
55
58
26
36
63
