200
48
20
42
76
75
92
88
38
84
86
51
 6
69
19
16
44
 4
40
88
20
78
31
79
83
59
 6
99
15
34
70
52
72
48
78
66
55
 7
48
32
17
25
57
92
29
20
 1
72
46
14
22
68
57
54
90
96
84
 5
56
25
21
30
39
85
50
25
90
76
44
88
92
73
 3
25
 3
48
 1
56
41
13
24
24
33
93
66
87
58
42
38
60
63
 3
 3
17
84
29
59
20
10
84
86
73
53
 7
95
62
65
59
70
99
45
96
73
21
81
13
79
52
89
22
10
 4
77
58
51
91
93
 4
13
70
98
74
 9
55
17
44
29
11
 2
40
74
23
77
 5
24
90
86
43
18
68
 3
59
 3
 6
58
90
45
97
11
51
57
11
32
99
21
77
30
23
70
40
73
74
31
40
61
40
40
14
75
76
82
 1
74
 1
50
35
70
73
45
26
38
38
74
69
92
87
17
28
98
 1
23
