150
88
62
33
75
57
 3
73
72
 6
79
 7
21
98
17
30
66
55
67
35
33
47
23
67
89
95
79
97
72
96
99
46
53
94
21
39
 7
68
40
27
74
31
56
72
70
 4
69
11
19
80
38
85
82
40
92
92
71
97
81
15
79
91
89
80
49
74
69
29
 5
 1
41
24
54
94
 1
86
19
80
91
 6
56
68
76
78
62
53
59
44
19
62
18
72
45
68
66
65
61
15
27
29
78
 3
24
73
59
30
83
14
45
69
46
 6
84
75
79
99
98
88
98
68
70
48
85
48
16
60
97
75
34
48
70
80
72
25
24
58
21
23
33
42
61
 6
 4
70
91
 9
 3
54
50
41
98
