300
65
44
41
27
82
 5
20
24
18
13
65
31
96
81
31
71
52
49
37
 1
93
 7
95
93
32
74
52
33
98
60
12
89
97
60
 2
42
23
45
42
44
62
64
65
63
50
43
59
10
77
94
92
96
 5
 1
68
16
 7
24
83
92
 5
60
32
15
73
35
44
63
15
23
71
73
93
 7
36
43
74
55
53
98
13
31
14
78
16
21
78
95
12
73
43
64
74
67
39
67
11
73
17
 8
83
41
83
57
58
74
50
33
55
31
45
15
 3
94
64
29
52
68
85
19
66
39
65
29
43
51
99
18
82
45
97
26
50
 6
28
19
49
63
98
30
77
95
41
18
43
84
29
67
34
60
29
54
37
95
99
98
44
87
56
16
 6
73
80
 3
34
35
26
72
 9
26
96
67
20
81
18
53
69
55
17
44
80
17
13
55
38
73
25
25
 6
64
20
 1
40
47
84
57
50
57
71
13
23
75
79
 8
62
31
21
49
71
23
55
48
 3
68
17
62
29
68
38
87
53
79
75
94
97
 7
51
46
14
 8
29
21
25
82
 8
54
78
94
73
22
81
60
96
99
15
60
92
93
20
30
58
 6
12
38
79
 2
37
61
42
55
32
34
35
61
99
81
59
39
40
33
66
68
79
 2
14
54
23
41
62
59
64
69
24
32
98
56
59
13
58
71
41
10
13
91
98
81
71
62
38
33
