150
29
 7
 9
 3
65
79
55
57
58
87
 5
 9
53
30
88
19
25
25
94
80
94
89
79
98
47
10
93
85
39
82
11
67
69
24
98
44
93
63
26
91
89
91
 3
74
25
83
98
36
49
78
 7
51
56
17
91
96
29
33
19
19
47
 4
88
78
24
44
44
28
73
47
32
 9
 2
65
47
23
71
38
36
80
61
50
22
53
88
22
93
47
68
38
38
35
19
97
62
43
79
83
72
43
19
63
53
45
56
 3
36
39
17
90
85
75
73
81
82
42
 5
42
52
32
97
 2
 9
36
27
17
57
75
67
16
36
10
42
54
40
26
61
55
88
39
85
47
 2
25
40
78
48
 7
17
20
