150
61
67
 7
24
86
50
80
55
99
91
80
76
82
92
23
39
30
19
96
78
93
25
73
15
27
36
48
97
65
73
69
12
75
 5
39
58
 9
53
14
53
 2
25
89
31
36
61
21
18
20
43
26
53
94
86
53
25
40
88
56
93
69
71
42
73
84
52
45
53
96
16
 2
 8
78
 4
62
 1
43
 3
23
19
30
41
24
45
84
73
64
94
 8
81
26
51
72
38
20
98
88
91
58
90
84
15
80
82
12
49
 9
22
56
23
86
53
 8
49
57
23
20
98
57
55
12
42
52
49
 5
58
19
 9
80
12
79
33
49
88
10
74
87
90
15
20
81
86
86
62
94
14
67
49
 1
29
