200
14
71
85
10
23
15
19
84
60
27
54
 9
36
34
12
87
84
11
51
36
31
54
41
10
52
98
 5
14
94
42
33
81
52
97
98
90
74
65
52
 2
98
18
39
44
81
89
14
 9
29
90
 5
 8
81
 7
80
85
82
20
94
53
64
12
48
 4
76
75
50
 3
16
11
17
 3
60
17
77
74
65
65
56
 7
56
63
54
70
24
80
50
85
 1
86
13
 5
10
21
34
44
57
65
22
63
64
71
14
53
25
53
63
 2
53
40
82
19
36
94
71
85
51
81
13
92
37
82
85
62
22
75
49
 3
58
42
74
75
84
33
70
50
71
63
56
15
56
46
61
16
33
66
97
99
98
69
56
21
21
99
13
 6
38
39
71
19
48
85
35
30
87
36
34
28
77
94
90
84
37
81
85
99
12
62
48
41
51
69
88
22
74
40
63
97
41
39
 4
62
85
88
 4
95
29
84
72
55
