250
63
 8
33
57
 7
65
 5
82
65
99
18
34
26
27
69
35
18
98
 5
84
72
93
35
58
 7
82
37
27
47
98
 9
32
14
34
92
62
43
83
 6
88
 8
58
11
93
80
91
73
48
24
50
10
85
34
97
 1
 3
32
91
77
62
37
79
12
21
89
83
71
39
87
18
45
14
83
34
89
96
24
50
29
15
58
55
34
86
 9
37
35
14
36
24
65
80
80
94
25
18
16
61
36
56
 5
42
81
57
74
62
19
12
16
95
31
22
32
56
24
33
24
 2
45
47
33
 9
95
83
46
 8
43
16
89
50
 4
42
87
60
71
25
32
63
15
73
36
55
70
68
29
83
66
36
33
15
34
61
12
57
 6
31
30
11
58
17
78
25
35
84
46
14
68
37
78
41
41
68
92
90
38
58
99
49
96
61
 6
35
 6
32
32
68
78
43
47
35
57
33
21
37
42
31
13
78
19
17
11
85
 2
49
11
99
21
11
73
50
99
37
36
53
56
37
24
21
49
99
34
42
26
84
30
28
78
88
43
63
72
 3
95
69
56
22
38
11
 1
51
45
69
 3
49
42
97
79
70
92
80
