150
69
34
24
64
70
39
22
40
41
41
81
43
26
55
51
16
16
31
89
 9
99
11
71
29
28
96
95
39
82
68
90
80
15
 8
53
90
67
70
 7
78
34
52
98
56
64
 1
40
62
77
14
15
74
97
79
34
78
60
88
88
58
 1
96
62
82
 4
37
55
71
85
85
 6
83
10
73
20
43
12
30
31
25
16
91
83
18
36
12
53
 2
36
37
37
38
47
92
76
19
99
 3
65
73
98
37
33
80
68
74
15
78
19
75
11
26
43
99
67
98
10
92
56
92
58
17
93
99
43
66
78
28
67
95
91
48
27
39
30
27
10
34
20
23
76
26
84
17
70
81
12
59
65
62
