250
74
59
74
82
66
44
 5
39
23
47
16
40
56
54
30
21
69
69
48
71
67
11
73
 2
36
17
42
61
79
70
75
43
90
25
62
80
52
41
51
76
34
26
21
61
97
61
70
42
62
44
99
10
45
 2
37
80
30
17
69
54
90
17
44
38
96
67
90
33
42
27
29
31
51
97
13
20
39
37
97
38
40
41
44
84
64
 1
61
27
71
26
25
94
54
17
38
28
 9
 6
83
50
78
53
51
37
54
96
68
59
22
36
18
59
22
82
88
50
43
41
23
89
87
32
23
22
33
51
73
33
43
66
30
30
46
36
56
59
23
64
35
10
30
74
60
93
20
 3
11
44
40
14
17
52
 7
30
46
55
37
67
93
 9
15
86
97
50
79
44
99
97
28
53
35
85
 1
26
78
63
47
42
64
89
62
72
63
33
49
28
51
 4
24
69
57
42
32
12
23
76
62
12
66
88
44
21
59
83
11
25
41
23
11
50
69
91
66
28
 5
80
37
42
66
54
96
21
50
56
99
99
15
59
20
28
53
98
38
41
71
87
89
66
47
61
16
88
22
42
52
49
 1
84
84
95
