200
 5
 8
44
36
 8
64
78
28
94
19
35
97
79
51
67
51
83
27
31
91
17
98
88
55
73
50
33
58
47
86
26
36
34
70
76
36
29
79
46
32
60
10
25
55
 1
 7
42
77
91
23
68
58
92
94
77
92
36
47
 5
60
53
15
 2
22
84
72
96
55
41
84
66
93
95
58
38
44
18
 3
20
36
86
91
83
18
25
21
91
11
92
69
90
61
47
47
71
97
39
32
25
13
60
97
64
16
73
26
72
43
73
83
40
76
 3
 6
29
80
55
23
66
75
15
79
75
79
44
 7
41
28
81
77
51
12
53
96
87
32
61
77
 4
11
59
51
69
78
71
48
32
43
72
 7
61
91
66
47
17
16
 9
79
33
11
90
46
37
38
35
14
 4
13
26
89
70
96
12
69
92
57
21
11
90
83
14
38
53
93
15
58
45
63
51
 5
96
80
43
84
18
65
64
46
 4
61
