300
 8
 7
43
10
93
99
27
 3
72
22
70
62
51
 8
68
60
13
65
57
43
95
88
76
89
11
46
80
24
 3
26
76
14
17
71
46
75
95
43
 1
13
36
71
43
 1
39
40
87
39
11
42
90
11
 5
67
72
49
93
46
62
38
46
31
53
91
 5
27
 3
84
41
42
56
23
72
87
35
 7
36
97
77
67
74
83
51
48
68
 5
30
 3
45
69
87
89
85
40
52
 1
94
71
99
58
38
43
33
84
97
 9
12
63
75
52
97
44
78
40
56
66
19
77
99
75
76
57
 6
97
27
 5
93
59
12
11
93
 4
43
50
95
85
20
81
10
34
39
36
27
 5
93
73
 1
67
38
16
56
20
96
59
42
73
26
36
18
20
74
61
11
11
62
27
26
52
45
60
38
66
55
38
66
19
88
52
47
31
50
17
93
27
10
37
88
 4
84
 6
87
69
98
47
52
53
44
94
30
38
78
10
76
95
98
12
43
87
28
58
33
24
32
31
28
22
18
59
14
67
49
41
87
26
 1
 2
91
92
86
39
37
37
17
 6
77
40
90
65
99
51
75
78
65
99
 3
72
99
62
19
 5
54
24
17
35
24
45
88
69
68
70
34
 1
95
75
61
31
67
99
99
67
 7
81
87
15
24
93
31
10
68
42
10
62
21
15
28
35
28
17
70
 5
 3
15
78
79
76
11
 4
76
38
62
