200
49
96
93
65
64
84
64
75
15
55
76
73
10
32
91
29
31
33
79
11
76
26
38
83
41
76
29
17
 7
61
44
34
44
56
14
26
88
84
47
61
99
46
50
73
59
82
90
13
27
34
45
22
94
17
29
99
80
82
26
47
78
 2
 7
42
25
13
78
42
78
 3
36
53
92
34
61
72
83
95
53
50
28
10
11
58
52
41
71
20
16
59
28
 2
37
 7
12
 4
 6
97
67
50
94
31
28
33
21
18
93
93
89
18
19
97
48
96
42
99
84
67
25
46
22
57
59
96
13
51
11
38
97
53
32
74
44
20
43
20
 7
 2
 2
42
36
51
51
41
95
40
76
12
72
29
68
12
71
37
10
27
87
70
76
 3
11
31
94
19
83
83
23
64
68
 3
17
 8
27
61
32
 4
78
96
22
44
44
17
 5
87
32
71
45
78
87
58
 5
86
46
88
48
76
12
90
29
52
