150
66
21
 2
81
56
 8
36
30
89
88
74
77
25
29
69
83
 4
97
80
33
22
 1
48
69
19
49
91
15
12
 9
46
26
 6
68
41
78
38
95
25
32
55
95
65
76
88
61
 2
86
44
12
 7
10
45
14
 7
20
71
 2
29
17
17
52
39
61
99
63
 8
92
75
86
97
22
69
42
 1
55
65
98
 3
31
 5
13
26
42
 1
39
12
 5
18
91
 8
54
60
59
11
47
78
87
26
21
59
85
 8
99
95
 1
37
17
16
24
97
18
65
39
99
17
 2
10
30
91
23
94
68
71
76
94
48
99
71
34
95
41
25
59
38
 4
 2
52
 7
54
53
79
36
79
 2
39
63
 6
 9
23
