300
95
12
83
83
73
93
33
64
15
 4
56
86
45
12
50
71
 3
56
19
19
12
37
65
59
 8
 9
 6
53
42
87
41
10
98
37
67
89
70
79
69
87
19
65
52
31
49
62
95
97
44
11
61
 7
93
76
24
64
24
70
98
25
18
60
97
59
97
41
 5
69
53
90
92
64
19
78
82
26
53
54
72
69
48
90
 8
53
94
76
51
13
49
79
23
91
48
56
33
50
58
 6
26
 1
63
72
35
71
54
97
46
43
16
 3
16
50
 1
 5
99
 4
54
87
67
26
97
72
38
44
35
42
18
36
93
68
86
94
40
84
 2
72
11
44
67
91
84
25
35
84
38
25
 5
36
12
73
61
 9
27
47
30
 6
79
92
98
57
59
33
64
98
20
92
68
17
20
92
87
13
 9
56
12
 3
41
78
 9
62
 4
 4
93
52
44
61
 3
38
76
94
91
36
62
55
53
93
35
71
82
33
64
80
75
85
33
35
 1
24
39
55
21
35
57
58
98
28
 1
28
83
34
19
44
88
79
55
55
76
93
18
 8
63
40
66
 4
17
19
98
13
25
45
 8
 4
72
32
 4
29
83
95
99
25
20
22
99
45
47
80
37
 9
76
47
91
93
 3
36
 3
16
23
59
45
46
83
50
69
29
16
70
69
15
25
98
84
87
83
65
 2
11
 2
15
52
54
15
41
82
36
62
 8
91
32
25
85
