150
46
41
73
45
19
 2
68
78
 7
36
93
86
57
11
49
93
50
71
 7
32
10
29
15
49
64
39
70
34
69
39
67
 4
 4
29
75
18
45
51
58
48
40
50
97
49
68
91
27
99
20
87
30
31
88
30
28
17
95
87
98
49
48
37
45
63
48
 2
73
48
53
85
89
98
 4
43
64
46
25
89
92
19
19
 1
95
86
40
79
78
21
80
75
89
31
66
 7
30
18
70
69
11
86
71
 5
38
81
28
95
19
67
32
65
45
27
96
40
95
 3
27
71
62
39
64
53
71
72
14
53
92
21
78
78
25
89
93
92
27
 1
66
25
87
13
68
59
32
60
24
69
16
93
82
79
