150
68
 8
94
70
 6
43
71
11
18
66
14
48
 4
50
62
45
85
24
72
32
96
63
48
85
34
67
78
 9
88
97
19
75
17
 9
88
16
59
18
41
 5
73
72
67
44
70
41
74
81
38
 6
46
74
50
67
66
34
12
34
64
53
70
47
37
60
36
48
99
 2
16
98
52
98
51
33
80
67
25
50
89
58
38
35
96
12
35
20
78
66
55
62
86
33
10
47
42
64
54
24
17
31
49
40
15
40
88
11
51
 3
90
81
57
92
11
13
 4
84
 1
59
54
43
52
63
79
24
51
35
97
72
94
37
 6
86
77
56
59
 7
23
73
48
19
37
 6
54
34
78
47
15
23
41
78
