200
72
68
32
74
49
54
81
29
 2
72
36
52
44
85
25
37
96
 8
44
46
89
16
 6
69
 5
71
49
58
46
49
54
99
 2
73
27
23
22
35
 7
82
50
32
69
16
35
76
70
31
68
 5
98
 4
68
75
92
45
67
44
77
33
 5
22
 2
57
89
10
92
55
52
 9
44
29
22
 2
38
83
61
96
12
85
 8
43
85
 1
26
 6
48
79
43
92
32
87
69
52
47
99
55
99
44
 4
19
19
38
11
71
89
89
99
77
66
63
37
83
98
54
61
64
76
30
83
87
31
40
 3
64
38
67
83
14
71
65
85
46
66
58
 1
53
15
38
87
78
66
58
55
59
53
25
95
30
23
15
94
49
82
 7
46
63
41
58
94
76
64
17
 2
 5
15
89
 9
13
 8
72
58
11
35
54
46
94
 3
95
95
18
35
 3
90
75
82
 6
72
84
81
35
55
54
27
27
38
14
86
44
77
