200
36
76
46
 2
86
 8
68
87
41
60
 1
11
42
53
93
50
94
10
15
27
31
87
67
53
51
14
51
40
10
44
94
69
45
17
57
87
38
20
31
98
68
64
 4
23
68
43
72
 7
48
 1
13
29
94
82
29
13
96
89
77
68
15
96
82
 1
59
83
61
70
64
15
38
80
48
27
98
55
41
61
54
79
61
94
62
93
26
12
71
72
88
68
43
12
75
92
21
50
 9
58
92
26
15
10
20
28
70
43
73
16
15
27
62
82
63
77
84
36
53
71
86
44
70
 4
74
69
66
77
40
 1
24
29
57
12
91
77
26
67
28
18
91
96
86
17
37
67
79
43
66
56
48
14
81
73
81
53
67
24
12
61
92
70
31
96
32
70
41
54
25
62
 6
65
84
73
 3
67
42
15
35
95
75
40
31
55
89
40
54
86
92
46
78
10
53
 9
48
68
64
29
56
35
10
10
