250
93
39
49
30
43
 2
89
22
49
23
16
14
72
38
71
49
 4
57
44
90
58
13
86
71
82
42
60
29
69
29
11
98
40
59
75
33
90
26
54
27
 2
58
27
 5
55
78
50
68
96
82
21
38
69
42
39
 8
64
23
52
42
13
25
27
 7
57
17
14
15
41
 6
52
36
34
81
99
53
62
88
15
53
28
84
83
86
 9
91
14
15
16
55
97
66
96
73
60
26
69
30
90
78
67
98
82
26
91
34
75
 3
24
41
20
13
42
 9
67
 5
46
27
97
10
56
62
 2
67
 2
 6
 1
57
40
73
50
58
39
73
17
57
61
23
19
36
73
19
91
43
28
62
27
94
50
18
49
95
48
28
87
43
 8
58
 9
88
81
84
63
24
22
 9
96
77
82
 8
18
69
37
15
29
26
22
10
45
93
83
48
94
63
 2
93
 5
27
90
77
24
92
55
55
19
80
78
87
39
16
41
12
77
52
39
28
 1
21
 9
75
22
73
 9
 8
36
83
76
64
22
86
24
22
47
24
69
43
29
65
68
10
29
87
64
17
30
68
 2
72
52
79
19
45
81
38
82
99
45
13
76
97
