150
69
51
87
35
42
47
 6
12
82
47
41
15
25
39
96
67
61
97
60
28
91
60
51
 7
40
24
11
16
15
 6
28
42
50
51
76
51
 8
53
68
 5
92
71
73
99
35
94
16
26
 9
48
44
21
36
 2
 3
52
37
48
61
91
10
37
33
97
47
22
88
90
14
95
54
33
78
 5
55
94
27
79
18
13
49
82
98
34
15
27
19
46
63
62
10
76
77
60
29
89
 5
11
55
39
82
79
21
98
15
 6
94
59
90
99
70
95
59
41
76
84
65
12
55
92
78
65
34
 9
72
91
36
38
36
51
53
40
60
46
23
12
46
12
41
15
39
88
41
48
87
49
79
43
42
59
