250
91
84
 6
44
78
 8
23
12
51
29
27
45
87
31
75
91
 9
64
10
99
11
 5
64
26
88
18
69
69
40
63
 8
22
99
52
49
23
70
89
 3
25
87
 6
 8
71
14
25
18
64
79
64
93
39
74
12
56
41
 7
77
12
75
27
72
16
67
33
 1
71
97
74
27
35
23
47
91
29
76
98
52
24
53
61
25
 9
56
94
75
84
23
87
65
22
17
90
99
16
85
 8
58
64
70
62
79
15
95
26
70
 7
88
35
19
51
68
 7
65
69
80
55
23
43
69
13
13
88
 3
81
71
13
35
13
39
64
 1
29
42
31
47
91
18
 3
95
30
66
49
28
41
89
37
 4
61
16
21
86
36
28
47
99
71
44
 8
91
 6
36
58
10
88
45
73
89
85
84
27
44
20
68
70
57
58
86
21
74
39
50
 5
91
84
12
82
34
55
10
97
35
20
32
77
75
77
51
26
44
18
12
35
43
59
35
59
92
24
30
76
 1
36
59
77
 9
53
46
21
93
49
94
78
54
55
93
99
37
56
58
69
40
73
24
30
55
25
11
60
79
80
78
 4
53
22
 5
19
75
15
94
