200
88
 9
56
10
56
75
63
46
52
49
45
57
69
69
62
58
23
80
88
88
84
48
19
 1
97
64
78
98
77
72
96
42
58
81
84
47
86
97
 9
11
44
24
82
61
76
89
78
77
17
23
67
86
92
64
 7
67
93
10
66
76
93
78
22
25
88
25
19
18
80
49
 7
98
29
55
67
88
16
 7
32
79
62
11
17
62
13
99
58
62
51
42
91
41
37
28
41
57
59
90
77
33
73
 4
 9
30
16
81
49
64
91
74
44
81
79
50
90
24
 3
62
37
73
77
 7
92
59
90
48
37
73
38
39
54
94
42
94
89
58
15
56
53
92
60
 4
55
36
91
57
17
60
65
14
24
24
79
60
78
78
80
35
11
44
93
42
12
81
17
17
42
75
29
37
70
66
23
64
28
30
15
57
96
45
51
77
27
70
62
67
27
31
84
35
86
72
92
79
87
61
69
24
83
 6
