300
90
52
85
23
90
42
 7
44
15
74
62
 6
77
27
31
94
 4
 4
83
90
46
59
12
10
 6
28
20
73
72
82
26
49
34
14
34
60
65
21
34
30
71
 9
97
21
63
 4
23
60
62
67
83
 3
13
15
55
19
85
29
57
71
47
80
94
60
15
26
42
93
31
 4
28
72
79
24
91
52
15
23
62
57
92
16
24
 7
68
19
20
56
85
37
66
80
91
48
21
17
13
23
77
99
29
33
43
88
65
10
54
51
66
65
83
59
48
66
31
96
 4
64
97
32
58
68
69
19
36
68
22
35
56
 1
26
87
 5
56
 4
77
 8
13
14
94
44
19
94
25
28
93
54
 2
10
60
47
36
 5
 2
 7
32
 9
37
91
16
17
16
98
 5
95
34
 7
22
27
40
26
 5
72
83
70
96
80
32
64
83
74
19
 2
44
70
73
43
 5
32
56
91
43
15
82
25
30
36
34
22
92
92
61
64
29
76
69
61
 3
96
75
54
38
80
62
67
20
48
79
64
57
27
41
59
86
17
73
62
78
58
35
88
41
23
98
25
53
73
90
87
53
20
78
38
98
 9
25
19
 7
76
77
76
40
11
15
99
99
38
22
82
98
92
25
19
 4
77
42
28
97
78
78
43
45
36
53
51
30
36
48
 7
34
43
81
 9
42
97
 6
92
22
38
21
85
72
65
 2
98
 5
69
32
11
17
