250
72
76
19
 1
39
93
20
22
48
 2
20
77
64
69
59
24
13
89
25
89
23
70
35
18
90
 3
47
21
 4
10
74
35
49
68
31
45
58
 2
23
36
 4
43
73
63
 1
52
16
 7
27
 9
40
66
14
56
28
99
35
 3
57
42
24
68
16
 7
63
93
 2
19
71
82
50
69
28
89
70
46
70
58
28
33
83
80
45
17
51
97
80
29
54
28
37
17
96
32
65
 2
62
82
24
21
57
76
42
72
46
46
70
23
61
99
41
36
56
64
44
10
 9
41
22
97
45
64
 8
58
58
63
 5
48
44
22
 9
84
87
41
13
82
28
78
53
22
58
94
76
35
64
77
58
44
60
48
48
81
51
54
11
14
43
35
89
58
49
58
96
78
33
39
46
16
88
 9
24
 9
44
70
24
33
71
93
37
55
74
85
35
46
65
 3
12
62
82
30
45
23
70
96
40
 7
61
41
 2
76
94
21
 8
81
99
65
44
17
94
51
48
14
16
29
22
34
21
70
96
22
 3
42
71
24
41
 2
22
 4
38
30
 6
54
54
57
52
73
98
25
74
59
91
42
81
25
49
68
25
76
 6
82
