300
62
60
 2
29
65
58
72
86
10
10
70
36
48
64
66
41
11
40
33
61
50
27
22
44
73
27
22
88
13
59
22
 6
67
18
61
91
40
61
11
40
 4
54
54
17
59
52
17
10
71
11
30
96
66
39
45
19
85
78
 3
17
57
14
79
32
 8
95
 1
96
46
98
56
40
63
91
93
27
77
20
35
56
44
97
96
37
14
24
47
59
92
73
77
 1
26
31
44
60
76
79
34
78
58
25
22
21
59
85
71
99
85
84
41
 1
50
21
60
82
63
39
28
42
37
54
89
84
53
82
69
 2
17
17
95
 2
45
 5
91
 2
 8
60
89
97
69
75
24
43
55
56
66
67
86
55
57
29
12
26
 4
52
68
52
82
49
19
14
45
73
76
 8
24
87
73
98
75
20
 7
29
49
72
71
38
83
63
47
48
80
66
51
48
 5
18
 2
33
83
85
20
36
59
27
15
19
47
65
66
45
76
98
73
92
48
61
59
61
 3
74
 9
 5
11
83
42
47
 2
33
75
25
41
71
 3
 7
41
35
21
27
62
 8
43
98
60
 3
42
22
30
64
26
82
35
38
32
22
35
95
14
 3
26
81
14
40
96
57
98
10
14
 3
54
34
42
70
11
21
18
32
83
83
70
22
26
11
14
27
71
 4
13
 2
46
54
28
82
31
98
67
75
83
90
21
71
70
51
32
96
20
34
63
23
