150
 5
15
96
52
10
55
44
22
60
71
70
74
 8
82
49
68
16
55
68
33
45
75
97
25
15
20
67
 5
 6
68
28
16
58
46
95
82
44
61
37
82
38
16
15
54
81
54
47
66
73
27
82
10
70
34
70
46
24
37
 5
83
58
85
44
91
94
57
68
42
36
57
71
78
27
76
75
 8
76
47
36
20
82
14
51
12
47
34
14
45
 2
33
49
94
35
50
63
22
65
68
37
41
32
82
10
99
35
 2
71
46
28
20
17
 5
78
77
68
30
83
32
42
68
90
53
47
83
84
85
84
91
95
78
69
48
97
 8
11
44
41
28
73
41
99
66
82
12
72
63
76
15
 7
17
