250
63
58
61
45
 7
62
67
 7
61
11
74
51
72
46
79
56
21
 9
50
 8
59
81
83
33
80
 6
30
91
35
70
35
64
68
62
66
31
50
70
79
96
 7
63
80
45
20
14
52
94
82
71
97
16
 3
93
60
92
26
16
82
 2
71
63
59
69
65
17
51
89
51
88
12
68
68
60
82
77
69
27
37
58
79
88
 1
 2
73
51
43
15
40
53
61
98
52
11
54
63
90
81
13
 4
33
26
17
43
70
97
60
90
67
19
 5
10
98
74
93
41
14
90
95
83
45
24
29
65
97
28
49
29
81
24
19
42
62
47
69
69
38
84
59
11
 8
83
48
47
25
50
79
97
19
 8
 3
19
60
40
23
73
75
86
99
78
69
24
12
57
58
80
65
32
88
41
 5
51
33
76
81
 3
39
51
37
14
28
59
73
71
 5
23
48
76
99
22
80
61
83
67
 2
87
82
10
23
52
37
92
86
 7
27
 9
41
40
17
18
13
20
26
59
36
28
91
 8
84
11
30
25
90
60
51
51
74
54
45
81
84
82
96
75
71
57
27
52
85
60
35
 2
27
30
48
83
41
12
34
33
