200
25
70
74
38
74
73
23
75
36
61
19
42
47
62
23
83
41
94
62
20
97
69
11
51
90
73
31
71
56
99
70
 8
46
49
46
12
46
70
99
30
65
73
60
49
60
74
94
85
76
93
87
87
24
96
25
16
23
72
23
87
47
54
89
49
20
60
42
44
63
83
72
60
79
93
96
16
53
65
68
64
39
37
91
87
62
74
17
46
58
60
55
67
97
84
 2
28
21
55
88
26
21
99
60
78
16
84
11
68
22
23
57
52
 4
77
87
52
82
68
67
71
83
55
46
27
28
10
32
48
24
90
84
34
64
60
 7
34
 6
21
58
19
10
92
96
18
41
81
59
 2
 3
 3
82
57
78
84
88
72
 3
 8
27
43
94
35
 4
31
83
70
77
 6
82
84
65
60
 8
81
45
64
20
19
65
38
86
61
85
 2
25
86
43
87
37
11
55
81
 2
67
86
62
16
92
57
11
