200
85
10
34
 5
23
48
52
72
47
70
64
14
46
41
40
80
 8
 7
32
68
55
52
20
 5
48
90
 3
13
97
91
20
90
20
45
33
93
54
51
58
94
96
41
73
83
68
23
89
79
77
43
35
41
59
64
11
32
 3
75
66
15
20
88
86
47
52
57
 4
71
12
 2
42
24
17
34
11
84
34
74
45
 9
78
82
12
31
93
51
85
85
60
31
 6
54
51
94
28
80
78
28
71
41
63
69
70
30
69
45
59
52
 9
67
70
65
 9
14
74
81
98
63
71
52
27
 7
34
60
81
12
14
48
93
51
30
85
27
82
33
20
 7
83
71
 6
 9
31
46
75
61
36
 4
22
64
 6
19
56
 5
68
39
44
47
 1
37
47
86
30
49
79
61
29
42
34
82
66
66
51
94
56
77
 1
24
54
53
63
28
49
 3
57
97
84
80
 4
36
80
13
 5
47
74
68
76
78
56
30
48
