150
51
85
51
98
26
99
54
77
58
69
 1
 5
87
18
55
30
86
 5
47
88
 6
34
33
67
83
84
86
65
25
64
27
31
88
28
60
98
68
53
21
92
73
40
89
10
43
99
81
83
76
 9
90
11
11
17
62
49
33
33
89
84
60
33
12
47
76
86
 8
 1
54
31
56
78
43
31
54
70
76
18
81
62
56
57
87
29
65
41
91
46
97
61
76
73
20
37
63
46
69
72
47
21
12
17
85
37
42
95
12
15
75
90
78
71
90
22
88
61
84
36
18
37
12
41
13
15
27
86
30
59
47
25
29
80
46
77
78
27
67
23
72
82
94
20
44
68
67
13
42
40
58
 8
