200
29
53
89
28
15
59
20
65
74
95
76
67
63
41
44
54
20
 4
59
89
30
86
 1
 4
11
49
99
48
48
47
98
17
32
60
48
21
 2
 5
80
84
55
14
30
40
50
99
58
79
41
81
32
54
49
85
37
81
63
 7
61
28
40
30
23
52
91
19
 4
74
48
45
27
35
77
85
67
37
54
57
40
 7
32
 5
 9
97
60
24
17
50
67
32
51
28
41
69
34
73
58
42
87
71
79
80
32
71
62
40
73
74
96
17
55
15
45
91
 6
47
62
78
77
80
88
 7
92
58
98
96
 8
24
84
55
 1
79
68
71
90
79
16
16
 5
53
49
40
92
 8
27
70
12
10
98
91
73
77
85
27
79
13
 7
 3
45
77
17
91
20
51
33
37
24
81
50
62
94
59
30
49
65
32
27
80
86
80
63
59
83
80
15
96
77
69
 8
40
66
47
99
92
90
23
38
55
69
35
