250
83
70
41
49
60
81
20
55
70
 7
94
55
12
41
47
23
27
36
41
85
49
95
 3
95
80
82
 3
22
11
87
21
 3
43
 6
20
65
21
77
 9
51
38
 9
51
54
17
71
76
10
29
71
50
32
65
79
66
51
18
36
29
45
64
10
59
11
49
19
18
78
30
 3
76
99
84
58
 7
32
68
 4
61
41
78
15
69
33
49
74
54
57
29
90
84
82
47
30
56
83
31
97
39
48
87
35
70
30
 2
61
21
81
67
19
41
66
 4
61
93
87
73
35
77
59
53
 3
70
19
80
55
65
39
13
42
62
16
40
10
61
 5
74
32
26
78
58
52
79
68
29
13
83
81
58
76
67
36
26
44
52
22
33
51
62
25
18
62
37
 9
80
18
43
20
86
93
26
83
34
 1
64
66
73
85
77
83
72
72
76
 4
80
88
73
46
23
46
42
29
62
73
82
40
51
16
31
 7
19
77
 1
41
34
19
 1
12
55
99
80
49
27
55
81
 9
44
28
44
28
13
24
25
69
66
 5
92
 5
38
14
59
33
51
27
95
82
46
23
21
93
89
88
71
14
85
19
79
36
43
58
