250
 2
30
41
57
85
24
20
31
57
71
55
68
83
85
35
78
71
86
11
 6
27
74
80
30
56
57
74
36
25
25
31
28
20
80
 1
53
49
90
55
 9
14
 2
44
22
79
77
77
27
87
74
69
76
42
42
32
 3
 9
62
44
34
40
 1
91
24
96
85
10
66
61
99
94
72
17
93
56
89
83
 2
53
95
86
79
75
10
61
27
50
 8
51
37
98
93
 6
21
32
36
55
49
30
81
42
65
71
 1
 1
14
61
36
65
24
36
36
91
11
76
33
78
24
30
43
66
 4
45
75
15
83
37
81
17
83
98
70
59
63
39
 7
97
41
99
20
42
70
22
34
21
85
95
56
30
86
84
40
35
95
60
25
 7
42
17
16
98
12
22
85
26
26
71
42
38
63
83
73
75
27
32
 7
89
31
24
78
 8
27
51
63
34
54
90
70
67
13
97
24
15
66
78
65
 4
44
66
87
47
77
97
21
77
38
 3
11
12
85
28
77
44
18
87
16
39
31
59
27
30
71
32
27
76
88
21
31
99
70
45
59
47
89
98
67
 4
 9
99
34
96
93
44
18
20
89
74
29
22
87
