300
38
66
71
91
74
92
82
81
23
19
 8
40
40
31
78
26
22
63
71
37
48
 8
46
28
 6
98
94
94
40
66
52
92
67
64
27
63
87
50
13
57
14
38
44
91
85
 8
46
46
57
64
49
46
39
56
16
28
92
35
56
37
32
66
62
39
59
87
63
17
78
92
15
29
95
61
15
86
79
31
96
45
73
74
47
55
41
32
24
65
26
48
25
36
 9
38
73
50
62
67
66
72
63
54
59
50
67
73
48
12
20
74
82
40
92
 3
12
 3
16
25
74
90
28
51
42
50
70
58
23
86
71
92
40
86
50
82
92
70
74
16
93
93
 9
23
30
33
82
17
11
61
24
31
50
41
67
15
65
73
14
16
21
89
29
11
16
47
47
26
29
13
 5
89
22
95
36
69
31
12
60
48
32
36
19
60
 1
36
57
70
78
33
30
 8
51
90
23
33
44
77
59
51
57
91
 1
55
28
10
94
17
58
46
87
83
88
68
53
28
51
79
59
 7
85
90
 9
42
64
 3
90
23
94
37
87
26
35
 4
44
32
25
66
71
74
49
89
72
69
14
34
79
63
95
61
84
75
14
42
35
36
90
22
14
12
63
17
28
35
93
30
69
 1
52
28
50
65
15
85
72
12
62
41
41
99
 2
54
84
84
11
19
94
13
25
30
22
82
66
44
77
66
39
35
52
98
67
92
